2.76482 0.225018 -0.203287 -0.713033 -0.145993 -0.0464762 0.369233 -0.0828703 -0.0279578 -1.17952 -0.525929 0.241991 -0.251012 1.11988 0.343537 -0.00333464 -0.825704 0.64395 0.696006 0.266344 0.93859 0.108925 -0.165338 -0.145382 -0.456573 0.799793 -0.607031 -0.329929 0.694991 -0.583451 -0.590829 0.0996205 -0.131414 0.313954 -0.0925635 0.0550746 -0.668686 -0.194476 0.479543 -0.232887 -0.921626 -0.967946 -0.53501 0.171061 0.471092 0.0759515 0.886545 -0.443303 -0.193835 -0.452623 0.514314 -0.838054 -0.693799 -0.374757 0.656035 0.457514 0.32262 0.141435 1.01265 0.373406 -0.747527 0.260529 -0.111534 0.733274 0.271356 -0.0320436 0.252096 -0.252329 0.177835 0.193301 -0.257196 -0.375824 0.420238 -0.0809573 0.125252 0.0785088 0.299635 -0.301848 0.142701 -0.671406 -1.12765 0.586653 0.135957 -0.0428076 0.10095 1.00084 0.801625 -0.706181 -0.608663 0.0686098 0.00411176 -0.168203 -0.496434 0.187415 0.268092 0.847666 -0.295066 0.23948 0.502068 0.338024 
0.256686 2.3765 -0.910225 -0.500349 0.132685 0.684577 -0.306987 -0.234843 -0.431369 -0.726427 1.56814 0.176368 -0.214456 0.403527 -0.931149 -0.549718 0.261224 0.152292 -0.102413 -0.474213 0.199188 -0.0739502 0.319506 0.321432 0.149189 -0.380992 0.0893653 0.0614647 -0.522769 -1.23148 0.177796 -0.804385 -0.164753 -0.0363538 0.514549 -0.133637 -0.507793 0.0803555 0.564487 -0.727738 0.011225 -0.211907 -0.153855 -0.167425 -0.0807859 0.290833 0.657135 0.146931 0.472367 -0.228343 -0.61648 -0.868277 0.279822 -0.129434 0.476309 0.282083 -0.456111 -0.122481 -0.136691 0.17031 0.389389 0.64537 0.502724 -0.30804 0.11144 -0.0332339 0.287859 0.908435 0.21885 -1.24274 0.352632 0.140144 0.248785 0.0878654 0.228716 0.0224592 -0.0754763 0.222516 0.733562 -0.0543172 0.042146 -0.359806 0.48969 0.111048 -0.0239393 0.291008 -0.162237 0.0648817 0.124501 0.405637 0.454431 0.931564 0.657441 -0.0209192 0.284707 -0.183409 0.723826 0.31355 1.09864 -0.221672 
-0.213691 -0.952297 2.6686 -0.584552 -0.239959 0.253048 -0.396405 0.636212 0.330349 1.24703 -0.463742 0.0976922 -0.161969 0.123238 2.08672 0.395755 -0.011069 0.126157 0.286157 -0.339553 0.119905 0.290819 -0.221407 0.265296 0.426211 -0.194437 0.240213 0.230615 0.275984 1.0769 -0.934293 -0.159062 0.432274 -0.41964 0.22096 -0.395101 0.0933967 0.232865 -0.315183 0.263176 0.0648681 -0.013357 -0.351961 -0.34448 -0.334391 -0.513666 -0.462762 0.17896 0.527954 0.211916 0.484559 -0.290075 -0.927355 -0.590944 -0.494956 -0.0884719 0.231446 0.317351 -0.0989187 -0.057359 0.253639 0.394185 0.271504 -0.737312 -0.636942 0.376819 0.336187 -0.231949 -0.329423 0.139417 0.628863 0.324972 -0.204958 -0.226526 0.545751 0.0596779 -0.548056 0.0742734 0.10642 -0.107809 -0.157021 -0.514723 0.42247 0.131587 0.81054 -0.239168 0.403199 -0.705726 -0.049636 0.557449 -0.0402319 0.320658 -0.490228 0.232844 -0.619405 0.282258 -0.263465 -0.917437 -1.58333 0.404442 
-0.719899 -0.538884 -0.581014 2.56658 0.217505 -0.992669 0.148314 -0.451671 0.955468 0.102903 -0.217313 -0.10496 -0.234211 -0.267651 -0.689161 -0.0489714 -0.144555 -1.13302 0.112735 -0.168219 -0.21194 0.151251 -0.11941 -0.703304 -0.531124 0.358526 0.456824 0.499133 0.268902 0.344302 0.546824 -0.0388119 0.50911 -0.117836 -0.551095 0.253471 0.199676 0.394962 0.0669462 0.302068 0.534041 1.18886 0.263405 0.602276 0.0659254 0.33075 -0.795001 0.768409 -0.573523 0.156214 -0.369116 0.228296 -0.0643607 0.40421 0.551036 -0.451545 0.0580853 -0.196282 0.00563885 -0.635004 0.288049 -0.0653059 0.290198 -0.170045 0.0940592 0.0226875 0.516216 0.534509 0.0405463 0.408866 -0.365743 -0.614331 -0.314482 0.118115 0.153809 0.918578 0.466676 -0.238534 0.103732 -0.0601099 0.314964 0.836458 0.179914 -0.724287 0.637695 -0.82403 -0.129181 0.41147 -0.460228 0.106279 -0.0799225 -0.900651 0.0648378 -0.182041 0.260665 -0.598005 -1.0199 1.48706 0.00283635 -0.780386 
-0.131855 0.115155 -0.215418 0.238509 1.8765 0.175281 0.130268 -0.346504 -0.195252 0.00608444 -0.556568 -0.253921 -0.187823 0.0851753 -0.335237 -0.0114821 -0.456149 -0.522298 -0.103164 -0.490152 0.338493 0.380747 0.750318 -0.304967 -0.0691339 0.063234 0.971576 -0.192584 -0.616469 0.173264 0.354654 0.132664 0.917375 0.450126 -0.688931 0.356309 -0.591667 0.179599 -0.140546 0.263946 0.339056 0.0957545 0.251182 0.54807 0.210221 0.0473712 0.381836 -0.298655 0.0342509 0.242125 0.19083 0.140851 0.707472 -0.109681 0.347683 -0.655824 -0.233831 0.0674219 0.449817 0.561855 -0.776211 -1.08911 -0.175907 -0.0400656 0.0748083 0.465395 0.585092 -0.0120064 1.09545 -0.557282 -0.073525 0.13047 0.396414 -0.473291 -0.0629991 -0.736259 -0.749097 0.566309 -0.676841 0.126602 0.401047 -0.337055 0.53891 0.393674 0.600463 0.269885 -0.122601 -0.139155 0.357493 0.321166 0.0345063 -0.421179 0.130952 0.962289 -0.297167 -0.531413 0.476673 -0.0787922 0.0349257 -0.685989 
-0.0377238 0.661662 0.272204 -0.97705 0.169896 2.02958 -0.0791885 -0.186459 -0.409006 0.372353 0.432326 0.077655 -0.278383 -0.0722332 0.136668 -0.416741 0.130493 0.849587 -0.0327955 0.420493 -0.29328 -0.275872 0.452892 -0.0604852 0.874336 -0.643676 -0.75921 -0.804324 0.258828 0.401969 -0.0691873 -0.224466 -0.355378 0.23505 -0.138661 0.142673 -0.239709 0.171897 -0.455407 -0.444709 0.339656 0.0989629 -0.134396 -0.309153 -0.514992 0.530271 0.560517 -0.231762 0.825386 0.619281 0.798447 -0.409835 0.211432 0.0418451 0.48964 0.458229 0.055956 -0.680827 -0.347106 1.17054 -0.0470395 0.369485 -0.122649 0.0239135 -1.2935 0.0133021 -0.292717 0.139787 0.391496 -0.215826 0.19067 0.654429 0.275445 0.342228 0.630183 -0.10995 0.157124 0.193378 -0.354818 -0.263441 -0.433403 -1.23541 -0.0447605 0.443067 0.278639 0.34012 -0.00124614 0.379335 0.576979 0.0052822 -0.267396 0.175718 0.46815 -0.177925 -0.446795 -0.4003 0.117051 -0.347992 0.33622 -0.600486 
0.345123 -0.362766 -0.410112 0.13107 0.0920203 -0.112052 2.50415 -0.888061 0.291429 -0.278514 -0.72674 -0.162859 0.792185 -0.414754 -0.579123 0.0362084 0.0789459 0.425045 0.212337 0.0851801 0.222143 -0.49409 0.0105226 0.0852107 -0.824969 1.18584 -0.0510265 -0.327941 0.163248 -0.0480471 -0.431395 -0.174781 0.26321 -0.593735 0.294701 1.58627 0.541726 -0.516911 -0.140297 0.481528 0.212279 -0.00752451 0.636468 0.0162506 -0.0665548 -0.0935733 -0.109108 -0.142169 -0.327384 -0.480076 0.700472 -0.0225097 -0.274793 -0.667441 0.329844 -0.175479 -0.503314 0.429327 -0.131211 0.345535 -0.460903 0.167742 -0.986735 -0.365675 -0.254701 -0.411541 -0.282882 0.42666 0.508587 0.493056 0.139944 -1.16301 0.431794 0.640752 -0.536466 0.153905 0.768052 0.472718 0.266654 0.388615 0.483501 -0.908405 0.827937 0.0536166 -0.0383233 0.327293 0.211962 0.237389 0.106089 -1.43943 -0.387428 -0.0687109 -0.559377 0.0746004 -0.185824 -0.359269 -0.372565 -0.48104 0.42771 0.663483 
-0.111218 -0.294859 0.618269 -0.473152 -0.388989 -0.223559 -0.892298 2.67797 -0.0348646 0.0970122 0.121223 -0.680305 -0.202837 -0.00755622 0.037436 0.574253 0.653494 0.27112 -0.113025 -0.258009 0.176863 0.52589 -1.38656 -0.57418 0.00882635 -0.207644 -0.126357 0.456392 -0.0936814 0.795443 -0.333336 0.551159 -0.547015 0.895267 0.387995 -0.294392 0.476696 -0.0613227 0.711983 -0.989731 -0.506285 -0.153386 -0.0906927 0.179807 -0.415728 -0.649075 -0.481101 -0.145921 0.216251 -0.0652858 -0.0948187 0.618833 0.331091 0.51814 0.0241361 -0.162371 -0.343426 0.170414 -0.0542173 -0.0924187 -0.387588 0.267624 0.506284 0.321371 -0.00873498 0.938482 0.296527 0.878489 0.223409 -0.0700316 -0.259738 0.981757 -1.14204 -0.131337 -0.514823 -0.796105 -0.332597 -0.265954 -0.394637 -0.393725 0.0920271 0.880379 -0.599062 0.11813 -0.0589226 -0.0904816 0.291387 -1.09366 0.278606 -0.0519391 -0.16139 0.507702 0.874628 -0.676709 -0.647006 0.594742 -0.280558 -0.554191 -0.318598 1.17697 
-0.0346794 -0.469758 0.334032 0.955613 -0.216111 -0.42448 0.308819 -0.0132384 2.23796 0.416864 0.226043 0.194359 -0.0363828 0.388473 0.631559 1.02033 -0.308016 -0.723383 -0.468027 0.120961 0.277902 0.349903 0.393884 0.182637 -0.224749 0.364906 -0.0791098 0.179823 -0.357703 0.462448 -0.702273 -0.21687 -0.115895 -0.684155 -0.564702 0.170167 -0.248823 -0.400584 0.698568 -0.336246 -0.324758 0.909187 0.0153946 0.469037 -0.483321 -0.156411 -0.443599 0.648677 -0.00964766 -0.7324 0.34372 0.648899 0.505416 0.537111 0.994213 0.182284 -0.714251 -0.412035 -0.486389 -0.12771 -0.0662993 0.56168 0.636028 -0.370564 0.3448 -0.426307 -0.510217 -0.379418 -0.125911 -0.283252 0.444601 -0.548164 0.535927 -0.359319 0.656503 0.0139174 0.521728 0.15046 0.0551634 -0.265741 -0.100016 0.543167 -0.0183946 -0.103317 0.753699 -0.554498 0.197085 0.471715 -0.700873 -0.598181 -0.340119 -0.283845 -0.47474 -0.0771348 0.0181437 0.135505 -1.55929 -0.0191825 -0.0765922 0.255434 
-1.18147 -0.760052 1.25548 0.107812 -0.0100102 0.361643 -0.256361 0.123403 0.421628 2.30879 0.438726 0.147713 0.698461 -0.184969 1.34912 0.23471 -0.253542 -0.348771 0.0392503 -0.273902 0.5849 0.29445 -0.301443 0.23679 0.186592 -0.616152 -0.178075 0.00599369 0.033639 0.406964 -0.189726 0.814145 -0.116879 0.0101201 -0.464425 0.152581 -0.198944 -0.0941866 -0.520074 0.791484 0.469467 0.562741 0.390505 0.167446 -0.521382 -0.0887206 -0.826203 0.843417 0.357171 0.519957 -0.00585746 0.74348 0.257127 0.0104426 -0.270243 0.0164807 -0.113118 0.0786812 -0.487883 0.0822953 0.146178 0.0215597 -0.0413113 -0.954149 -0.751857 0.136933 -0.187778 0.201221 -0.417579 0.563715 0.421294 -0.234807 0.374218 -0.245358 -0.279109 0.437939 -0.284344 0.459496 -0.00870928 0.0277051 -0.7796 -0.607438 -0.970458 0.333811 -0.279524 -0.96851 -0.0897419 0.367096 0.735575 0.278366 -0.224773 0.261274 0.0206495 0.297479 -0.54112 -0.0391496 0.401347 -0.429572 -0.569533 -0.638562 
-0.551516 1.51088 -0.478924 -0.236032 -0.596292 0.397987 -0.728216 0.123984 0.207178 0.415097 3.2174 -0.454176 0.168919 -0.127062 -0.398422 0.23908 0.627654 -0.149333 -0.851427 0.403647 0.783136 0.288338 -0.377133 0.443331 -0.230436 -0.0506383 -0.141287 -0.394763 -0.490061 -1.00561 0.0182402 -0.296772 -0.643277 -0.12139 0.494379 -0.580813 -0.223822 -0.38375 -0.17107 -0.668054 0.365789 -0.116696 -0.333208 0.148696 -0.219672 0.387616 -0.251947 0.585612 0.231477 -0.201354 -0.63126 -0.473069 0.0397685 0.957639 0.00527757 1.01388 -0.190877 0.521192 -0.787734 0.641862 0.819042 1.05793 0.748801 -0.21323 0.43634 0.185085 -0.0640785 1.03775 -0.0968152 -0.851936 0.121043 -0.511809 0.663444 0.0529912 0.2399 0.17616 -0.186894 -0.127065 -0.653782 -0.0521387 -0.922231 0.119318 -0.205563 -0.0308491 -0.197243 -1.47882 -0.848456 0.4139 -0.251119 0.0283598 0.277633 1.33245 -0.283572 -0.438908 0.25323 -0.197563 0.702167 -0.216409 0.112433 -0.810283 
0.273227 0.175936 0.139332 -0.0668582 -0.236824 0.100138 -0.107513 -0.620722 0.232316 0.180905 -0.397355 1.42639 0.610685 0.535746 0.623403 -0.182373 0.00272664 -0.329027 -0.10983 -0.194121 -0.214843 0.241993 0.87161 0.565402 0.639145 -0.291004 -0.463246 0.633602 0.0843258 -0.0182336 0.114164 -0.150804 -0.342512 -0.256539 -0.0593653 0.259729 -0.153135 -0.0640147 0.233844 0.752217 -0.261553 0.2286 -0.0300687 -0.618568 0.401504 0.0432217 0.215214 0.0866944 0.239193 -0.0638921 -0.160735 0.183345 0.039892 -0.478879 -0.0895601 0.30428 0.654038 -0.468083 0.1193 -0.368582 0.331419 -0.141396 -0.112546 -0.209318 0.0191462 -0.989226 -0.254163 -0.669717 -0.961704 0.0155329 -0.10163 0.493529 0.697817 0.286023 0.123589 0.386137 -0.0767907 -0.29076 0.840008 -0.167838 -0.0108248 0.140456 0.060344 0.171119 -0.194349 0.301153 0.154951 0.0399009 -0.501044 0.197639 -0.377209 0.143028 0.657396 0.718647 -0.173582 0.454297 -0.134373 0.494557 0.746639 -0.0173982 
-0.28399 -0.279102 -0.184543 -0.260323 -0.234939 -0.320114 0.783317 -0.207468 -0.0626397 0.66744 0.161527 0.546472 2.25596 -0.533153 -0.10515 0.558754 0.0829353 -0.299263 -0.73335 -0.633508 0.909382 0.0393236 -0.342274 0.519809 0.125859 0.0463347 -0.334271 0.497725 0.0432434 0.0612182 0.259268 0.710364 -0.531514 -0.444755 -0.493629 1.37716 0.227154 -0.00660588 -0.509482 0.425802 -0.189155 -0.631382 0.417436 -0.128244 -0.295243 -0.490004 0.0104672 0.615812 0.160907 -0.0943307 -0.168376 0.509851 -0.39281 -0.756645 -0.411182 0.298485 -0.176023 0.55782 -0.926832 -0.155268 0.00453009 -0.329412 -0.992838 -0.000778462 0.0157192 -0.283753 -0.302354 -0.204634 -0.382828 0.375939 -0.67493 0.292508 1.13874 0.450038 -0.774894 -0.104867 -0.601315 -0.483935 0.234285 0.674321 -0.135911 0.0724589 0.111123 0.14336 -0.761307 -0.482715 0.144748 0.0112823 -0.0981267 -1.08883 0.0473902 0.81059 -0.0665138 0.218104 -0.275309 0.551451 0.494781 0.339053 0.758906 -0.0163743 
1.14961 0.401589 0.163373 -0.231054 0.100768 -0.0512556 -0.360914 0.0505216 0.424925 -0.153282 -0.0717458 0.53424 -0.470444 1.51636 0.718935 0.194547 -0.277158 -0.129072 0.352813 -0.0595869 0.643472 0.476872 0.586494 0.17871 -0.300271 -0.276424 -0.588055 0.331283 0.0578735 -0.246708 -0.194298 -0.388825 0.376546 0.108328 0.225354 -0.244524 -0.323572 -0.156978 1.13826 -0.125928 -0.279102 -0.0219398 -0.0324856 -0.733861 0.0397973 0.329566 0.242711 -0.0584213 -0.185921 -0.332661 0.0818183 -0.291305 0.295522 0.323275 0.556194 -0.471293 -0.0244914 0.0151975 0.697631 0.174733 -0.0880402 -0.174192 0.821392 0.387075 0.24606 -0.311952 0.362436 -0.041921 -0.542083 -0.0714936 0.120834 -0.238793 0.372167 -0.660486 -0.0950354 -0.00230126 0.149212 0.422676 0.55073 -0.156496 -0.995211 0.209905 -0.556378 0.242251 -0.0596722 0.510843 0.37541 -0.564647 -0.496829 0.509641 -0.154482 -0.29074 0.1534 0.694192 0.205626 0.283098 -0.119111 -0.227241 0.246896 -0.0696676 
0.340731 -0.965623 2.09432 -0.6851 -0.35218 0.12511 -0.557818 0.0629781 0.635474 1.34827 -0.375642 0.589362 -0.0749777 0.686399 2.70982 0.404178 -0.612637 0.252337 0.0154847 0.340287 0.255619 0.320897 0.188355 0.333166 0.011109 -0.303634 -0.148252 0.379251 0.44496 0.124857 -1.32313 0.234876 -0.116328 -0.564575 -0.292173 -0.647697 -0.280349 -0.20154 0.13978 0.804329 -0.209869 0.160674 -0.222993 -0.217501 0.151278 -0.00385956 -0.404042 0.0723065 0.301602 0.0334053 0.455401 0.240983 -0.503655 -0.0842715 -0.624203 0.489194 0.165215 -0.129044 -0.060857 -0.351854 0.259004 -0.272366 0.471902 -0.510638 0.0219354 -0.114166 0.206664 -0.877779 -0.555129 0.284204 0.341537 0.224559 0.440749 -0.260238 0.392354 0.0641771 -0.226228 0.592571 0.261854 -0.308553 -0.863929 -0.451327 -0.465739 -0.223443 0.383819 0.253724 0.508737 -0.0841621 0.0286531 0.752629 -0.250082 0.186267 -0.679069 0.49625 -0.193402 0.722053 0.0610547 -0.861781 -1.15172 -0.103894 
0.0132248 -0.564826 0.422719 -0.0255453 -0.00905986 -0.408934 0.0768786 0.619161 1.04361 0.253226 0.281225 -0.197048 0.608292 0.181377 0.423544 1.88972 0.375737 0.0939173 -0.561839 0.527602 0.597229 0.404604 -0.0991397 0.820839 0.0353541 0.188548 -0.215726 0.285375 0.22857 1.08875 0.298715 0.0320694 0.595471 -0.343198 0.0136798 0.327631 0.0905324 -0.0131568 0.496278 -0.893947 -0.523355 -0.357436 0.408799 0.339882 -0.502185 -0.408806 0.0960567 0.117447 -0.178188 -0.506609 0.52513 0.401557 0.236743 0.596181 -0.0581447 -0.275941 -0.82132 0.583369 -0.560358 -0.177686 -0.0885934 0.0450352 -0.00230192 0.358297 0.60955 0.371612 -0.166023 -1.00201 0.448766 -0.219822 -0.29265 -0.0216507 0.267777 -0.563172 0.240782 -0.906671 -0.121126 -0.330293 -0.326755 0.495644 -0.155749 0.321117 -0.449184 -0.241287 0.0870856 -0.776913 0.0647051 0.283875 -0.579611 -0.667796 0.471464 0.220509 -0.599972 0.370767 0.236451 0.460486 -0.290227 -0.271107 -0.282949 0.12111 
-0.834812 0.220449 -0.00977214 -0.146795 -0.479394 0.112633 0.0939493 0.672734 -0.310402 -0.260692 0.644133 -0.0376159 0.106806 -0.315995 -0.618939 0.35007 2.056 0.496355 -0.450877 0.505923 -0.650161 0.92848 -0.0136038 0.0220953 0.181369 0.0409096 -0.167973 0.55042 0.311761 0.679922 0.3816 -0.695611 -0.142418 -0.055837 1.60747 0.0874402 1.01822 -0.114957 0.115377 -0.255503 0.278678 0.0380295 0.307252 -0.954648 0.340871 0.271949 -0.0114745 -1.00853 0.0379968 -0.222664 0.261207 0.185725 0.207845 0.219154 -0.523473 -0.199972 -0.0441078 0.723711 0.20041 -0.135271 0.350381 0.506543 -0.0992387 -0.0630068 -0.215778 -0.250568 -0.177153 0.623192 -0.0998675 -0.326279 -0.348731 0.352031 -0.322364 0.576824 0.0340533 -0.286176 -0.125162 -0.533867 -0.137769 0.714629 0.486712 -0.153965 0.0133586 0.0350345 -0.182033 -1.10104 -0.893456 -0.0693348 -0.787423 -0.410177 -0.343169 0.263766 0.662275 -0.0840944 -0.282009 -0.409247 0.00475732 -0.271903 -0.172429 0.396308 
0.661008 0.137682 0.153619 -1.1091 -0.519378 0.857892 0.466213 0.316526 -0.699604 -0.329757 -0.106689 -0.343205 -0.249227 -0.141745 0.2722 0.0944151 0.522519 2.06376 0.38073 1.07206 -0.426995 -0.281495 -0.467003 -0.209768 -0.121582 0.057533 -0.445572 -0.15371 1.12844 -0.0309685 -0.493526 0.0985647 -0.399088 0.0378166 0.730305 -0.108401 0.330899 0.0611196 0.102596 -0.303848 -0.300593 -0.426854 0.307059 -0.045735 0.237776 0.527804 0.873169 -0.878626 0.532064 0.0346611 0.731769 0.014855 -0.236004 0.0258683 -0.615657 0.431738 -0.625697 0.158423 0.172569 -0.0973343 -0.203055 0.408022 -0.556426 0.0454843 -0.436091 0.309961 -0.215391 -0.103973 0.877948 0.148399 -0.0518264 0.261225 -0.583465 0.463613 0.27463 -0.1557 0.711709 0.215029 0.170252 0.407401 -0.236593 -0.93123 -0.447578 -0.545052 -0.354228 0.613504 0.00862574 0.610142 0.561613 -0.0471024 0.306832 0.0804423 -0.364565 -0.645336 0.335274 0.342654 0.504831 -0.292223 -0.219908 0.39121 
0.705974 -0.124112 0.306529 0.12957 -0.107333 -0.0315796 0.246416 -0.0747085 -0.451337 0.0511759 -0.815872 -0.131097 -0.690403 0.333051 0.0282587 -0.56843 -0.431801 0.373641 1.96032 -0.0812709 0.0445434 -0.234869 -0.481441 0.137865 0.251392 0.185299 0.0633876 -0.329633 0.583619 -0.176898 0.472966 0.412288 0.717888 0.420359 0.525645 -0.283061 -0.154513 0.0974176 -0.0755936 0.11189 0.248827 -0.351112 0.17158 0.499184 -0.146591 -0.373272 0.0394297 -0.127599 -0.442292 0.615344 0.099987 -0.589888 -0.21188 -0.60591 0.393825 -0.570624 0.290646 0.00992653 1.10654 -0.320391 -0.439148 0.722515 -0.0456731 -0.365059 -0.644902 0.211081 -0.207497 0.238331 -0.198531 0.653532 1.17065 -1.08016 -0.82436 -0.252603 -0.162735 0.830626 0.378349 -0.1256 0.820296 -0.26873 -0.231088 -0.113013 -0.50717 0.594747 -0.533615 0.180476 0.472394 -0.166959 0.4307 0.765434 0.45519 -0.695681 0.149702 -0.12607 0.3709 -0.326305 -0.0689542 0.209507 -0.120687 0.575489 
0.255944 -0.516281 -0.339549 -0.171752 -0.51469 0.40134 0.0988905 -0.240062 0.117283 -0.282345 0.418833 -0.235756 -0.61093 -0.0997171 0.332692 0.500642 0.50463 1.0446 -0.10164 2.71712 -0.84773 -0.2069 0.0849855 0.463883 -0.0369384 0.638578 -0.53525 -0.27772 1.06286 -0.0160544 0.181921 0.0839482 0.0147618 -0.287967 0.466042 -0.557855 0.557291 -0.950069 0.00429861 -0.119591 0.443268 -0.115487 0.233477 0.666429 0.40849 0.320601 -0.466068 -1.26963 -0.872359 0.486641 0.979706 -0.0140175 0.0190145 1.46528 -0.441919 0.988174 0.523508 -0.477595 -0.164474 0.0102228 0.21841 -0.233023 0.208574 0.581278 0.631762 -0.105791 -0.215158 -0.960169 0.457285 0.132719 -0.193453 -0.406478 0.0100245 0.825079 0.3232 -0.348097 0.61375 -0.166678 -0.996902 -0.57873 -0.371838 -0.378028 -0.827298 -0.50076 -0.263848 -0.136318 -0.0841847 1.02165 -0.283897 0.035781 -0.15503 -0.0828706 -0.206762 -0.0154245 0.550147 -0.291637 -0.152311 -0.560385 -0.0926558 -0.387158 
0.918237 0.147168 0.109956 -0.225426 0.304003 -0.322385 0.225901 0.184858 0.264271 0.566504 0.78837 -0.266431 0.922008 0.593389 0.238071 0.560317 -0.661406 -0.464405 0.0142223 -0.857682 2.13818 0.546241 -0.57307 -0.0568731 -0.684789 0.181919 -0.184252 -0.144167 -0.124467 -0.450197 -0.23983 0.595385 0.0916976 0.12539 -0.519677 0.582638 -0.554183 0.0264392 0.0043397 -0.197071 -0.147234 -0.79684 -0.0174939 0.107141 -0.485265 -0.128833 0.141712 0.746615 -0.0627146 -0.239287 -0.0462061 -0.280005 -0.328768 -0.266825 0.608306 -0.170693 -0.498402 1.00597 0.0370475 0.656261 -0.533754 0.0396585 0.0739756 0.272405 0.0139885 0.429443 0.348163 0.693436 -0.0437474 0.189575 -0.135875 -0.693753 1.08502 -0.65258 -0.603283 -0.0314674 -0.601661 0.099931 -0.178726 0.300293 -1.49012 0.386035 -0.231192 0.453093 -0.22978 -0.555646 0.31712 -0.723706 -0.196343 -0.306964 0.232005 0.309672 -0.721142 0.224405 -0.0141952 0.323788 0.428364 -0.0653424 0.102921 -0.407165 
0.0559232 -0.15862 0.248221 0.105116 0.313608 -0.337626 -0.522981 0.501236 0.303623 0.243405 0.260923 0.157756 0.0193002 0.39414 0.270701 0.335042 0.884585 -0.351554 -0.297839 -0.249502 0.513592 2.70831 -0.0584615 -0.624195 0.121143 -0.047084 0.351942 0.417039 0.323905 -0.349064 -0.50211 0.166551 -0.577799 0.0851028 0.435866 -0.226814 -0.534067 0.213846 -0.0266287 0.123369 -0.191314 -0.144902 -0.0714226 -0.0176506 0.824604 0.412304 -0.103115 -1.33479 -0.621728 -0.496538 0.851046 0.435866 0.669198 -0.834106 0.556173 0.010584 -0.485482 0.73441 1.17252 -0.768141 -0.592657 0.139631 0.266153 -0.240114 -0.31678 -0.214535 -0.0666276 0.559368 -0.236809 -0.331094 -0.461828 0.27977 0.72226 -0.183951 0.312951 -0.669523 -1.23692 -0.231082 0.152766 0.325455 -0.33477 0.360015 -0.802631 0.377283 0.620607 -1.74406 -0.542112 -0.264312 -1.10294 -0.0178402 -0.805618 -0.386752 0.584037 0.299012 -0.513519 -0.35456 0.106247 0.116578 -0.336026 -0.44287 
-0.181212 0.271964 -0.226877 -0.128417 0.720307 0.428265 0.0187595 -1.37408 0.384732 -0.315359 -0.367421 0.824501 -0.325169 0.54089 0.175286 -0.131573 -0.0203702 -0.499934 -0.507283 0.0795119 -0.568591 -0.0213334 2.13864 0.375656 0.452558 -0.309634 0.139909 -0.0506778 -0.845016 0.120033 0.199014 -0.810367 0.357467 -0.43346 -0.158132 -0.164835 -0.078697 -0.111715 0.11855 0.497666 0.297438 0.483801 -0.0624767 -1.00835 0.308348 0.514844 0.798411 -0.303795 0.361235 -0.117031 0.0628271 0.173787 0.676669 0.259793 0.0957883 -0.278957 0.323674 -0.455553 0.227539 0.645304 0.109579 -0.683423 0.240419 0.239742 0.281131 -1.07739 -0.532963 -1.05875 -0.443724 -0.588056 0.378923 0.153343 0.9355 -0.360654 0.555246 -0.189955 -0.0283019 0.374293 -0.215439 0.513588 0.331053 -0.314761 0.616448 0.583419 0.178956 0.55831 -0.479792 0.321428 -0.57792 0.0919403 -0.272985 -0.695431 -0.226935 0.782521 0.196413 -0.403093 -0.239696 -0.28591 0.0885379 -0.280015 
-0.153932 0.281214 0.267149 -0.704988 -0.327655 -0.0777879 0.100771 -0.554382 0.180809 0.230197 0.460367 0.525616 0.544237 0.140429 0.327422 0.795729 0.0226524 -0.235375 0.119347 0.465733 -0.0450705 -0.579744 0.38298 2.49138 0.902188 0.139038 -0.39665 -0.641011 -0.350281 0.16216 0.988668 -0.446784 0.966532 -0.252776 0.648044 0.0780725 -0.335716 -0.233417 -0.0240888 -0.274171 -0.398888 -0.546535 0.0978209 0.265816 -0.233786 -0.867675 -0.470754 0.450828 -0.852644 -0.394169 -0.0785308 -0.705851 0.164963 -0.164158 -0.372249 -0.0205419 0.527756 0.108585 -0.571196 -0.250373 0.829727 0.488721 -0.171049 -0.187163 0.771794 -0.259876 -0.528047 -1.48895 -0.622109 -0.0625746 0.432837 -0.613282 0.125103 -0.51206 0.0449343 -0.38896 0.0446352 -0.262223 0.6026 -0.453238 0.620361 -0.367635 -0.315513 0.26957 -0.340664 -0.321045 0.0993149 0.450046 0.0398857 -0.318752 0.465785 1.12574 0.0662515 1.2075 0.121594 0.263639 0.61918 -0.785856 0.357191 0.202046 
-0.454321 0.119774 0.438868 -0.522005 -0.0810188 0.867836 -0.798606 0.0394265 -0.215775 0.190802 -0.202598 0.610162 0.16109 -0.327749 0.016167 0.021047 0.192729 -0.136387 0.243676 -0.0242857 -0.662184 0.176398 0.470684 0.912991 2.23687 -0.578263 -0.0200222 -0.484654 -0.104515 0.527855 0.868546 0.326886 -0.169967 0.134957 -0.127935 -0.308908 -0.143581 0.847514 -0.787055 -0.524272 0.103992 -0.384576 -0.319121 0.308345 -0.31954 -0.457658 0.288065 -0.105243 -0.11252 0.751131 0.438148 -0.270591 0.226657 -0.785276 0.387076 0.345644 0.675905 -0.704845 -0.229459 -0.198671 0.241554 0.487644 0.0872595 0.399287 -0.53535 -0.23438 -1.02638 -1.07652 -0.753748 -0.0381547 0.501204 1.02068 0.116364 -0.0712364 0.789159 -0.437302 -0.719694 -0.890243 0.306827 -0.0961037 0.926215 0.124785 -0.143866 0.991152 0.163614 -0.290309 0.167551 0.240439 0.021921 -0.0429185 0.175296 0.0539177 0.749642 -0.225421 -0.125721 -0.254442 -0.0297464 0.242957 0.208591 0.212893 
0.840911 -0.371542 -0.142915 0.40651 0.0902148 -0.61131 1.25107 -0.138178 0.412746 -0.573077 0.0160661 -0.281121 0.120431 -0.265036 -0.259711 0.213107 0.091135 0.0815937 0.216448 0.690096 0.24339 0.0470359 -0.252642 0.188706 -0.539398 1.87735 0.633157 -0.509523 -0.00524185 -0.194503 -0.309458 0.248201 0.130175 0.152993 0.41021 0.39229 0.292661 -0.514848 -0.298963 0.523186 0.0619143 -0.0915212 -0.100495 1.02529 0.859436 -0.234166 -0.293014 -0.244098 -0.611068 -0.337019 0.279596 -0.191127 -0.478662 -0.0454313 0.0724675 0.683945 0.636771 0.501075 0.426573 0.308107 -0.278757 0.440068 -0.32501 0.0132728 0.826615 0.0240992 -0.0290884 0.237913 0.50219 0.213432 0.0286177 -0.989373 0.157977 0.505518 -0.0391769 0.0759483 0.312487 -0.253973 -0.667451 -0.489276 0.603831 0.567092 0.99527 -0.0340444 0.458662 -0.123534 -0.0291871 -0.124285 -0.371261 -0.603939 -0.283828 0.263166 -0.630149 0.0808977 -0.110697 0.0480635 -0.342364 -0.258982 -0.131504 0.721576 
-0.644065 0.0206641 0.213584 0.426657 0.920405 -0.804996 -0.0639492 -0.135043 -0.109422 -0.213151 -0.152735 -0.531515 -0.338326 -0.654818 -0.18248 -0.269319 -0.195899 -0.499663 0.0163858 -0.561883 -0.200933 0.367911 0.118749 -0.425133 -0.059308 0.555006 2.21513 0.305241 -0.850752 -0.813216 -0.383722 0.373052 0.230836 -0.374105 -0.203163 -0.616956 -0.0292179 0.184566 -0.508798 0.488703 0.553277 -0.0982033 -0.100149 1.07124 0.575197 -0.4273 0.0543822 -0.379992 -0.02721 0.226391 -0.387966 0.254666 -0.0651314 -0.591412 -0.331776 0.102115 -0.321811 0.272872 0.296634 -0.679781 -0.334951 -0.374427 0.259238 -0.572943 0.729953 0.391423 0.130381 0.163128 0.599151 -0.795588 0.806694 -0.0586132 -0.0109249 -0.0498227 0.22917 -0.369925 -1.01801 0.255567 -0.2786 0.506496 1.32006 0.279569 1.17349 0.223807 0.549573 -0.118119 -0.258764 -0.0388752 0.150395 0.529256 0.499097 -0.185891 -0.618842 -0.342191 0.293022 -0.511804 0.354459 -0.00797367 -0.898979 0.467414 
-0.353018 0.00670847 0.217931 0.482911 -0.22981 -0.836165 -0.326919 0.461652 0.163456 -0.0151375 -0.392265 0.579279 0.507615 0.278464 0.358968 0.245727 0.536439 -0.193856 -0.36269 -0.290408 -0.146903 0.446953 -0.0578925 -0.655549 -0.509994 -0.57373 0.319186 2.70174 0.562776 0.0634249 -0.141647 -0.167982 -0.0543746 -1.23124 -0.000257654 0.131795 0.714896 -0.727786 1.0513 0.187169 0.300802 -0.15366 0.560504 -0.575813 -0.307012 -0.545303 -0.0423414 -0.627591 0.61171 0.396836 -0.459556 0.697592 -0.436457 0.245175 -0.622744 -0.282514 -0.69181 -0.121589 -0.25107 -1.31481 -0.121675 -0.924924 0.334738 -0.617676 0.213567 -0.216273 0.839934 0.198916 -0.0212571 -0.86015 0.00781467 0.688257 0.243168 0.926241 -0.447144 0.167187 -0.709981 -0.335821 0.624331 0.625317 -0.463979 0.19002 0.302926 -0.435216 -0.706642 0.105463 0.424074 -0.443635 -0.916454 0.873505 0.362605 -0.115036 0.624506 0.0759265 0.374814 0.189271 -0.566101 0.81055 0.357799 0.280881 
0.657508 -0.59192 0.248905 0.238285 -0.668089 0.212592 0.149875 -0.102817 -0.388465 -0.00188695 -0.501958 0.0156073 0.0387387 -0.00933977 0.410283 0.174527 0.283385 1.0739 0.536168 1.03578 -0.141598 0.339423 -0.866626 -0.379214 -0.144251 -0.0838431 -0.851202 0.548381 2.17307 0.318744 0.0870843 0.0607192 0.102522 -0.429975 0.185209 0.208781 0.137225 0.178666 -0.102254 -0.199321 -0.0194877 -0.487524 0.296719 0.109292 -0.0107115 0.337584 -0.105219 -0.830736 -0.449388 0.470625 1.01548 -0.500038 -0.966838 -0.230065 -0.192479 0.173271 -0.134664 0.0674766 0.17348 -0.881441 -0.00215677 0.0635266 -0.465811 0.0584032 -0.812787 0.268259 0.57225 -0.172065 0.365693 0.634265 -0.773994 0.039876 -0.229373 0.818831 0.258554 0.387368 0.222629 -0.584891 0.473212 -0.0581875 -1.02736 -0.557488 -0.822048 -0.976445 -0.0497666 -0.437534 0.472766 0.395483 -0.423297 0.271118 0.136278 -0.365001 0.106879 -0.145654 0.300557 -0.00159535 -0.15927 0.872646 0.0253784 -0.835704 
-0.624297 -1.30399 1.04646 0.310323 0.118281 0.352371 -0.0647821 0.782945 0.428323 0.368075 -1.02087 -0.0903146 0.0533508 -0.317283 0.0868165 1.03135 0.648184 -0.0888716 -0.227713 -0.0464999 -0.47069 -0.336908 0.0950609 0.129865 0.484757 -0.276467 -0.817029 0.0456676 0.315382 3.22708 0.963309 -0.625749 1.01882 0.457193 0.0127535 0.641478 0.325692 0.0611761 -0.140458 -0.565599 -0.430404 0.400642 0.0865435 -0.676456 -0.829684 -0.559838 0.197421 0.293408 0.916711 0.00981115 0.336199 0.301738 -0.0559304 0.621631 -0.2856 -1.09872 0.357809 0.128256 -0.230813 0.878342 -0.192186 0.186217 -0.918339 -0.0613979 -0.911878 0.377512 0.0192077 -0.782256 0.524935 0.167056 -0.496476 0.531444 -0.88033 -0.257862 0.423034 -0.0233137 0.318096 -1.02815 -1.01182 -0.0591508 0.000210406 0.0768196 0.353166 -0.129121 0.318095 -0.509518 -0.227553 -0.363241 -0.515176 -0.289815 -0.0354562 -0.38943 0.236395 0.684365 -0.817064 0.280958 -1.3216 0.0738723 -0.505023 0.101761 
-0.630195 0.106762 -0.963256 0.514324 0.30115 -0.117307 -0.446651 -0.344355 -0.734918 -0.227135 0.00445965 0.0435615 0.25288 -0.263395 -1.35969 0.242788 0.35134 -0.549951 0.42363 0.152954 -0.258844 -0.488475 0.175521 0.957852 0.826927 -0.389943 -0.386055 -0.157926 0.0852006 0.964788 2.4826 -0.0702196 1.2325 0.565608 0.215882 0.184595 0.0256304 0.152169 -0.38276 -0.474634 0.253813 -0.483384 0.368186 0.0580234 -0.45028 -0.512033 0.167293 0.171693 -0.480118 0.660238 -0.521659 -0.385771 0.315066 0.461477 -0.22042 -0.948538 0.747357 0.108064 0.0641842 0.136516 0.175412 -0.163233 -0.56441 0.443352 -0.00982657 0.155945 -0.169111 -0.767259 -0.104539 0.113729 -0.166929 -0.285739 -0.441539 -0.302077 -0.302324 0.14981 -0.155401 -1.14582 -0.298514 0.115505 0.100722 0.343256 -0.472028 0.372934 -0.995811 -0.722247 -0.382882 0.217962 -0.201961 0.256716 0.778045 -0.247214 0.708693 0.758021 0.370851 -0.422222 0.260835 0.819189 0.696091 -0.599983 
0.121981 -0.813693 -0.126298 -0.00958505 0.140887 -0.210858 -0.12831 0.601867 -0.187789 0.838462 -0.248825 -0.159679 0.765702 -0.396195 0.260042 0.0378701 -0.664144 0.103867 0.424679 0.116709 0.638098 0.241913 -0.772134 -0.415874 0.346994 0.229443 0.432445 -0.122534 0.120563 -0.562543 -0.00849262 2.18122 -0.893283 0.62881 -0.926058 -0.0231731 0.0618748 0.136055 -0.621208 0.565725 0.235618 -0.36812 0.268003 1.34275 0.151705 -0.251323 -0.0243734 0.134512 -0.186226 0.8929 0.0137978 1.07719 0.242492 -0.128619 0.00681331 0.68958 0.0998208 -0.12239 0.107765 -0.222679 -0.765066 -0.43627 -0.146294 0.461991 0.134334 0.34352 -0.639276 -0.0552441 -0.065749 0.83139 0.178486 0.151203 0.323114 0.0621669 -0.638638 -0.112776 -0.49206 -0.102266 -0.407022 0.111878 -0.214704 0.786581 -0.935808 0.633104 -0.794719 -0.0222626 0.342163 0.183598 0.834949 -0.03541 0.108738 -0.272128 -0.128475 -0.778914 0.147475 0.283049 0.497724 0.266413 0.00362536 0.309646 
-0.165555 -0.230562 0.408537 0.481835 0.869096 -0.398271 0.253179 -0.552809 -0.143315 -0.149063 -0.651832 -0.407889 -0.532677 0.312674 -0.147663 0.54477 -0.167452 -0.450287 0.673778 -0.00897933 0.077909 -0.558938 0.3392 0.940941 -0.206361 0.0549156 0.233728 -0.0654274 0.105864 1.02552 1.23773 -0.949785 2.46264 -0.194406 0.382151 0.191844 -0.0848893 0.0329472 0.200584 -0.412384 0.351597 -0.32325 0.382701 -0.0542236 -0.580383 -0.575236 -0.305834 0.0888354 -0.720395 0.147354 0.0805892 -1.08213 -0.265123 0.225855 -0.12582 -1.59557 0.0719612 0.509296 0.164152 0.11423 0.144333 -0.423569 -0.0598128 -0.118897 0.147345 0.601393 0.922804 -0.611027 0.5366 -0.131233 0.276116 -0.967996 -0.544509 -0.733012 -0.0826818 -0.13443 -0.0525182 0.0547281 -0.00596203 0.0525121 0.139038 -0.639761 0.343662 -0.102251 0.216197 -0.106547 0.183999 -0.274778 -0.168797 0.504362 0.788032 -0.292581 -0.25998 1.37356 0.287526 -0.602158 0.0618855 -0.297348 -0.413195 -0.505277 
0.334795 -0.0471801 -0.388395 -0.0901284 0.45683 0.247139 -0.548783 0.944456 -0.656592 0.0329188 -0.0749626 -0.266933 -0.390935 0.0994393 -0.540928 -0.338916 -0.0258882 0.0416006 0.431232 -0.256726 0.166584 0.158946 -0.396745 -0.223384 0.153546 0.132717 -0.31623 -1.18731 -0.37165 0.51888 0.625817 0.627292 -0.139423 2.14857 0.158671 -0.144944 -0.479842 0.43367 -0.200919 0.197098 -0.60371 0.374104 -0.240767 0.267489 0.703139 0.34838 0.236238 0.37075 0.0955454 -0.158733 -0.44223 0.293497 0.83986 0.269192 0.046683 -0.250908 0.875314 0.220504 0.997786 0.905976 -0.356261 0.259168 -0.449841 0.43074 -0.1216 0.510878 -0.0800085 0.481396 0.206162 0.673611 -0.610166 0.183054 -0.954143 -0.728724 -0.356265 0.0289371 0.370449 -0.110979 -0.674688 -0.707532 0.0986229 0.791401 -0.677396 0.269814 -0.0539869 0.0626766 -0.52799 -0.395272 0.797301 0.11624 -0.417642 0.00258424 0.685244 0.316181 -0.718861 0.463972 0.5836 0.0105259 0.0759552 0.0152989 
-0.112203 0.463242 0.211724 -0.563868 -0.722707 -0.167053 0.299172 0.396703 -0.57762 -0.482108 0.500326 -0.11024 -0.48029 0.175985 -0.309007 -0.0225192 1.59694 0.693608 0.496038 0.456803 -0.518963 0.469228 -0.161897 0.636954 -0.149827 0.349453 -0.185769 0.00319134 0.203053 0.0339598 0.23561 -0.968058 0.396653 0.11819 2.26025 -0.328727 0.692231 -0.325334 0.347921 -0.0675188 0.0271471 -0.213359 0.150747 -0.950984 0.548952 0.0764927 -0.1715 -0.880312 -0.416577 -0.564301 0.00193927 -0.52652 0.0151029 -0.0769895 -0.620842 -0.457539 0.229586 0.95951 0.808334 -0.226679 0.486566 0.992531 0.0084806 -0.378347 0.0464156 -0.246202 -0.13084 0.624021 -0.404862 -0.0674263 0.31838 -0.651051 -0.830653 0.0943661 -0.171226 0.10621 0.355665 -0.135767 0.50239 0.280934 0.411199 -0.376957 -0.134864 0.116062 -0.400192 -0.630933 -0.696802 -0.297021 -0.454779 -0.0142729 -0.132505 0.416628 0.358377 0.254419 -0.0549121 -0.258067 0.383221 -0.849746 -0.389643 0.871324 
0.0468321 -0.173548 -0.39294 0.252096 0.333929 0.125678 1.60214 -0.274286 0.168646 0.146296 -0.563469 0.220251 1.40189 -0.282497 -0.653133 0.302829 0.0883051 -0.133701 -0.301272 -0.555697 0.594748 -0.182055 -0.157203 0.0783803 -0.319403 0.34293 -0.588166 0.146641 0.238021 0.674081 0.215719 -0.0537757 0.217743 -0.174028 -0.31733 1.96506 0.204269 -0.103616 -0.0138601 0.0817549 -0.0733689 -0.023901 0.607699 -0.187068 -0.512688 -0.245054 -0.153527 0.367069 -0.0107035 -0.258775 0.441026 0.0686908 -0.115293 -0.614008 0.47804 -0.401741 -0.390984 0.240877 -0.572356 0.395072 -0.351238 -0.229201 -1.03052 -0.13296 -0.592202 -0.115847 0.238006 0.434465 0.413565 0.36849 -0.716394 -0.0933454 0.581165 0.530322 -0.677796 -0.0808652 0.159033 -0.0110142 0.262529 0.155183 0.098237 -0.560348 0.497681 -0.0162138 0.00569154 0.0503939 0.38852 -0.143796 0.0410591 -1.27275 -0.397095 0.31908 0.411951 0.538498 -0.670823 -0.0130977 -0.254185 0.199479 1.05861 -0.0839677 
-0.650546 -0.521321 0.121941 0.224683 -0.587664 -0.230322 0.583976 0.523183 -0.223961 -0.178847 -0.180096 -0.166231 0.278273 -0.335162 -0.259403 0.0921129 1.04547 0.331982 -0.146342 0.585831 -0.51569 -0.462925 -0.0446833 -0.309026 -0.127694 0.269683 0.0259554 0.756124 0.192848 0.384678 0.0831372 0.0576546 -0.0326081 -0.482544 0.730011 0.230651 2.11056 0.0174687 0.168736 0.0593996 1.13634 0.0496138 0.441038 -0.95762 -0.227216 0.143865 -0.418899 -0.194072 -0.234349 0.679893 0.0606861 0.20628 -0.620681 0.673809 -0.487546 -0.185307 0.307722 0.209319 -0.552961 0.144854 0.516243 -0.458304 0.563499 1.02229 0.226428 -0.205642 0.0280537 0.540725 -0.618228 0.605367 -0.00201068 0.265373 -0.17833 0.786456 -0.667007 -0.0149849 0.215694 0.00912883 -0.257139 0.980585 0.566338 0.138508 0.453188 0.192078 -0.511588 0.409379 0.111662 -0.465187 -0.20157 -0.589601 -0.11182 -0.200828 -0.169459 -0.954279 0.316392 -0.460112 -0.325811 -0.480958 -0.397517 0.92274 
-0.16586 0.0773041 0.271886 0.430445 0.194078 0.191761 -0.464183 -0.0043586 -0.365246 -0.0636129 -0.329547 -0.0666336 0.0549889 -0.158092 -0.170118 -0.00109994 -0.0772333 0.0726786 0.116066 -0.911052 0.0754083 0.295464 -0.0672253 -0.19625 0.873878 -0.52735 0.250216 -0.676081 0.244766 0.130638 0.220152 0.142312 0.0957049 0.441445 -0.277078 -0.0667574 0.0279451 2.57058 -0.528705 -0.503265 -0.135753 0.114392 -0.238549 -0.278808 0.169092 1.01112 0.558586 0.921925 -0.307955 -0.0237626 0.218007 -0.582303 -0.353778 -1.12624 0.332872 -0.448549 -0.212079 0.388725 -0.0706798 -0.41656 0.706873 0.209367 0.244955 1.17404 -0.430678 0.451424 0.0770817 -0.0256331 -0.432323 0.886038 -0.779927 1.02713 -0.337711 -0.891928 0.679667 -0.226892 -0.129014 0.107379 0.905245 1.02965 0.967725 0.28563 -0.0590444 -0.322346 1.12285 -0.0136629 0.0282025 0.0948264 0.439601 -0.470508 0.342855 -0.363423 -0.45788 -0.811262 0.231444 -0.0547076 0.718356 0.840719 -0.645506 -0.554849 
0.498865 0.552141 -0.285457 0.0931346 -0.135361 -0.444838 -0.0968646 0.759653 0.724611 -0.498795 -0.126162 0.221931 -0.457181 1.12786 0.161907 0.49904 0.143807 0.10486 -0.0662402 0.0340206 0.0440143 0.0456949 0.153746 0.00378319 -0.769986 -0.32076 -0.452443 1.09371 -0.0454491 -0.0802904 -0.324072 -0.624247 0.254048 -0.202438 0.386883 0.0137042 0.169917 -0.538 1.95113 -0.61056 -0.488048 0.374129 0.431574 -0.513951 -0.287274 -0.00714796 -0.0981172 -0.0779406 -0.016749 -0.658085 -0.208426 0.327873 0.670134 0.836075 0.338722 -0.630724 -0.91019 -0.2859 0.0261192 -0.488064 -0.0196369 -0.281654 0.843047 0.0297332 0.610281 -0.10374 0.559905 0.215079 0.0718677 -0.523418 0.0128744 0.0584686 -0.367778 -0.270835 -0.386389 -0.322926 0.597532 0.654375 0.834296 -0.119784 -0.250389 0.14211 -0.496746 -0.413022 -0.202616 0.844957 0.482118 -0.293615 -0.195849 0.213816 -0.0125007 0.0164473 0.59851 0.325178 0.268741 0.41962 -0.470674 -0.216876 0.603289 0.564869 
-0.269908 -0.796427 0.236559 0.271913 0.212788 -0.490483 0.468617 -0.998404 -0.366546 0.75642 -0.679489 0.68396 0.421759 -0.19268 0.770113 -0.947528 -0.283417 -0.357926 0.0649008 -0.146212 -0.213739 0.13935 0.476519 -0.302642 -0.563546 0.445047 0.488715 0.173236 -0.198859 -0.561774 -0.472289 0.506343 -0.415264 0.139235 -0.0849005 0.0529761 0.00423847 -0.568903 -0.666903 2.34886 0.285971 0.628783 0.0658602 -0.248251 1.31281 0.302968 -0.292574 -0.0984678 0.199673 0.0610731 -0.54686 0.79062 -0.107179 -0.419435 -1.05489 0.354834 1.02745 0.157881 0.741237 -0.0791469 -0.0342113 -0.703761 -0.722702 -0.871274 0.173179 -0.750102 -0.0508522 0.0401264 -0.508878 0.615702 -0.0444131 -0.434572 0.420935 0.42762 -0.555331 0.903911 -0.0199401 0.400525 -0.133449 -0.0791815 0.00865966 -0.109401 0.265385 0.00564739 -0.394369 0.135395 -0.532248 0.0793335 0.204448 0.470224 -0.748573 -0.196368 -0.172083 0.726176 -0.430739 0.175112 0.524807 -0.0796297 -0.340275 -0.153221 
-0.916646 -0.0154619 0.0802532 0.545889 0.3299 0.335884 0.241371 -0.472956 -0.313055 0.476405 0.396356 -0.287807 -0.151196 -0.303851 -0.202083 -0.534934 0.292766 -0.312669 0.243839 0.458649 -0.1219 -0.133331 0.318293 -0.385357 0.10672 0.0257771 0.595291 0.328872 0.0229764 -0.384578 0.29816 0.218238 0.390719 -0.619571 0.0517674 -0.0601456 1.12318 -0.159388 -0.502388 0.327973 1.97807 0.0387073 0.340796 -0.122726 -0.435241 0.168704 -0.657164 -0.29955 -0.440924 1.45238 0.221712 -0.32516 -0.41739 0.449767 0.187361 -0.0341654 0.385403 -0.151441 -0.334774 0.42861 0.227669 -0.599552 0.855716 0.335338 -0.274438 -0.050901 0.263476 0.831246 -0.320369 0.112008 0.723565 -0.376809 0.556223 0.716557 -0.357681 0.250744 -0.499606 0.287168 -0.525138 0.52767 -0.0571411 -0.516427 0.410819 0.745443 -0.215686 -0.183113 0.0777669 -0.121619 0.0164493 0.309375 0.00153123 -0.438387 -0.0354165 -0.513655 0.343586 -1.43375 0.0127419 -0.293961 -0.301088 -0.377395 
-0.961787 -0.237416 0.00320645 1.20188 0.0877764 0.0963696 0.0227454 -0.118879 0.922068 0.570858 -0.0849505 0.203524 -0.592245 -0.0455107 0.169639 -0.367836 0.053296 -0.437753 -0.354921 -0.0989279 -0.770328 -0.0857412 0.505834 -0.531826 -0.38067 -0.12648 -0.0550107 -0.124412 -0.443881 0.447647 -0.437858 -0.384321 -0.28295 0.359422 -0.18756 -0.00949937 0.037633 0.0919353 0.360966 0.671963 0.0398856 1.93053 0.0894572 -0.236444 0.348527 0.803619 -0.546056 0.745222 0.405434 -0.415196 -0.335864 0.828981 0.808551 0.623438 0.176499 -0.118427 0.030806 -0.614282 -0.0671994 0.13511 0.44805 0.118112 0.247783 -0.598252 -0.176823 -0.373932 -0.00884441 0.495626 -0.0660872 0.23872 -0.163989 0.0238618 -0.522811 -0.11479 0.289594 0.607938 1.04514 0.755888 0.0615114 -0.366302 0.538736 -0.0128762 -0.0464279 -0.547959 0.737127 0.0524098 -0.514593 0.568216 0.403256 -0.0166046 -0.848024 -0.354438 0.350748 0.0172706 -0.500984 -0.111711 -0.631291 0.12441 -0.179675 -0.290861 
-0.504649 -0.155162 -0.311196 0.300633 0.267406 -0.112788 0.690939 -0.031984 0.0524771 0.422824 -0.277261 -0.030943 0.480775 -0.0318546 -0.189826 0.4226 0.34672 0.320363 0.191972 0.274239 0.0332199 0.0119403 -0.0162419 0.136732 -0.291013 -0.111252 -0.0327547 0.613954 0.364563 0.15775 0.437914 0.276003 0.447204 -0.231247 0.200747 0.646303 0.453259 -0.236804 0.442613 0.133242 0.366176 0.113659 1.0105 0.0876301 -0.270552 -0.0111247 -0.0960954 -0.197296 -0.165708 0.221267 0.184428 0.617142 0.516721 0.243516 -0.152073 -0.575469 -0.76816 0.144997 -0.134739 -0.410587 -0.22205 -0.459621 -0.245302 -0.243305 -0.0639444 0.0331675 0.00985249 0.066711 0.388757 0.139948 0.102782 -0.316822 -0.0114062 0.143528 -0.592223 -0.131771 0.208048 0.406608 0.394084 0.640236 0.0363662 -0.578748 -0.604153 -0.028639 -0.676915 -0.065182 0.0466337 0.506983 0.357039 -0.164632 0.202052 -0.214895 0.262229 0.244921 0.242422 -0.278244 0.258156 -0.0144556 0.347233 0.00481011 
0.188647 -0.181507 -0.316491 0.626728 0.551519 -0.30032 0.0579468 0.22574 0.493344 0.186988 0.191868 -0.632218 -0.0776805 -0.746005 -0.19711 0.340907 -0.927955 -0.0452069 0.506801 0.694415 0.14508 0.0529367 -0.974895 0.291952 0.323678 1.00176 1.12586 -0.535139 0.164361 -0.618024 0.114976 1.33798 -0.00249679 0.264233 -0.913759 -0.16124 -0.958175 -0.289839 -0.515688 -0.193645 -0.110121 -0.225017 0.0748545 3.12735 0.152302 -0.906982 -0.565693 -0.090271 -0.719432 0.440913 0.303228 0.222502 0.299873 -0.137067 0.499099 1.07346 -0.22644 -0.569287 -0.13024 -0.799424 -0.700253 0.31799 -0.204473 -0.644637 0.592081 0.909551 -0.138992 -0.398597 1.34249 -0.31783 0.491674 -0.520094 -0.182043 0.254349 0.353551 -0.377157 -0.314697 -0.294457 -0.393516 -1.19777 0.62729 0.413461 -0.223537 -0.160715 0.443631 -0.482733 0.476561 0.914235 0.72554 0.251271 0.508771 0.331341 0.0537121 -0.199504 0.15832 -0.0414213 0.0244103 0.503816 0.270949 -0.0481517 
0.478189 -0.105357 -0.31689 0.0798888 0.203181 -0.516648 -0.0353473 -0.380283 -0.469503 -0.512328 -0.186988 0.377366 -0.255168 0.0171641 0.16118 -0.511648 0.357075 0.227815 -0.149462 0.425987 -0.457816 0.884702 0.331318 -0.218139 -0.314695 0.825415 0.619327 -0.276827 0.0338685 -0.781741 -0.403816 0.136442 -0.539145 0.689394 0.575688 -0.497348 -0.238259 0.147572 -0.299499 1.35693 -0.433125 0.349465 -0.293816 0.141813 2.09889 0.819411 0.23204 -0.753779 -0.326603 -0.628666 -0.16737 0.328663 0.169377 -0.383354 -0.81359 0.659396 0.861341 0.445724 1.23566 -0.423052 0.10563 -0.186962 -0.41534 -0.0634044 0.810641 -0.388229 0.0403354 -0.0929332 -0.00601712 0.211984 -0.76924 0.103101 -0.0532206 0.131598 0.174217 0.0535498 0.0240585 0.0836007 -0.131252 -0.179299 0.670377 0.501605 0.132033 -0.501336 0.410516 -0.0421426 -0.820469 0.190573 -0.198252 0.245168 -0.646223 0.012197 -0.0715404 0.488285 -0.204426 0.388895 0.806575 0.141818 -0.350775 -0.0962317 
0.0844902 0.267704 -0.494723 0.346156 0.0417727 0.530058 -0.0609238 -0.612189 -0.141151 -0.0782245 0.421741 0.0205252 -0.448486 0.308375 0.00748481 -0.416827 0.289595 0.519285 -0.374702 0.33954 -0.0999411 0.473845 0.539256 -0.850586 -0.451372 -0.266745 -0.381728 -0.513676 0.383606 -0.510453 -0.464127 -0.265144 -0.532556 0.336077 0.104671 -0.228273 0.134264 0.991038 -0.017931 0.348528 0.172262 0.805999 -0.032947 -0.916029 0.820853 1.94257 0.509243 0.0487208 0.0288669 -0.297507 0.284118 0.0301673 0.210929 0.254543 0.0732777 0.0902065 -0.144389 0.220981 0.373339 0.359461 0.495131 -0.151838 0.296072 0.772733 -0.249625 -0.293121 0.107769 0.52813 -0.160136 0.597329 -0.921368 0.2557 0.222411 -0.241024 0.40181 0.2438 0.673853 0.776115 0.0534419 0.723621 -0.339555 -0.250553 -0.481693 -0.613276 0.554132 0.0534254 -0.676355 0.567693 0.0874319 -0.209832 -0.533785 -0.607444 -0.487603 -0.438064 0.220666 -0.229336 0.552144 0.286222 -0.357446 -1.1068 
0.89518 0.634102 -0.443722 -0.779499 0.376334 0.5604 -0.0763617 -0.444118 -0.428242 -0.81561 -0.217725 0.192615 0.0520812 0.221616 -0.392601 0.0881327 0.00626839 0.864747 0.0380969 -0.447032 0.170701 -0.0414772 0.822921 -0.453568 0.294448 -0.325497 0.100051 -0.0106174 -0.0591004 0.246902 0.215296 -0.038098 -0.263057 0.224033 -0.143225 -0.136649 -0.428403 0.538605 -0.108803 -0.246917 -0.65351 -0.54358 -0.117821 -0.574643 0.233579 0.50934 2.52213 -0.239787 1.6394 -0.201657 -0.183904 0.297311 0.121489 -0.264676 -0.233979 -0.135203 -0.57458 0.356213 0.706848 0.573404 -0.741569 0.218912 -0.789965 0.274988 -0.280038 -0.156186 -0.744382 -0.673552 0.62251 -0.610389 0.184025 0.507236 0.286574 -0.476706 0.728743 0.0828173 0.0563551 -0.444059 -0.198265 1.25045 -0.401253 0.215389 0.516887 0.235649 -0.470465 0.540426 -0.547571 0.279086 -0.290506 0.20569 0.817029 -0.701516 -0.849706 -0.32223 0.632091 0.550994 0.151843 0.825806 0.0478447 0.231802 
-0.439717 0.11885 0.192951 0.778862 -0.309206 -0.236929 -0.114472 -0.113987 0.658984 0.84896 0.614784 0.0590453 0.652376 -0.0845652 0.0786982 0.104473 -0.99584 -0.892098 -0.133981 -1.25565 0.770554 -1.2782 -0.284335 0.462965 -0.103909 -0.28163 -0.339373 -0.600917 -0.789667 0.33784 0.214646 0.115738 0.126563 0.353495 -0.857086 0.378897 -0.208626 0.896895 -0.0936762 -0.0578604 -0.300945 0.742649 -0.224071 -0.10427 -0.75729 0.0437682 -0.244836 2.72164 0.531552 -0.309688 -1.21973 -0.147636 -0.351797 0.137914 0.155297 -0.244192 0.124137 0.0334444 -1.08655 0.547743 0.902161 0.54268 0.116982 0.0899061 0.0942766 0.25448 0.0372415 0.217258 -0.643755 0.7344 -0.0831248 -0.242401 -0.194349 -0.893332 -0.132516 0.909291 0.761376 0.225523 0.386205 -0.0298808 -0.0132626 0.617466 0.25523 -0.323488 0.167025 0.1787 0.15794 0.00709298 0.769296 -0.389772 0.415023 0.550849 -0.676142 -0.280907 -0.000938777 0.656001 0.0137687 0.485582 -0.0113447 -0.233105 
-0.220104 0.41443 0.512089 -0.592925 -0.0061554 0.790364 -0.329542 0.21833 -0.0291952 0.332859 0.230794 0.181689 0.167616 -0.24192 0.278139 -0.221017 0.0208351 0.488737 -0.478529 -0.888228 -0.0686308 -0.594995 0.35084 -0.870363 -0.141041 -0.678455 -0.0164456 0.608529 -0.438174 0.931288 -0.46702 -0.234855 -0.712523 0.048435 -0.423206 -0.0287301 -0.278758 -0.36284 -0.0623398 0.210425 -0.472174 0.373005 -0.222338 -0.763287 -0.359969 -0.0059409 1.60449 0.501697 2.83842 -0.0440162 -0.871199 0.857924 -0.092243 0.302578 -0.715717 0.15346 -0.465435 -0.101799 -0.159702 0.920753 -0.475897 0.39404 -0.81133 -1.09098 -0.783324 -0.0117278 -0.292546 0.165915 0.737073 -0.95828 0.446122 0.746409 -0.0895146 0.142489 0.509509 0.764659 0.20456 -0.277268 -0.617556 0.488307 -0.723835 -0.118784 1.02155 -0.070145 -0.433227 0.453442 -0.572832 -0.00299163 0.109699 0.647848 0.411154 0.056331 -0.365788 -0.321722 -0.250466 0.808485 -0.455389 0.496614 -0.149916 0.344305 
-0.439786 -0.247173 0.235158 0.175919 0.240825 0.623366 -0.443128 -0.0241005 -0.71284 0.534752 -0.16293 -0.0822898 -0.0485147 -0.349553 0.0490485 -0.510331 -0.200719 0.0304412 0.618213 0.509879 -0.206097 -0.430699 -0.0883195 -0.372781 0.761716 -0.365299 0.276262 0.432762 0.520946 0.0634945 0.712442 0.883377 0.194333 -0.166737 -0.531824 -0.237695 0.674591 -0.0395414 -0.66457 0.110932 1.46024 -0.408517 0.203744 0.436165 -0.622925 -0.293208 -0.197455 -0.300436 -0.00490962 1.96762 0.167796 -0.184173 -0.545507 0.356902 0.0104609 0.219786 0.670012 -0.650546 -0.280157 0.217383 -0.144615 -0.671512 0.415372 0.423933 -0.551923 0.304079 0.172678 0.0951728 -0.0849274 0.206295 0.62055 0.297287 0.199826 0.764067 -0.223919 0.285291 -0.667533 -0.380851 -0.566834 0.0490584 -0.406464 -0.185015 -0.0139197 0.707711 -0.600884 0.198296 0.515108 -0.110922 0.314939 0.856422 0.417768 -0.46535 0.349682 -0.548703 0.360164 -0.804242 -0.00633376 0.347034 0.0111526 -0.360186 
0.410622 -0.75184 0.391271 -0.465941 0.0730002 0.686003 0.620891 -0.170163 0.246749 -0.107592 -0.709366 -0.295663 -0.239089 -0.0516039 0.354515 0.404878 0.166623 0.61102 -0.0136736 0.886414 -0.129546 0.800356 -0.0249913 -0.173673 0.332203 0.134786 -0.454624 -0.54016 0.949269 0.273353 -0.585985 -0.112255 0.0110383 -0.566763 -0.0821135 0.345576 -0.061146 0.0856981 -0.33144 -0.613531 0.113039 -0.445715 0.0503749 0.18195 -0.278159 0.171887 -0.296231 -1.32701 -0.948622 0.0512667 1.98771 -0.378402 -0.0269644 -0.562324 0.856634 0.120536 -0.50784 -0.168357 0.0248635 -0.0741563 -0.51781 -0.0694318 -0.0541885 0.431192 -0.823774 -0.0290227 -0.207414 -0.420092 0.336659 0.254997 -0.260207 0.0806431 0.491682 0.291844 0.514818 -0.941882 -0.259494 0.114964 -0.108498 -0.0711698 -0.159371 -0.982901 -0.500679 0.135093 0.825119 -0.369334 0.459476 0.240887 -0.3738 -0.829547 -0.615084 -0.551446 -0.0627484 -0.117258 -0.270865 -0.69002 -0.491152 -0.640004 -0.234144 -0.363026 
-0.923977 -0.985867 -0.365593 0.14924 0.0407904 -0.50451 -0.0843219 0.561258 0.569697 0.659514 -0.533405 0.066187 0.456906 -0.406958 0.157866 0.299074 0.108909 -0.0881253 -0.68578 -0.0895402 -0.345575 0.402945 0.103737 -0.783224 -0.358766 -0.318168 0.205776 0.634757 -0.548478 0.256661 -0.432327 0.968904 -1.13391 0.186733 -0.592803 -0.00898962 0.102217 -0.696843 0.222628 0.741719 -0.416064 0.736899 0.500858 0.118994 0.235643 -0.0642944 0.202753 -0.237145 0.79827 -0.282933 -0.360632 2.33538 1.31606 0.564371 -0.531255 0.0450915 -0.750784 -0.268889 0.0549713 -0.365024 -0.803512 -0.637599 -0.501568 -0.500835 0.186116 -0.407545 -0.972878 -0.343068 0.149238 -0.032303 0.00666034 0.396502 -0.0134741 -0.0686113 -0.450254 -0.215362 0.0911177 0.255422 -0.499502 0.506961 0.0703008 0.47809 -0.841137 0.0876772 -0.859245 -0.144392 -0.585876 0.591749 0.302247 -0.24958 -0.433499 -0.619823 0.0955002 -0.304371 -0.198759 0.477406 -0.325633 -0.0460246 -0.0870212 0.593767 
-0.792002 0.149951 -1.01515 -0.155697 0.595132 0.104476 -0.348885 0.261236 0.413934 0.160881 -0.032848 -0.0895461 -0.458035 0.167589 -0.599052 0.121981 0.11875 -0.351264 -0.320051 -0.0687881 -0.406618 0.623997 0.59434 0.07531 0.126202 -0.617983 -0.126301 -0.511571 -1.02756 -0.113287 0.25623 0.121929 -0.329184 0.720816 -0.0634604 -0.205254 -0.737024 -0.480597 0.552609 -0.168361 -0.520573 0.704189 0.388158 0.184085 0.0640775 0.104187 0.0146504 -0.453586 -0.164177 -0.656547 -0.021475 1.30378 2.3264 0.478288 0.511953 -0.546715 -0.80158 -0.473253 0.439027 -0.0172424 -0.646975 -0.211495 -0.019551 -0.33931 0.0713434 -0.359278 -0.968111 -0.271138 0.15698 -0.434313 0.227161 -0.054373 -0.217857 -0.87096 -0.21728 -0.805529 0.182933 0.674053 -0.0776814 -0.130422 0.38214 -0.102247 -1.41603 0.560325 -0.393092 -0.294662 -0.695933 0.700826 0.523436 -0.269211 -0.552747 -0.475396 0.912857 0.448142 -0.320952 -0.238179 0.114108 -0.585204 0.503134 0.0595309 
-0.424841 -0.211186 -0.630624 0.360993 -0.173903 -0.0169916 -0.693414 0.496403 0.493748 -0.0376843 0.933141 -0.560199 -0.77375 0.243461 -0.13155 0.529537 0.178177 -0.0412732 -0.665963 1.4256 -0.296557 -0.831188 0.225583 -0.205692 -0.837613 -0.136634 -0.604463 0.21818 -0.242666 0.612393 0.450759 -0.201063 0.209912 0.198267 -0.107434 -0.65585 0.605585 -1.20494 0.766669 -0.432498 0.394702 0.567195 0.163071 -0.204737 -0.440535 0.19592 -0.323396 0.0842434 0.278763 0.29398 -0.508716 0.60021 0.526406 2.7346 -0.404196 -0.0150548 0.2096 -0.436522 -0.53968 0.991126 0.175469 -0.640218 0.718593 0.615715 0.833645 0.172024 0.224088 -0.185136 0.388167 -0.318429 -0.132778 -0.313278 -0.329731 -0.0116222 -0.290357 0.00620107 0.773601 0.108806 -1.66849 -0.35081 -1.005 0.436903 -0.572087 -0.377041 -0.719885 0.152217 -0.398653 0.235883 -0.160314 0.416479 0.0801949 -0.218754 -0.205019 -0.0201685 0.463035 0.000571187 -0.58907 -0.469207 -0.0889879 -0.362582 
0.574222 0.362828 -0.566365 0.47609 0.251732 0.399074 0.272142 -0.0293292 0.919121 -0.350098 -0.0509491 -0.202608 -0.460016 0.444651 -0.703211 -0.156517 -0.596179 -0.714528 0.302043 -0.513332 0.546845 0.527362 0.029849 -0.445512 0.30301 -0.0504636 -0.376556 -0.681468 -0.236809 -0.326567 -0.262866 -0.0973599 -0.173492 -0.0559715 -0.683016 0.40447 -0.587499 0.222443 0.237588 -1.09968 0.100567 0.0885266 -0.264247 0.399701 -0.9025 -0.0170741 -0.324428 0.0698975 -0.771261 -0.0841897 0.878513 -0.527146 0.528343 -0.435925 2.30411 -0.188402 -0.560756 -0.668833 0.0434746 0.369272 -0.608653 0.543085 0.756321 0.447704 -0.764923 -0.155716 -0.308031 0.667741 -0.223022 -0.0355898 0.365284 -0.358285 0.531855 -0.294789 0.284603 -0.271601 -0.0199331 0.122814 0.333544 -0.548606 -0.248374 0.145511 -0.23912 0.793583 0.801298 -0.195962 0.677204 -0.253355 -0.294601 -0.725566 -0.538902 -0.659193 0.49527 -0.521128 -0.197466 -0.806983 -1.15476 0.152314 0.750771 -0.136567 
0.411759 0.20466 -0.123823 -0.490433 -0.715716 0.403721 -0.197123 -0.179778 0.14325 -0.0273171 0.993707 0.227289 0.285709 -0.546778 0.446245 -0.338256 -0.23662 0.368926 -0.626348 0.952819 -0.196095 0.0178308 -0.308838 -0.0577468 0.297636 0.597072 0.0933931 -0.305181 0.165 -1.10363 -0.954926 0.621465 -1.60719 -0.317504 -0.483654 -0.439254 -0.249202 -0.52292 -0.695801 0.346101 -0.0849014 -0.170341 -0.651585 1.01012 0.606544 0.0359126 -0.189594 -0.293533 0.133974 0.161194 0.178473 0.0852593 -0.494267 -0.0107258 -0.152344 2.16169 0.578975 -0.6429 -0.540679 -0.082138 0.177039 0.382221 0.0225601 -0.102432 0.41656 -0.286342 -0.450412 -0.1915 -0.0157703 -0.253348 -0.11122 0.383379 0.751718 1.08106 0.533823 0.0558901 -0.172967 -0.384273 -0.562268 -0.879964 -0.116649 0.274337 0.274641 -0.246581 0.227178 -0.0596931 0.060248 0.545057 -0.0692821 -0.106943 -0.366236 0.830188 -0.203539 -0.734643 -0.0622547 0.39399 0.0045048 0.0874593 0.247822 -0.0606485 
0.258823 -0.551575 0.178054 0.00115543 -0.311764 -0.016593 -0.542999 -0.378874 -0.771326 -0.174958 -0.229087 0.559006 -0.206841 -0.118018 0.104224 -0.901676 -0.0987969 -0.706551 0.216882 0.470112 -0.541846 -0.496277 0.275751 0.47251 0.609856 0.531856 -0.348574 -0.732518 -0.160977 0.334858 0.722927 0.0136641 0.042306 0.790676 0.185429 -0.446538 0.225785 -0.304492 -0.993309 1.00068 0.316626 -0.0391497 -0.862318 -0.307822 0.790447 -0.216725 -0.647012 0.0567544 -0.502962 0.593378 -0.467944 -0.728658 -0.767173 0.195887 -0.542739 0.560934 2.70042 -0.274504 0.445385 0.83416 0.587039 -0.137061 -0.146345 0.566913 0.273093 -0.441978 0.069671 -0.392467 -1.11834 0.744854 -0.366444 -0.0203003 -0.0944068 0.443671 -0.167557 0.691043 -0.115429 -0.946731 -0.96288 -1.25354 0.0788674 0.778231 0.544872 0.401029 -0.0727477 0.115812 -0.175719 -0.782024 -0.408146 0.435095 -0.643157 0.220478 0.410561 0.62934 -0.540785 0.0748283 -0.0736056 -0.0934814 -0.0675227 -0.142519 
0.0393318 -0.256252 0.225653 -0.291518 -0.0488182 -0.791682 0.351335 0.0966591 -0.507416 -0.0214643 0.444675 -0.601421 0.488695 -0.116635 -0.228341 0.464707 0.630715 0.0392629 -0.102145 -0.569297 0.924215 0.685309 -0.541782 0.0150319 -0.809201 0.357854 0.207803 -0.200604 0.00285702 0.0669993 0.0453284 -0.246853 0.441334 0.0975596 0.877047 0.147017 0.0890767 0.258006 -0.407324 0.0927999 -0.258525 -0.722544 0.0125328 -0.688976 0.336524 0.11034 0.245475 -0.0722446 -0.177633 -0.765486 -0.166767 -0.285069 -0.477154 -0.48854 -0.689123 -0.699247 -0.312811 1.82735 0.547371 0.123156 -0.0468689 0.285494 -0.57996 -0.0179756 0.107081 0.320171 0.180656 0.487876 0.00365365 0.2387 -0.441383 -0.70774 0.0191786 -0.598286 -0.389575 -0.0594659 -0.403574 -0.16788 -0.228436 1.03111 -0.383859 0.0842678 0.0714102 -0.0881908 -0.21673 -1.13291 -0.743955 -0.527748 -0.507824 -0.42715 0.249539 0.157769 -0.98251 0.258632 -0.00923658 0.102779 0.780971 -0.367284 -0.907503 -0.020866 
0.94082 -0.240185 -0.16034 -0.0593204 0.363853 -0.427684 -0.178926 -0.0976955 -0.551493 -0.557751 -0.833974 0.0162384 -0.965679 0.596075 -0.129877 -0.648744 0.137692 0.0836859 1.02475 -0.225899 -0.0144256 1.1537 0.171587 -0.634471 -0.303538 0.313629 0.261842 -0.299807 0.139137 -0.261794 0.0317251 0.0135788 0.126467 0.905119 0.756147 -0.63594 -0.642927 -0.171122 -0.0650285 0.706432 -0.41158 -0.145185 -0.236926 -0.219652 1.15674 0.292974 0.626386 -1.16196 -0.205258 -0.36482 0.0567298 0.0690683 0.465404 -0.561421 0.0534617 -0.56675 0.437355 0.577648 2.21998 -0.0840239 -0.915598 0.261328 -0.389967 -0.333186 -0.26956 -0.256934 -0.227187 0.241097 -0.07245 0.143704 0.234545 -0.687472 -0.434191 -0.517124 0.0168169 0.378293 -0.0844284 -0.207045 0.00255435 -0.0919991 -0.394233 0.431714 -0.435901 0.470511 -0.197157 -0.339069 -0.610906 -0.459638 -0.506145 0.755887 -0.37307 -1.07899 0.170311 0.515535 -0.117566 -0.0851582 0.0533525 0.137155 -0.406481 0.241852 
0.311948 0.0771845 -0.108413 -0.689595 0.486259 1.10033 0.308187 -0.125529 -0.182446 0.0227947 0.605991 -0.461275 -0.183747 0.0835447 -0.410506 -0.255703 -0.187621 -0.17585 -0.391817 -0.0408349 0.615156 -0.776597 0.59972 -0.303281 -0.262382 0.205532 -0.704206 -1.35318 -0.905416 0.85773 0.114425 -0.306497 0.0869134 0.823676 -0.268498 0.341856 0.0652561 -0.506634 -0.568844 -0.103584 0.362172 0.0674931 -0.502406 -0.878467 -0.491607 0.289464 0.50331 0.482699 0.885564 0.143088 -0.031922 -0.340559 0.0195025 0.979753 0.389627 -0.0978408 0.836498 0.163801 -0.0736559 2.77994 -0.371771 0.0294285 -0.213708 0.686045 -0.493654 0.0166018 -0.179207 0.519149 0.198729 0.0648511 0.00426946 -0.346916 0.492244 -0.268509 -0.176057 0.132912 0.321018 0.0652567 -1.94324 -0.249102 -0.951661 -0.115139 0.779697 0.888538 -0.0491684 0.349358 -0.458775 -0.721955 0.0495913 -0.470227 -0.479953 -0.0344201 -0.528966 0.176047 -0.625581 -0.199435 -0.319697 -0.956124 -0.0772599 -0.229705 
-0.82983 0.275419 0.18174 0.212613 -0.872651 -0.138095 -0.519095 -0.441543 -0.141881 0.0658328 0.762326 0.217881 -0.0447942 -0.200073 0.179507 -0.187456 0.277185 -0.302415 -0.531419 0.146507 -0.595704 -0.621958 0.0431505 0.755974 0.156999 -0.402178 -0.38022 -0.180889 -0.0469763 -0.233643 0.132476 -0.869729 0.0961712 -0.459405 0.423902 -0.425298 0.415801 0.595954 -0.121261 -0.0794929 0.140385 0.359588 -0.334713 -0.800142 0.0162304 0.40429 -0.832507 0.816272 -0.53193 -0.239756 -0.49642 -0.799892 -0.631075 0.143251 -0.609143 0.140492 0.568532 -0.0270689 -0.926075 -0.392615 1.6727 0.17511 0.532618 0.291845 0.380556 -0.224696 0.324494 -0.176988 -1.02361 0.344941 -0.512838 0.205302 -0.293128 -0.0163649 0.19789 0.291288 0.333552 0.109611 0.566952 -0.0417193 0.490185 -0.187705 0.04176 -0.775538 0.355998 -0.157956 -0.179653 0.211335 -0.0169068 -0.131197 0.00798743 0.726662 -0.146817 -0.089948 0.175427 -0.0274533 0.43412 -0.119954 -0.321603 -0.557869 
0.20342 0.556593 0.34748 -0.115548 -1.16036 0.303623 0.134744 0.238863 0.511293 -0.0335921 1.02641 -0.22974 -0.353543 -0.261032 -0.326669 -0.0286335 0.458542 0.333855 0.655438 -0.279732 0.00290212 0.135524 -0.724659 0.440162 0.428282 0.341841 -0.394502 -0.958945 0.0439007 0.169954 -0.180975 -0.515739 -0.446536 0.181217 0.955062 -0.278068 -0.533553 0.123642 -0.358085 -0.723849 -0.661642 0.0548438 -0.547092 0.243295 -0.251168 -0.217486 0.153167 0.481984 0.363199 -0.741459 -0.0228488 -0.608786 -0.170401 -0.647243 0.567788 0.370867 -0.130374 0.330488 0.276045 0.0337773 0.200303 2.53519 -0.266222 -0.962771 -0.77821 -0.0771347 -1.0003 0.565248 -0.267946 -0.0811611 0.843316 -0.865409 -0.667015 -0.198294 0.899742 0.85219 0.721353 -0.75527 0.557049 -0.420751 -0.0122504 0.178216 0.0267895 0.154241 0.257961 -1.20783 -0.425041 0.283493 -0.276601 -0.348068 0.105028 0.422715 -0.147035 -0.734257 -0.171032 0.11762 -0.669774 0.176068 -0.186766 0.725572 
-0.125414 0.457176 0.268028 0.283184 -0.203924 -0.145281 -0.976504 0.520751 0.628869 -0.0532343 0.760507 -0.157662 -0.97374 0.777782 0.460827 -0.0327417 -0.104012 -0.587364 -0.0695217 0.205094 0.0804481 0.305275 0.242412 -0.176379 0.0711268 -0.380009 0.282392 0.343947 -0.442208 -0.891373 -0.538924 -0.182535 -0.0395518 -0.484563 0.0142398 -1.03616 0.531479 0.202458 0.809845 -0.699561 0.836855 0.227743 -0.289544 -0.235939 -0.436317 0.273652 -0.812481 0.0995157 -0.798942 0.388654 0.0356234 -0.429526 0.0647715 0.754797 0.824253 0.054435 -0.0964293 -0.491737 -0.332021 -0.166131 0.601041 -0.222993 2.19107 0.906161 0.579383 -0.0202896 0.361531 0.531657 -0.944206 -0.231624 0.582112 0.138584 0.221619 -0.316238 0.0891466 -0.373167 -0.302399 0.652732 0.215138 -0.046031 -0.0924581 0.442119 -0.293105 0.374029 0.475822 0.244795 0.508846 -0.508994 -0.257128 0.392836 -0.0919919 -0.181535 0.0204747 -0.750362 0.532034 -0.617761 -0.317228 -0.571939 -0.407643 0.0613249 
0.663707 -0.409274 -0.796474 -0.232744 -0.123769 -0.0544051 -0.411131 0.280153 -0.433409 -1.02176 -0.25721 -0.310119 -0.0373661 0.287779 -0.577399 0.272171 -0.123466 -0.0411391 -0.444594 0.522112 0.223192 -0.256678 0.18605 -0.248179 0.327468 -0.0974113 -0.605476 -0.664154 0.0263203 -0.0901183 0.413153 0.370065 -0.154322 0.340333 -0.428273 -0.194284 0.93458 1.07586 -0.0591547 -0.903819 0.260791 -0.673978 -0.343232 -0.731788 -0.140067 0.694629 0.196786 0.0167539 -1.13428 0.341529 0.465318 -0.484478 -0.310673 0.596233 0.459951 -0.126243 0.561143 0.0145612 -0.330926 0.677937 0.304582 -0.975228 0.850476 2.92029 0.602351 0.04103 -0.0612983 -0.499478 -0.845215 1.0006 -1.09675 0.783684 0.345157 -0.441228 -0.304634 -0.942051 -0.109304 -0.11633 -0.681728 0.620829 0.00146024 0.947433 -0.41111 0.260115 0.0325023 0.760268 0.393889 -0.606978 -0.285138 -0.989625 -0.0821435 -0.636725 -0.57719 -0.889644 0.59698 -0.123776 0.126694 -0.188004 -0.0935809 -0.16477 
0.228867 0.037283 -0.669027 0.0584363 0.0181814 -1.34475 -0.27308 -0.0228768 0.309032 -0.792389 0.419437 -0.0545786 0.00620814 0.17384 -0.0177485 0.550501 -0.249161 -0.495638 -0.69736 0.599672 -0.0081483 -0.306268 0.254515 0.737855 -0.580092 0.743007 0.724496 0.194166 -0.817793 -0.913522 -0.0129492 0.0694842 0.138997 -0.184931 0.0235655 -0.626449 0.165798 -0.501783 0.54847 0.167711 -0.321908 -0.225471 -0.136795 0.532006 0.761055 -0.300653 -0.331163 0.0482009 -0.799545 -0.60725 -0.762571 0.229549 0.127057 0.84124 -0.725599 0.419826 0.2944 0.166694 -0.240224 -0.474686 0.420369 -0.76359 0.550773 0.629427 2.21846 -0.0691954 0.16205 -0.875657 -0.116333 -0.374617 -0.260092 -0.228859 0.152554 -0.298613 -0.346923 -0.668302 -0.0969702 0.178843 -0.413581 -0.143888 0.681591 1.02089 0.214607 -0.443876 -0.172626 0.437436 -0.0966986 0.0194687 -0.271931 -0.0469721 0.30458 0.521195 -0.663723 0.339251 0.650683 0.550064 0.451519 -0.447183 -0.0910844 0.422664 
-0.113316 -0.146174 0.305951 -0.0517183 0.369985 -0.0767228 -0.468702 0.885557 -0.500858 0.0576174 0.129399 -1.10173 -0.332047 -0.422954 -0.192633 0.27378 -0.322733 0.211631 0.11984 -0.176663 0.368524 -0.242806 -1.14279 -0.332598 -0.317905 -0.0982913 0.347184 -0.274457 0.22447 0.337085 0.114039 0.239887 0.554262 0.408764 -0.307835 -0.188877 -0.305055 0.341535 -0.204334 -0.794354 -0.137154 -0.461364 -0.078466 0.810693 -0.476598 -0.382932 -0.246094 0.169621 -0.0667313 0.209969 -0.00660292 -0.402895 -0.342348 0.140836 -0.155176 -0.32186 -0.459454 0.341002 -0.266381 -0.00321271 -0.223665 -0.101298 -0.0876817 0.0293236 -0.107978 1.35207 0.836097 0.327889 1.07056 -0.0943754 -0.311762 0.138299 -0.825149 -0.32117 -0.0853029 -0.44541 -0.346513 -0.000202924 -0.528961 -0.244889 -0.123482 -0.0981027 -0.099037 -0.495207 0.350759 -0.161206 0.230742 -0.289964 0.624594 0.301916 0.619431 0.288038 -0.208778 -0.195365 -0.0646591 0.0391622 0.419632 -0.0539702 -0.543396 -0.357233 
0.181658 0.185752 0.276152 0.452644 0.500516 -0.371908 -0.32921 0.254436 -0.573934 -0.256259 -0.108931 -0.355837 -0.339814 0.262267 0.139031 -0.253021 -0.238485 -0.302887 -0.287904 -0.275196 0.298078 -0.0840644 -0.587528 -0.589935 -1.09907 -0.140645 0.0969753 0.792584 0.539295 -0.0103853 -0.200183 -0.732075 0.886506 -0.171289 -0.181639 0.17581 -0.0605249 -0.0219733 0.470144 -0.0842696 0.188057 -0.0854423 -0.0909472 -0.227017 -0.0372001 0.0287911 -0.823456 -0.0367834 -0.336716 0.0894022 -0.17416 -0.957394 -0.940347 0.203733 -0.296657 -0.475095 0.0630288 0.21232 -0.2258 -0.188188 0.336358 -1.01363 0.304973 -0.0621709 0.134101 0.846931 2.20645 0.819026 0.696878 -0.26151 -1.08413 0.306924 -0.319672 0.340672 -0.426115 -0.0876216 -0.42734 0.353672 -0.0583202 -0.590086 -0.473917 -0.40591 0.566976 -1.13216 0.754653 0.389167 0.514583 -0.91896 -0.0828586 0.761399 0.0211066 0.477694 0.351812 0.761407 -0.29095 -0.05404 0.330067 0.160832 -0.0616392 -1.09373 
-0.281515 0.847581 -0.250731 0.512189 -0.0553297 0.101849 0.421585 0.877651 -0.401883 0.173992 1.03415 -0.730138 -0.200842 -0.100837 -0.904159 -1.04776 0.603114 -0.150216 0.199177 -0.978955 0.684603 0.583184 -1.07207 -1.50958 -1.10796 0.167609 0.170975 0.192819 -0.163767 -0.770596 -0.757078 -0.10679 -0.606072 0.431368 0.614474 0.413521 0.4934 -0.0834353 0.166572 0.0479617 0.797079 0.460281 0.00716403 -0.445368 -0.129216 0.490406 -0.711373 0.184486 0.162999 0.0531493 -0.345586 -0.286331 -0.202121 -0.164237 0.720368 -0.174931 -0.357856 0.560793 0.283737 0.551421 -0.123871 0.593171 0.516352 -0.459098 -0.862353 0.379976 0.860278 3.10516 0.0764716 0.0575177 -0.0159955 -0.392497 -0.264604 0.572219 -0.815205 0.64854 0.00346548 0.553979 0.0765 -0.0286604 -0.431664 -0.123808 0.380684 0.194453 0.198148 -0.43167 -0.174581 -0.997948 0.282771 -0.069442 -0.676581 0.301143 0.682425 -0.844037 -0.661571 -0.715952 0.0464635 -0.0730266 0.118136 0.0630025 
0.134699 0.144047 -0.362155 0.00427737 1.03818 0.339608 0.489562 0.208621 -0.162325 -0.458757 -0.114364 -1.03607 -0.392985 -0.614948 -0.595459 0.389071 -0.133896 0.817755 -0.251635 0.42455 -0.0665302 -0.226943 -0.470986 -0.656694 -0.799136 0.417936 0.593049 -0.0413042 0.36004 0.522646 -0.108308 -0.131245 0.527605 0.142185 -0.428358 0.378672 -0.679503 -0.504075 0.00941032 -0.514992 -0.368486 -0.115382 0.31526 1.28177 -0.0562495 -0.211811 0.570739 -0.690477 0.720206 -0.140901 0.397216 0.192025 0.212047 0.395116 -0.184345 -0.0131507 -1.09768 0.0626209 -0.0437597 0.217052 -0.984438 -0.253972 -0.973461 -0.818785 -0.116979 1.1087 0.724181 0.062522 2.56872 -1.02156 -0.318508 -0.0179753 -0.512152 0.305814 0.351709 -0.570951 0.0710844 0.135576 -0.994638 -0.286332 0.00325914 -0.758071 0.555165 -0.889178 0.498957 0.10533 -0.146388 0.551965 0.462832 0.232293 0.507421 0.0872345 -0.201494 0.303153 -0.131229 -0.000388736 0.0222856 0.195028 0.0447849 -0.468321 
0.0903102 -1.3774 0.0468297 0.312742 -0.67441 -0.32757 0.414175 -0.144675 -0.379522 0.462681 -0.929341 -0.118694 0.305926 -0.204215 0.184019 -0.339372 -0.420163 0.02835 0.540572 0.0401276 0.106936 -0.381084 -0.675174 -0.157016 -0.143398 0.0693231 -0.861546 -0.940053 0.568757 0.10491 0.0501051 0.706039 -0.200083 0.549778 -0.150778 0.273741 0.484236 0.754431 -0.64573 0.549732 0.00403643 0.12957 0.00659604 -0.438407 0.101896 0.485799 -0.722015 0.627823 -1.035 0.0904659 0.255698 -0.0493712 -0.439102 -0.371336 -0.0567679 -0.310584 0.705659 0.237812 0.112538 0.0233179 0.324253 -0.127043 -0.320734 0.967172 -0.435119 -0.116094 -0.294063 -0.0162875 -1.08141 2.08904 -0.708185 -0.378889 -0.400566 -0.298271 -0.672859 0.495133 0.677572 0.15256 0.26386 0.0761605 -0.173005 0.183342 -1.03847 -0.111889 -0.257795 0.0549296 0.221513 -0.0995069 0.530513 -0.804913 -0.539322 -0.583413 -0.412851 -0.465284 -0.110503 0.0747582 0.190632 -0.112651 -0.451095 -0.142641 
-0.325824 0.252337 0.57064 -0.427504 -0.15629 0.11329 0.0954273 -0.300017 0.382695 0.354624 0.0780018 -0.201493 -0.710579 0.0224768 0.275715 -0.377837 -0.408252 -0.137511 1.09205 -0.25168 -0.18415 -0.477453 0.326169 0.37276 0.430324 -0.0811278 0.7751 -0.0377244 -0.805139 -0.524258 -0.19619 0.0874984 0.24163 -0.699634 0.269392 -0.776779 -0.0887781 -0.877171 -0.0750749 -0.0760193 0.649956 -0.238776 0.00379385 0.405461 -0.844964 -0.998534 0.106762 -0.155338 0.403763 0.539085 -0.225142 0.0239558 0.256736 -0.151322 0.37847 -0.134092 -0.371275 -0.407908 0.237744 -0.00290012 -0.499163 0.831798 0.527365 -1.09581 -0.28623 -0.299117 -1.08232 -0.0554371 -0.344 -0.673821 2.54613 -1.15991 -0.0610578 -0.229014 0.185272 0.482305 -0.0938934 0.170485 0.272904 0.0994087 -0.000604221 -0.377405 0.221764 1.34072 -0.739843 0.0287087 0.150457 0.108052 0.204039 0.695632 0.60703 -0.444345 -0.378593 -0.538818 0.531132 -0.655473 -0.604231 -0.718382 -0.415938 1.24814 
-0.44969 0.0346104 0.26151 -0.68133 0.0424673 0.571811 -1.21277 0.936239 -0.615309 -0.306716 -0.560088 0.388428 0.251621 -0.342389 0.153499 -0.112076 0.287272 0.170302 -1.164 -0.469944 -0.747266 0.258906 0.0953504 -0.678598 0.944562 -1.10436 -0.0954458 0.63748 0.00349327 0.498424 -0.320238 0.0549772 -1.00772 0.0883467 -0.705277 -0.158969 0.173367 0.924649 -0.0347192 -0.471417 -0.455656 -0.0561633 -0.421048 -0.611545 0.0221385 0.173296 0.424735 -0.319854 0.698812 0.210584 0.110469 0.408559 -0.0300362 -0.33706 -0.350338 0.355268 -0.0303698 -0.679503 -0.689512 -0.359324 0.213739 -0.882165 0.0785982 0.779384 -0.260236 0.145706 0.303497 -0.437177 -0.0487057 -0.349764 -1.16515 2.59681 -0.0919245 0.33193 0.34973 -1.00769 -0.858806 -0.265713 -0.0411308 0.164812 0.69694 0.180667 0.217496 -0.354826 0.579295 0.74293 0.226275 -0.389957 0.109961 -0.0640035 -0.254681 0.274932 0.829042 -0.475807 -0.511264 0.509326 0.165429 0.364647 0.114358 -0.125735 
0.354003 0.150881 -0.260789 -0.373851 0.316041 0.200458 0.389669 -1.17993 0.476413 0.30994 0.622795 0.600347 1.10549 0.276201 0.377319 0.184982 -0.379492 -0.666758 -0.900564 -0.0458108 1.03914 0.709027 0.885138 0.0674175 0.0478765 0.0506235 -0.040127 0.200021 -0.258125 -0.905719 -0.468408 0.234518 -0.576603 -1.04122 -0.877249 0.523172 -0.262706 -0.432562 -0.453335 0.391721 0.485007 -0.595205 -0.108003 -0.265864 -0.126553 0.147636 0.211703 -0.26417 -0.129481 0.120753 0.529139 0.00621335 -0.18589 -0.345882 0.547432 0.731238 -0.0968458 0.055046 -0.428601 0.487466 -0.277061 -0.676142 0.169264 0.348487 0.128808 -0.810112 -0.315469 -0.301654 -0.535252 -0.36381 -0.0586658 -0.084294 2.34386 0.325122 -0.0120071 -0.329122 -1.02091 0.0253738 -0.38937 0.477172 -0.96037 -0.163013 0.320602 0.717817 -0.0708696 -0.409767 0.114503 0.0225336 -0.899159 -0.548021 -0.358677 0.0236811 -0.558098 0.274833 0.0910844 -0.301731 0.0409021 -0.106814 0.497558 -0.78003 
-0.170741 -0.0335855 -0.305905 0.0351988 -0.577212 0.243693 0.57508 -0.192772 -0.442381 -0.333184 -0.0112056 0.165005 0.393234 -0.78 -0.347215 -0.669514 0.496148 0.356773 -0.352354 0.745696 -0.722011 -0.220732 -0.434563 -0.593293 -0.163272 0.374616 -0.102572 0.859546 0.766531 -0.3068 -0.352493 -0.0499764 -0.788653 -0.839349 0.0242224 0.448781 0.678533 -1.01033 -0.37994 0.374858 0.621793 -0.210732 0.0233839 0.14698 0.0347184 -0.339346 -0.575125 -0.986701 0.0789745 0.661446 0.305753 -0.0724715 -0.86254 -0.0513211 -0.302759 1.03703 0.417685 -0.585966 -0.535081 -0.296835 -0.0238452 -0.230968 -0.39214 -0.461445 -0.345906 -0.32968 0.321328 0.511622 0.259167 -0.285063 -0.25017 0.316013 0.301575 1.95679 -0.204964 0.325057 -0.19867 -0.566647 -0.295268 -0.523029 -0.0527458 -0.471974 0.746679 -0.331665 -0.237255 0.0697995 0.281581 0.0115895 -0.404207 -0.0380107 -0.438727 0.38393 0.670368 -0.415128 -0.253263 -0.340551 -0.546626 0.319997 0.66871 0.0284883 
0.0441255 0.115921 0.475028 0.0795486 -0.158263 0.540304 -0.593482 -0.567602 0.582098 -0.358278 0.18436 0.0112265 -0.823043 -0.205892 0.314033 0.143096 -0.0379663 0.176446 -0.25383 0.252473 -0.664057 0.284826 0.489993 -0.0276423 0.705779 -0.161422 0.185076 -0.505182 0.21491 0.382753 -0.344084 -0.742125 -0.129667 -0.458233 -0.232714 -0.75068 -0.766274 0.569924 -0.486838 -0.599437 -0.443789 0.202308 -0.70371 0.254839 0.0859936 0.312145 0.638981 -0.217229 0.454651 -0.317884 0.537383 -0.445458 -0.200204 -0.321399 0.285289 0.498451 -0.184888 -0.368599 0.00751598 -0.195726 0.199066 0.875724 0.0219 -0.316195 -0.38556 -0.0851573 -0.436803 -0.867145 0.313718 -0.650995 0.172773 0.342469 -0.0268985 -0.196308 1.75024 0.0187867 0.033699 -0.491895 -0.0943771 -0.122414 0.207779 -0.0984208 0.452622 -0.430461 1.19773 -0.554383 -0.330527 0.718753 -0.627194 0.194751 0.189419 -0.337127 -0.58488 -0.344753 0.171041 -0.0892322 -0.696462 0.51375 -0.623919 -0.479862 
-0.0111135 -0.0988307 -0.0195401 0.835823 -0.840019 -0.208324 0.0883933 -0.85738 -0.0689833 0.350274 0.112124 0.265279 -0.161511 -0.121654 -0.0226395 -1.01285 -0.366691 -0.262379 0.731036 -0.427319 -0.100737 -0.706144 -0.263704 -0.470032 -0.529177 -0.0547919 -0.422514 0.100653 0.335229 -0.0720901 0.0995543 -0.224758 -0.189911 -0.0815266 0.0362277 -0.162245 -0.122747 -0.345131 -0.43187 0.85131 0.156141 0.512156 -0.251754 -0.484365 -0.0431692 0.145639 -0.0154405 0.816082 0.701306 0.182831 -0.927812 -0.219061 -0.796949 -0.0333369 -0.27941 0.0120231 0.665217 -0.0469853 0.360496 0.104748 0.283969 0.819677 -0.448909 -0.962107 -0.715434 -0.45376 -0.106805 0.588104 -0.617437 0.508502 0.46131 -1.02345 -0.352509 0.325218 0.0102914 2.0436 0.834258 -0.46335 0.296284 -0.247947 -0.987169 0.166775 0.214761 -0.280142 -0.618199 -0.311152 -0.299287 0.106204 -0.197266 0.706024 0.0791058 -0.412469 -0.290532 -0.279956 0.181481 0.0630675 -0.599764 0.984594 -0.0479082 -0.247734 
0.250515 -0.156264 -0.586771 0.424423 -0.812354 0.0992513 0.743042 -0.353369 0.479329 -0.331507 -0.210428 -0.157146 -0.617456 0.0703622 -0.272542 -0.186805 -0.165175 0.645531 0.319261 0.57503 -0.630428 -1.23304 -0.0615481 0.00406545 -0.771066 0.222249 -1.0301 -0.736013 0.210992 0.309822 -0.165154 -0.56354 -0.0674969 0.300488 0.326184 0.118156 0.148434 -0.20675 0.52909 -0.0320388 -0.553707 0.989864 0.128567 -0.381402 -0.0321583 0.616194 -0.00140049 0.70867 0.181709 -0.72949 -0.204922 0.127921 0.232015 0.774566 0.0127599 -0.176332 -0.100753 -0.350591 -0.0617225 0.333356 0.366735 0.729342 -0.337639 -0.0888582 -0.103601 -0.31436 -0.406021 -0.0164686 0.0651 0.731443 -0.0743859 -0.83406 -1.00379 -0.158007 0.0657058 0.874761 2.07301 0.451084 0.304994 -0.353279 -0.077288 -0.207974 -0.419531 -0.831834 -0.180469 0.657704 -0.180674 0.745475 0.481706 -0.486552 -0.216663 -0.323423 -0.384708 -0.340589 0.213163 0.345988 -0.634243 -0.0223232 0.143385 0.272579 
-0.390133 0.102564 -0.00360692 -0.319952 0.463887 0.0963413 0.408544 -0.325891 0.0688966 0.373169 -0.189763 -0.41028 -0.539241 0.304661 0.507092 -0.435137 -0.613044 0.109687 -0.223853 -0.244562 0.0319992 -0.266365 0.301882 -0.341958 -0.98078 -0.383375 0.204316 -0.401017 -0.635692 -1.07559 -1.19473 -0.21291 0.000584841 -0.220105 -0.204412 -0.0910563 -0.0972957 -0.00952202 0.546769 0.349262 0.193903 0.661444 0.287963 -0.400327 -0.0117806 0.679292 -0.540979 0.133652 -0.339283 -0.481973 0.130372 0.253061 0.683971 0.0706053 0.116342 -0.426803 -0.971219 -0.154061 -0.223504 0.0384301 0.10363 -0.786445 0.578328 -0.135048 0.133048 -0.00721504 0.335826 0.49488 0.0904272 0.167267 0.150828 -0.280132 0.00332468 -0.565149 -0.499053 -0.462013 0.41192 2.00912 0.465404 0.216367 0.171468 -1.16041 -0.469272 -0.222671 0.326668 0.959445 0.111177 0.212502 1.13743 -0.199092 -0.460793 -0.108022 -0.381269 0.019598 -0.0509652 -0.334298 0.724496 -1.28246 -0.401591 -0.224385 
0.0966715 0.655865 0.0707951 0.0645695 -0.737008 -0.409599 0.244736 -0.412318 0.0158559 -0.052781 -0.674225 0.762744 0.221234 0.474971 0.21863 -0.389344 -0.17469 0.107166 0.764298 -1.03253 -0.204402 0.159739 -0.245595 0.565121 0.258545 -0.754598 -0.287595 0.601391 0.464666 -1.017 -0.305177 -0.475411 -0.0178497 -0.741559 0.476 0.224743 -0.321308 0.830599 0.768945 -0.142456 -0.576148 0.00932316 0.317694 -0.457131 -0.184378 -0.00112595 -0.252929 0.33659 -0.637316 -0.6257 -0.0508348 -0.459608 -0.0255076 -1.66443 0.369328 -0.562542 -0.945113 -0.172362 0.0283512 -1.92781 0.603226 0.568129 0.182989 -0.658191 -0.417121 -0.493718 -0.0339106 0.0596569 -0.997532 0.320823 0.295502 -0.0132939 -0.369164 -0.251514 -0.0592793 0.339877 0.308085 0.50766 2.89779 0.305323 0.582413 -0.61348 -0.690677 -0.376077 -0.0249314 0.324176 0.696061 0.268489 0.295945 -0.05937 0.193162 0.124408 0.630554 -0.0876962 0.324326 0.133587 0.333791 0.523171 0.585171 0.348354 
-0.734102 -0.148681 -0.160101 -0.115939 0.0497691 -0.33489 0.35003 -0.428073 -0.321715 -0.0330336 -0.0892483 -0.26177 0.644604 -0.248922 -0.368444 0.416388 0.66104 0.327647 -0.341395 -0.631026 0.25795 0.31576 0.466766 -0.507384 -0.161052 -0.59309 0.480834 0.585709 -0.0834003 -0.081001 0.0921754 0.0268223 0.0239574 -0.79107 0.237877 0.10073 0.899749 0.938342 -0.201802 -0.104856 0.459993 -0.435157 0.547179 -1.27805 -0.249092 0.652386 1.17912 -0.0961629 0.45188 -0.0264751 -0.0301736 0.530188 -0.0949151 -0.363421 -0.529489 -0.896905 -1.25244 1.07051 -0.0828692 -0.25034 -0.0221125 -0.426338 -0.0948467 0.627699 -0.164094 -0.226313 -0.582344 -0.0621705 -0.305892 0.116456 0.10534 0.175982 0.480711 -0.495942 -0.103983 -0.221021 -0.366855 0.241956 0.288656 2.59217 0.0702481 -0.202933 0.0310695 0.242551 -0.65635 -0.330227 -0.603919 0.241599 -0.29542 -0.577624 0.695993 -0.895614 -1.27291 -0.880347 0.908209 -0.380447 0.523971 0.146708 -0.801275 0.148939 
-1.14919 -0.0110597 -0.168155 0.300293 0.365372 -0.463693 0.486074 0.098837 -0.114832 -0.799181 -0.918183 -0.0635979 -0.124471 -1.04648 -0.882662 -0.193847 0.474282 -0.275188 -0.262594 -0.382976 -1.4913 -0.303306 0.325389 0.607374 0.902425 0.541175 1.33556 -0.462429 -1.01142 0.0195183 0.118551 -0.258602 0.151641 0.0562435 0.4093 0.0849415 0.52666 0.917571 -0.291248 0.024143 -0.0836599 0.511039 -0.0155328 0.588166 0.641742 -0.369631 -0.431426 -0.0383867 -0.719104 -0.440839 -0.0772167 0.134686 0.458805 -0.976458 -0.188099 -0.0924319 0.121126 -0.303294 -0.343945 -0.911742 0.55095 0.0233208 -0.100116 0.0494884 0.702542 -0.0637471 -0.425016 -0.424016 0.0248568 -0.0915517 0.0464853 0.749268 -0.915673 0.0154994 0.267368 -0.919085 -0.0497059 0.238215 0.606904 0.111406 3.28075 0.0736247 1.07298 -0.0463319 1.02829 0.511018 -0.147546 0.269558 0.637724 -0.895488 -0.154052 0.33804 0.415313 -0.281169 -0.30951 -0.332617 0.196743 -0.347009 -0.200967 1.18454 
0.536472 -0.441654 -0.554499 0.793144 -0.401373 -1.29435 -0.934475 0.858546 0.499707 -0.655662 0.0947232 0.05904 0.0552566 0.129994 -0.498702 0.254376 -0.195039 -0.998468 -0.173162 -0.417808 0.356207 0.362836 -0.349068 -0.409265 0.0723513 0.475794 0.266421 0.162928 -0.570186 0.0674846 0.332442 0.714041 -0.655801 0.720379 -0.407499 -0.602286 0.070187 0.206833 0.0726073 -0.122561 -0.571588 -0.0692162 -0.65929 0.345695 0.444327 -0.309272 0.156572 0.563699 -0.142696 -0.248033 -0.929389 0.513832 -0.0542249 0.436807 0.177143 0.269911 0.791846 0.13619 0.453359 -0.103862 -0.155583 0.185144 0.405818 0.966818 1.0132 -0.067011 -0.385652 -0.144803 -0.765116 0.236152 -0.358959 0.204352 -0.146959 -0.432372 -0.0674748 0.206216 -0.209035 -1.12231 -0.617632 -0.190418 0.0449818 2.49434 0.0632912 0.187062 -0.179204 -0.346053 -0.147623 -0.706028 -0.866498 -0.047804 0.0475562 -0.364745 -0.196956 -0.624272 0.24839 0.726653 -0.755556 0.915347 -0.0613114 0.694052 
0.0923768 0.414442 0.389294 0.1432 0.481193 -0.0970934 0.808467 -0.614295 -0.0552535 -1.01208 -0.223557 -0.0144717 0.100521 -0.629688 -0.506514 -0.509324 -0.0211145 -0.508216 -0.560719 -0.860478 -0.25442 -0.79321 0.588741 -0.350543 -0.189699 0.910572 1.16695 0.282435 -0.828145 0.350431 -0.476241 -1.00175 0.334222 -0.741818 -0.158805 0.462343 0.391468 -0.131241 -0.559648 0.258826 0.362257 -0.0961675 -0.678094 -0.284703 0.0813554 -0.533813 0.464671 0.208063 1.00423 -0.0703377 -0.440567 -0.798794 -1.36141 -0.565583 -0.200887 0.276816 0.565088 0.129933 -0.407655 0.797574 0.0804824 0.0403183 -0.322805 -0.385125 0.213516 -0.061345 0.593835 0.366289 0.554721 -0.979062 0.246811 0.247781 0.343257 0.792881 0.490169 0.260802 -0.413992 -0.424568 -0.688228 0.0501851 1.05094 0.0698915 3.15714 -0.0213249 1.02075 0.711176 0.0163309 -0.881608 -0.674554 -0.132953 0.150945 0.433742 -0.681162 -0.0463417 -0.317476 -0.13795 -0.762612 0.132992 -0.229287 0.628073 
-0.117653 0.00453486 0.0671456 -0.792266 0.304691 0.359469 0.00288197 0.0716328 -0.171441 0.260923 -0.0801081 0.0650385 0.101493 0.137676 -0.295483 -0.332692 -0.0307035 -0.636955 0.509933 -0.565205 0.398601 0.355439 0.524447 0.203275 0.914055 -0.150008 0.185995 -0.486973 -1.01381 -0.163121 0.337455 0.535898 -0.142955 0.174127 0.060856 -0.0828167 0.0990931 -0.425808 -0.507189 -0.0321767 0.665617 -0.628963 -0.133845 -0.253146 -0.583279 -0.69666 0.152168 -0.40192 -0.118721 0.620028 0.16394 0.0987548 0.583682 -0.401802 0.80055 -0.275671 0.389981 -0.0609333 0.467492 0.875151 -0.768081 0.136505 0.313064 0.254835 -0.476232 -0.48878 -1.13657 0.148794 -0.920887 -0.0837435 1.3345 -0.355806 0.709207 -0.316727 -0.42418 -0.265365 -0.85756 -0.209232 -0.404894 0.230402 -0.0996393 0.162398 -0.0525898 2.10715 -0.755334 -0.219049 0.0106024 -0.710821 -0.12688 -0.1892 -0.224605 -0.459401 0.304709 -0.160489 -0.213897 -0.715594 -0.217611 -0.848078 0.110354 0.864279 
0.0418318 -0.114725 0.761827 0.585444 0.527208 0.210768 -0.0733306 -0.0896929 0.701303 -0.336685 -0.230774 -0.284702 -0.787447 -0.14852 0.327506 0.0114081 -0.232044 -0.430403 -0.602701 -0.312566 -0.268545 0.614491 0.135712 -0.391232 0.102244 0.358426 0.527489 -0.742672 -0.0714014 0.299823 -1.01556 -0.876197 0.19122 -0.133946 -0.439671 -0.045184 -0.588846 1.03511 -0.281056 -0.416466 -0.279785 0.67185 -0.766394 0.366928 0.344302 0.486475 -0.538219 0.104321 -0.466076 -0.67284 0.869693 -0.832441 -0.354008 -0.728919 0.823993 0.213815 -0.0680692 -0.173745 -0.184449 -0.0468285 0.379182 0.255952 0.430584 0.0429503 -0.189254 0.372914 0.765974 0.168216 0.482974 -0.213922 -0.730334 0.594042 -0.0637522 -0.206589 1.21973 -0.587694 -0.190467 0.355835 -0.0380204 -0.652772 0.990708 -0.188141 1.00521 -0.739607 2.53329 -0.178658 0.153566 -0.150791 -0.257546 -0.424794 -0.658298 0.0973363 -0.219447 0.0377106 -0.710965 -0.30812 -0.51551 -0.0631738 -0.729582 -0.687778 
0.969607 0.228104 -0.26 -0.8484 0.224511 0.300131 0.320167 -0.0933706 -0.579013 -0.99779 -1.48447 0.238681 -0.480974 0.449876 0.225293 -0.82471 -1.12317 0.56521 0.139271 -0.157155 -0.56653 -1.72229 0.542947 -0.343731 -0.323798 -0.195889 -0.112322 0.0973152 -0.431287 -0.499909 -0.714117 -0.0758596 -0.103642 0.0105984 -0.64253 0.0273996 0.360002 -0.0735161 0.794399 0.14118 -0.219331 0.0150139 -0.12678 -0.531555 -0.0804761 0.0136499 0.500554 0.143877 0.448475 0.154222 -0.296878 -0.089706 -0.227696 0.171064 -0.145386 -0.0451747 0.148371 -1.06205 -0.298479 0.37958 -0.10689 -1.18196 0.227439 0.798597 0.448689 -0.11117 0.428369 -0.433721 0.117229 0.126684 0.0660994 0.78556 -0.374768 0.128346 -0.504493 -0.252767 0.675588 1.01649 0.338968 -0.298768 0.501319 -0.327109 0.723519 -0.17544 -0.150777 3.04324 1.03844 -0.530376 1.01076 0.145879 0.0340971 -0.128015 -0.0804926 -0.229833 0.228004 0.573981 0.0275613 -0.511163 0.470676 0.86682 
0.721128 -0.274402 0.333106 -0.202811 -0.217235 -0.0904959 0.155576 0.239238 0.123309 -0.168282 -0.903367 0.0432186 0.0972289 0.265183 0.431046 -0.0323517 -0.964846 -0.0889289 0.381929 -0.154282 0.256976 -0.569607 -0.544415 0.0273679 0.0848012 -0.150802 -0.302227 0.366665 0.429752 -0.267204 -0.424012 0.239306 0.137643 -0.629328 -0.75766 0.316265 0.0130253 -0.0809111 0.382299 -0.575724 -0.00771121 -0.601249 -0.0642245 0.378478 -0.908063 -0.765391 -0.636704 0.0738571 -0.62706 0.421773 0.482671 -0.580451 -0.678228 -0.429066 0.678519 0.0255059 -0.19242 -0.722349 -0.619577 -0.477814 -0.177848 -0.448429 0.442229 0.382958 -0.134706 0.231517 0.504524 -0.225893 -0.18375 0.244007 0.138587 0.219644 0.100242 0.290867 -0.329897 -0.290162 -0.212051 0.118964 0.661593 -0.62172 -0.206505 -0.177939 -0.0205859 0.00495055 0.132186 0.989176 1.48859 -0.561623 0.18984 -0.0782204 0.118953 0.0564749 0.22058 -0.247968 0.0885928 0.0865876 -0.514476 -0.0839581 0.450059 0.288031 
-0.791301 -0.0519061 -0.780442 0.333217 -0.238412 0.285463 0.17638 -1.15043 0.393316 0.283934 0.354366 -0.0764544 -0.0408593 -0.679497 -0.166477 0.182196 -0.145348 0.507965 -0.262048 0.946925 -0.788473 -0.296431 0.252181 0.373477 0.153066 -0.250523 -0.0869619 -0.505667 0.347846 -0.407515 0.172209 0.0761177 -0.325757 -0.501234 -0.362502 -0.220674 -0.568447 -0.01891 -0.398056 0.0312347 -0.21172 0.476937 0.391502 0.81153 0.0983561 0.474034 0.18533 -0.0816133 -0.0618427 -0.208879 0.259459 0.592552 0.713909 0.200847 -0.256662 0.505692 -0.803348 -0.510765 -0.472932 -0.745617 0.208518 0.255482 -0.580234 -0.622532 -0.0231618 -0.293812 -0.933641 -1.05388 0.50998 -0.0816358 0.0915593 -0.401212 0.00364896 0.0162525 0.71476 0.110707 0.709475 0.215666 0.229398 0.219175 0.205976 -0.740967 -0.923148 -0.721096 -0.176794 -0.584259 -0.566246 2.05314 0.449028 -0.221317 0.294878 -0.286086 -0.446079 -0.251489 0.614179 -0.206889 0.216908 0.44428 0.118464 -0.811524 
-0.663122 0.0383746 -0.0936907 -0.50782 0.288897 0.513768 0.0757405 0.252495 -0.74861 0.683073 -0.279991 -0.586738 -0.119607 -0.581018 -0.0230003 -0.65063 -0.832774 0.490097 0.366273 -0.327956 -0.230449 -1.1044 -0.616505 -0.00602294 -0.0347904 -0.466838 0.132969 -0.947825 -0.440273 -0.528789 -0.217053 0.75813 -0.189114 0.722001 -0.489598 -0.00515736 -0.274169 0.356526 -0.269629 0.18701 -0.0429905 0.342638 0.272219 0.653495 -0.259807 0.0244343 -0.353601 0.711251 0.0815088 0.247643 -0.324567 0.333711 0.567179 -0.164688 -0.267247 -0.0779859 -0.398808 -0.460181 -0.488778 0.0565903 0.010937 -0.273951 -0.297706 -0.27003 -0.2839 0.651408 -0.0668788 0.257498 0.451509 0.579045 0.218207 0.129368 -0.887382 -0.368883 -0.600526 -0.162103 0.476368 1.17126 0.287515 -0.287183 0.604803 -0.870776 -0.685433 -0.106493 -0.252887 0.987537 0.215878 0.479689 2.15797 -0.0204288 0.128786 0.362725 0.143475 -0.370073 -0.223718 0.0753511 1.12698 -0.639571 -0.0403151 0.0440437 
0.0112069 0.316567 0.510451 0.0557427 0.249626 -0.060873 -1.47272 -0.0809941 -0.648862 0.22292 -0.00345658 0.109001 -1.11325 0.422509 0.698032 -0.741759 -0.458472 -0.121562 0.698063 -0.0112215 -0.344014 -0.0222411 0.0504113 -0.367605 -0.102574 -0.70246 0.508886 0.83919 0.251199 -0.306372 0.23868 -0.115173 0.481101 0.0379959 -0.0520362 -1.32191 -0.665143 -0.556527 0.137091 0.449842 0.246991 -0.0801666 -0.252396 0.176283 0.180668 -0.275773 0.139652 -0.45076 0.616715 0.786181 -0.783257 -0.221059 -0.228411 0.40916 -0.701155 -0.11859 0.441489 -0.38245 0.77031 -0.466172 -0.106297 -0.348362 0.349314 -0.977462 -0.0618853 0.325786 0.774435 -0.0976588 0.218026 -0.759324 0.706857 -0.0475404 -0.539188 -0.00563034 0.218475 0.738243 -0.494835 -0.16821 -0.0707437 -0.57233 -0.931352 -0.055026 -0.146775 -0.171758 -0.423079 0.119713 -0.055126 -0.193599 -0.0233727 2.29429 0.622142 -0.29295 0.354418 0.516985 0.358825 -0.00562355 0.226196 0.507053 -0.387252 -0.582392 
-0.0715281 0.347124 -0.105467 -0.148696 -0.0552708 -0.351789 -0.438958 -0.208682 -0.409037 -0.298456 0.227579 -0.484084 0.0047288 -0.259851 -0.322917 0.379264 -0.409701 0.214135 0.369582 -0.22027 0.176718 -0.828256 -0.332751 0.398695 0.0974034 -0.400586 0.460491 0.310054 0.0981217 -0.0702502 0.741772 0.010738 0.746534 -0.514124 -0.188505 -0.464492 -0.2056 0.238599 -0.107462 -0.787192 -0.0790894 -0.929823 0.0960514 0.415545 -0.72896 -0.617963 0.732754 0.335797 0.361784 0.329291 -0.587032 -0.423216 -0.530184 0.0546393 -0.532729 -0.39612 -0.655001 0.276002 -0.376884 -0.494135 0.0146504 0.0864974 -0.153751 -0.0882172 0.271429 0.625063 0.0159055 -0.723035 0.474917 -0.511971 0.600018 -0.256455 -0.368081 -0.424584 0.194906 0.0930882 -0.243183 -0.448149 0.163551 0.683049 -0.208154 0.0220972 0.118886 -0.2254 -0.67482 -0.010306 0.12381 0.304358 0.107605 0.603905 1.59667 -0.035344 -0.838039 -0.335608 1.07542 0.124842 0.349628 0.567671 -0.243816 -0.00156716 
-0.20636 0.861739 0.292905 -0.931941 -0.473473 0.128809 -0.0827573 0.497893 -0.315281 0.225074 1.31988 0.073636 0.805411 -0.358627 0.150915 0.165792 0.234716 0.0252278 -0.743806 -0.110628 0.291867 -0.371907 -0.717714 1.09614 0.0135081 0.18389 -0.187015 -0.130105 -0.365675 -0.386741 -0.246004 -0.332645 -0.296596 -0.0564143 0.398111 0.289165 -0.257125 -0.430197 -0.0410316 -0.197504 -0.481525 -0.398754 -0.283413 0.275598 -0.0330569 -0.65414 -0.748308 0.509105 0.0444429 -0.516345 -0.485911 -0.572057 -0.415351 -0.206827 -0.615537 0.837786 0.246117 0.221715 -1.04532 -0.0111193 0.770808 0.441667 -0.205812 -0.605316 0.525528 0.331153 0.509976 0.292172 0.092213 -0.518579 -0.413875 0.310641 0.0517594 0.435556 -0.294157 -0.361003 -0.31246 -0.0578949 0.13228 -0.871075 0.321421 -0.352721 0.439165 -0.422713 0.118297 -0.134935 0.098815 -0.239123 0.379027 -0.273704 0.00213863 2.13888 0.461363 0.513867 -0.64754 0.650787 0.882402 -0.667327 0.480604 0.0795887 
-0.557855 0.564352 -0.541244 0.0102835 0.0553937 0.397977 -0.596687 0.841555 -0.529439 -0.038814 -0.319406 0.564739 -0.0949562 0.0622493 -0.737685 -0.677952 0.609961 -0.443043 0.0783125 -0.257782 -0.76221 0.575618 -0.272482 0.0133809 0.685968 -0.732688 -0.643229 0.586174 0.0829412 0.21582 0.686639 -0.212256 -0.28726 0.602982 0.316596 0.358772 -0.24902 -0.547917 0.517767 -0.196483 -0.101818 0.283168 0.170448 -0.0252942 -0.140058 -0.557563 -0.919763 -0.741149 -0.40094 0.275423 -0.0204771 0.120002 0.949639 -0.216356 0.515662 -0.219205 0.412936 -0.941828 0.180716 -0.528929 -0.125935 -0.151347 -0.0270659 -0.569045 -0.682654 -0.188926 0.36083 0.65019 -0.219779 -0.37128 -0.371387 0.841487 -0.553283 0.69873 -0.565174 -0.262331 -0.397009 -0.354406 0.615162 -1.27163 0.37543 -0.208196 -0.699003 0.318134 -0.221749 -0.110677 0.239656 -0.42238 0.136513 0.3504 -0.82382 0.438099 2.73041 0.713936 -1.03151 -0.300855 -0.164368 0.234024 1.46755 -0.0627154 
0.112133 -0.12787 0.167966 -0.250457 0.872869 -0.26196 0.0234286 -0.723644 -0.145696 0.224153 -0.488605 0.612129 0.1758 0.589179 0.423773 0.278925 -0.15027 -0.737676 -0.211321 -0.0803068 0.169475 0.276731 0.723112 1.14076 -0.302956 -0.0355028 -0.38044 0.0237324 -0.183453 0.649928 0.722105 -0.876557 1.33242 0.220057 0.198776 0.471458 -1.0477 -0.91516 0.230574 0.687915 -0.593918 -0.0641711 0.139278 -0.292372 0.405905 -0.521885 -0.406148 -0.359776 -0.370736 -0.636823 -0.0888483 -0.293731 0.471063 -0.0453668 -0.514597 -0.764171 0.617854 0.285452 0.512079 0.162222 -0.0829278 -0.752431 -0.811764 -0.89536 0.306458 -0.189375 0.756563 -0.890134 0.271006 -0.437576 -0.545473 -0.477224 0.265786 -0.400628 -0.338909 -0.265616 -0.366751 0.0326001 -0.11695 -0.892933 -0.334914 -0.649373 -0.0780438 -0.160926 0.0215461 -0.273878 -0.242753 -0.241652 -0.390897 0.499105 -0.33525 0.476741 0.700074 2.62926 -0.752807 0.236 0.469854 -0.486331 0.447293 -0.898997 
0.168202 0.15315 -0.70889 0.167643 -0.411193 -0.555437 -0.261603 -0.718548 -0.0750241 -0.639052 0.178927 -0.304706 -0.34222 0.0760069 -0.290486 0.120002 -0.372791 0.218328 0.261042 0.460658 -0.0937317 -0.560406 0.112398 0.0302548 -0.227862 -0.251704 0.230166 0.298013 0.238151 -0.876107 0.310328 0.0252258 0.221778 -0.839592 -0.135162 -0.76247 0.198363 0.102938 0.14953 -0.493607 0.238715 -0.607032 0.112172 0.0408456 -0.311412 0.112238 0.523566 -0.104414 -0.324086 0.247438 -0.267062 -0.212726 -0.322639 0.41323 -0.215542 -0.116389 -0.576878 -0.00702299 -0.145629 -0.664012 0.157841 -0.213812 0.446025 0.566657 0.593283 -0.0832758 -0.320401 -0.732275 -0.187983 -0.107401 0.49987 -0.537287 0.0574306 -0.263369 0.152279 0.171214 0.162394 -0.0625699 0.270466 0.871016 -0.387861 0.198682 -0.373785 -0.23894 -0.751736 0.159351 0.0692008 0.59941 -0.269148 0.316339 1.05117 -0.709272 -1.06998 -0.777414 1.50432 -0.207648 0.0693273 0.466735 -0.218916 -0.092927 
0.771286 -0.291457 0.216283 -0.667518 -0.621931 -0.485433 -0.411538 0.54671 0.0658461 -0.113572 -0.248356 0.346682 0.508049 0.176988 0.648479 0.367547 -0.476519 0.249217 -0.412653 -0.357616 0.267761 -0.377938 -0.463599 0.195809 -0.333075 -0.0694346 -0.55115 0.13598 -0.0404921 0.245424 -0.459235 0.184309 -0.644397 0.36675 -0.314808 -0.0812353 -0.554632 -0.159704 0.323918 0.135754 -1.51511 -0.19425 -0.384985 -0.135387 0.305418 -0.314255 0.465978 0.576035 0.758374 -0.893459 -0.662708 0.486949 -0.216356 -0.0257246 -0.80155 0.363366 0.0622448 0.128502 -0.0897123 -0.214357 -0.0215305 0.098349 -0.680261 -0.13059 0.516174 0.0440546 -0.0599813 -0.763146 -0.0336332 0.101369 -0.663226 0.506812 -0.311876 -0.327148 -0.0844853 0.0763097 0.318728 -0.322393 0.103236 -0.394131 -0.38746 0.700454 -0.170749 -0.717128 -0.325382 0.528838 0.0907048 -0.198148 0.05343 -0.0246008 0.124101 0.612564 -0.315814 0.234902 -0.184139 1.63011 0.0937213 0.174437 0.068543 0.465282 
-0.339771 0.647453 -0.297766 -1.05774 0.417831 0.0635938 -0.393159 -0.296916 -1.59727 0.358599 0.683048 -0.210313 0.483054 -0.193547 0.0191551 -0.351492 -0.0308406 0.443068 -0.123628 -0.186617 0.404011 0.114544 -0.268527 0.583025 -0.076704 -0.428188 0.346787 -0.587718 -0.166492 -1.32546 0.255496 0.430659 0.0513216 0.518053 0.358155 -0.290648 -0.388657 0.645035 -0.534701 0.517123 -0.0369442 -0.682156 0.18309 -0.0378804 0.754773 0.4989 0.098502 -0.0345227 -0.473825 -0.0638765 -0.432165 -0.284415 0.167606 -0.583691 -1.11765 0.0055547 -0.0545143 0.838369 0.0804732 -0.302944 0.471717 -0.657371 -0.348053 0.151555 0.449303 0.4562 0.355801 0.0309442 0.0207159 0.248918 -0.580309 0.19459 0.0624324 -0.501548 -0.66004 -0.554847 -0.629828 0.768075 0.335115 0.541961 0.173575 -0.75008 -0.763737 -0.18747 -0.501098 0.0140929 -0.478684 0.257323 1.13674 0.238893 0.380562 0.875854 -0.147652 0.500431 0.124511 0.125396 2.58204 -0.540779 -0.191553 -0.810957 
0.216576 0.258979 -0.929936 1.47103 -0.115833 -0.379648 -0.479833 -0.548747 -0.0353649 -0.450518 -0.213726 0.440418 0.349128 -0.279875 -0.881879 -0.31057 -0.2857 -0.332184 0.176635 -0.572888 -0.0678935 0.146676 -0.29294 -0.800209 0.217801 -0.323004 0.00615585 0.810735 0.887225 0.0918142 0.835652 0.221149 -0.286111 -0.0332194 -0.853011 0.184818 -0.522002 0.789199 -0.259101 -0.0655123 -0.321845 0.0953471 -0.0677205 0.463327 0.111817 0.254779 0.794266 0.459092 0.499979 0.311292 -0.559215 0.0169945 -0.509906 -0.442027 0.211223 0.110311 -0.0525888 -0.288085 0.186077 -0.91757 -0.0605555 0.210273 -0.580963 -0.141341 -0.427597 0.00439837 0.208367 -0.0667446 0.21526 -0.032564 -0.672659 0.415609 -0.0634822 0.386877 0.571973 1.05131 0.0038929 -1.21707 0.546297 0.1865 -0.348375 0.942624 0.153669 -0.796136 -0.0269596 -0.50283 -0.0263647 0.506496 -0.608016 0.541552 0.620407 -0.652073 0.272541 -0.433952 0.54372 0.227913 -0.518978 2.65998 0.770462 -0.913869 
0.451961 1.01687 -1.62303 -0.0404035 -0.0293181 0.277361 0.401714 -0.340356 -0.119977 -0.617682 0.0879126 0.665297 0.741778 0.167059 -1.19902 -0.349615 -0.213428 -0.287071 -0.180762 -0.132362 0.0731677 -0.33313 0.0543052 0.315635 0.156232 -0.222728 -0.912052 0.330781 0.0127552 -0.514284 0.685351 -0.0688413 -0.42916 0.00500729 -0.42011 1.01674 -0.465764 -0.724229 0.533861 -0.35336 -0.356175 -0.235941 0.266766 0.203257 -0.407978 -0.416091 -0.0108973 -0.0650374 -0.173754 -0.0517914 -0.180559 -0.0512047 0.55123 -0.0890102 0.782478 0.24347 -0.0538326 -0.855507 -0.384762 -0.0659084 -0.289407 -0.179763 -0.443869 -0.0741212 -0.0987014 -0.51223 -0.041307 0.0972155 0.037814 -0.398211 -0.397417 0.138118 0.513687 0.708387 -0.592898 -0.00839244 0.142398 -0.363413 0.581094 -0.788685 -0.229536 -0.0612371 -0.235813 0.135093 -0.72057 0.451806 0.48045 0.153477 -0.0359627 -0.379955 -0.218283 0.468654 1.47887 0.472469 -0.169133 0.0948166 -0.196955 0.743259 2.24897 -0.207408 
0.281751 -0.309612 0.358573 -0.829792 -0.7564 -0.665511 0.631321 1.14905 0.205883 -0.692877 -0.84097 -0.104906 -0.0396688 -0.155671 -0.157361 0.0482775 0.349143 0.31788 0.509248 -0.43303 -0.443086 -0.446141 -0.320414 0.154323 0.154368 0.624185 0.448174 0.247697 -0.854494 0.0863343 -0.61689 0.231013 -0.527409 -0.0618155 0.834691 -0.131998 0.848327 -0.639738 0.489274 -0.172473 -0.438649 -0.353293 -0.0818238 -0.12201 -0.159601 -1.17162 0.166893 -0.292964 0.314301 -0.429296 -0.315606 0.623417 0.101461 -0.368771 -0.111027 -0.0711663 -0.134996 0.0249639 0.257405 -0.22452 -0.531839 0.726408 0.0189323 -0.151477 0.40888 -0.332233 -1.07956 0.0359155 -0.481459 -0.0959232 1.2605 -0.108142 -0.770068 0.0619985 -0.455008 -0.214385 0.265426 -0.192374 0.33811 0.155362 1.1498 0.68796 0.615381 0.882852 -0.684933 0.841784 0.312255 -0.782677 0.0422296 -0.581263 0.0177997 0.0614729 -0.0575674 -0.879987 -0.0493107 0.485389 -0.822525 -0.947238 -0.213575 2.83325 
