1.57451 -0.0744999 1.2616 0.68706 -0.247015 0.0327681 0.199499 -0.178087 0.131971 0.310171 0.916735 0.344827 -0.074032 -0.0870242 -0.634204 -0.14899 -0.465379 0.858556 0.221025 -0.247534 0.918403 1.13182 -0.516405 1.15555 -0.34179 0.720711 0.372405 -0.132117 -0.00301597 -0.424243 -0.0306148 0.0825539 -0.290339 -0.0195951 1.02667 -0.32575 0.8081 0.093401 1.10232 -0.206015 0.0835089 0.00538357 -0.335172 0.764757 0.616779 0.25772 1.37152 0.732028 -0.207441 -0.0431157 0.0774034 0.540639 0.650733 0.339764 0.496878 -0.827811 0.356164 0.423705 -1.12541 0.532672 0.16603 0.985366 0.816058 0.229413 0.592089 0.514357 0.28565 0.290774 -0.449491 0.55595 -0.79167 -0.70271 0.321293 -0.771989 0.153165 -0.17988 0.462328 0.781466 0.424141 -0.757766 0.359228 0.251711 0.793996 0.0377493 -0.458174 -0.242204 0.1832 -0.0315077 0.156749 0.516466 0.418398 0.379775 0.574157 -0.150076 -0.305887 -1.19295 -0.230862 -0.311883 -0.757861 0.635623 
-0.21339 3.26755 -0.69563 0.931542 -0.518302 0.115273 -1.04006 0.399389 -0.710466 1.0335 0.250613 -0.90864 0.22639 1.55209 0.788203 -0.0810569 -0.934306 -0.719364 0.378902 -0.750993 -0.175064 2.42398 -0.50903 -0.888832 0.594083 0.480185 0.608189 0.173957 0.252707 1.28249 0.220421 -0.0245327 0.263304 -0.0674659 1.20339 1.94942 -1.66788 -0.2357 -0.760019 -0.463638 0.267699 0.391625 1.25882 -0.188627 -0.237615 0.74633 -0.929736 1.8248 -0.747913 0.731137 0.360427 -1.17497 0.615218 -0.337772 0.224532 0.973096 -0.0815598 0.864724 -0.249844 -0.228193 0.782333 0.487851 -0.750806 0.677185 -0.10553 0.0225114 -1.60434 -1.12147 0.654429 0.398385 1.16923 -0.597143 -0.306948 0.720066 -0.797905 1.09447 0.649375 -0.71132 -0.532527 0.940091 -0.268314 0.401216 -0.032455 -2.07007 0.696107 -0.616245 0.0265653 -1.171 -0.907368 -0.506822 -0.50687 -0.564293 -0.128573 0.882367 -0.10199 -1.19613 -0.865591 0.330861 -0.20961 -1.49721 
1.15316 -0.665184 3.83562 -1.55569 -0.265142 0.214417 -0.0197911 0.0560624 0.303957 0.227651 0.0379829 0.305972 -0.593202 -1.50509 -1.54718 0.57242 -1.19656 -0.251999 0.29221 0.592358 -0.250765 0.0214749 -0.392893 2.10451 -1.24615 -0.429221 -0.178539 -0.256895 0.078851 -0.454201 1.83367 -0.174186 -0.0994888 -0.0648811 -0.527882 0.621399 -0.347652 -0.832821 1.9828 -0.653189 1.03858 1.7228 -1.7792 0.575659 0.971274 0.474892 0.421118 0.508086 -0.910199 0.0985526 -0.934916 0.597727 0.587008 0.156573 -0.31564 -0.0240744 1.44339 1.59078 -0.640335 1.15129 -0.141975 -0.361534 0.813138 -1.76123 -0.401565 -0.184041 0.510087 -0.0878346 0.713379 0.917127 -1.46523 -1.54666 -0.0689782 -2.19846 0.711347 0.691532 0.328374 0.463669 -0.764321 -0.686718 0.27884 1.41975 0.198283 -0.252024 -1.50542 0.86201 0.665762 0.34408 0.421873 1.63184 1.0372 0.267613 0.218751 0.533747 -0.794415 -0.787728 0.683278 -0.0858023 -1.00604 -0.15055 
0.562174 0.945546 -1.57213 4.48629 0.0901415 -1.72659 -0.770573 -0.409445 -0.32926 0.507569 0.531424 0.59951 0.123413 0.928823 0.968688 -0.467099 0.443884 0.39509 0.531256 -0.320068 0.973079 0.955898 -0.818605 -1.17557 1.014 -0.4824 1.00467 -0.278157 -0.415536 0.0410041 -2.12605 0.368328 -1.72363 -0.793025 1.33808 -1.32288 2.26071 -0.932279 -0.387561 -1.40883 -0.379804 -1.56876 1.33897 -1.28324 -0.330517 0.0970018 -0.431117 0.0229794 0.0731789 0.0822999 1.35413 -1.7513 -0.49234 0.486815 1.29632 -0.451349 1.45258 1.4875 -1.72345 -0.266694 0.920232 0.988805 -0.058244 1.3197 0.55144 -0.415736 -0.843496 0.486147 -0.340986 -0.305702 -0.460413 0.416552 -0.879223 1.7135 0.459291 -0.785811 0.495652 -0.0936181 1.30168 0.0387424 0.538224 -0.404533 0.503295 -0.894494 0.287235 -1.2804 -0.78238 -0.83786 1.41998 -0.306737 1.94968 0.846604 0.487879 0.135562 0.746265 -1.75836 -0.826782 -0.314129 0.551325 0.0842636 
-0.295969 -0.428365 -0.205651 0.166074 2.33041 1.08209 -0.145535 0.113619 0.203458 0.0591951 -0.713547 0.773711 -0.379817 -0.549875 0.896107 0.209316 0.281363 0.399597 0.881359 1.3421 0.291663 -0.733484 1.5431 -1.00782 1.51629 0.200983 0.00557815 0.543265 0.522296 0.175287 0.379845 -0.332068 0.013126 -0.65874 -0.358245 0.132108 1.42892 0.101492 -0.0488153 0.316988 0.00946986 -0.749535 0.38877 1.07453 1.11223 -0.113454 -0.501277 -1.29574 -0.165216 1.1942 0.687722 0.816114 -0.829835 -0.654318 0.810708 -0.362017 0.507568 0.568578 1.0631 0.280187 -1.12275 -1.498 -0.625244 -0.420507 -0.111759 0.0880694 1.23226 -0.325916 -0.771743 -0.266365 0.0125268 0.249569 0.533143 1.42584 0.30226 -0.182309 0.29085 -0.928076 -0.323492 0.843573 0.293658 0.286044 -0.370986 -0.812411 -0.290924 -0.438051 -0.0793339 0.731865 0.531137 0.509253 0.453951 0.325021 0.0159136 -0.987239 0.0106994 1.00209 1.02307 -1.39992 0.664907 -0.894352 
-0.0800971 0.141298 0.209997 -1.71456 1.01818 3.10494 0.639305 -0.144913 0.517307 0.0743767 -1.3398 0.982464 0.583012 -0.300853 0.863397 0.813937 -1.33097 0.442655 0.53175 -0.662465 -0.183534 1.11168 -0.302866 -0.447317 -0.0352008 -0.079146 -0.546422 1.19767 1.29323 -0.120117 1.30978 -0.595645 0.627754 -0.310575 0.310686 0.938838 0.0693547 0.781371 -0.376225 0.8205 -0.0416165 -1.02357 -0.569765 1.86227 1.2465 -0.325296 -0.552826 -0.280201 1.15119 1.23222 -0.11956 0.942515 0.469696 -0.713114 1.45746 0.788445 -0.748799 -0.792481 0.896525 -0.479306 -2.25758 -0.135106 0.283536 -0.462416 -0.135156 0.685481 1.04473 -1.11998 -0.642748 -0.412179 -0.100423 -0.774537 0.823276 -0.792287 -1.22153 1.17009 0.363645 0.337412 -0.540471 0.57299 0.538058 -0.182676 -0.214823 -0.555217 0.707649 0.275339 -0.505511 1.1204 -1.45279 0.148877 -1.3696 -1.08543 -0.486859 -0.681876 -0.5142 0.940207 0.469522 -0.541198 -0.634737 -0.396522 
0.144448 -0.956221 0.0336029 -0.700737 -0.151632 0.69712 3.43079 -0.702152 1.70084 -0.0188345 -0.421802 0.85347 -0.250388 0.895644 0.551541 1.11983 -0.751465 0.869406 -0.10277 -0.463637 -1.02138 -0.195686 0.597748 0.260274 -0.4125 -0.484698 -0.0237781 0.52672 -0.683001 -1.04201 -0.932493 -0.130567 -0.767885 -0.117401 -0.311158 -0.402901 0.0919253 1.12251 -1.41648 -0.402334 0.845109 0.598174 0.654849 0.134937 1.01929 -0.625516 0.425115 -1.01499 0.881123 -0.174261 -0.55301 -0.476889 -1.28239 -0.305839 -0.510085 -0.307317 -0.543213 -0.292139 0.883617 -0.145054 -0.78108 1.87382 1.15405 0.848532 0.570015 -0.131679 1.98768 0.677124 0.265356 1.32147 0.937872 1.01596 1.02216 -1.26206 -0.262546 -0.223717 -1.15499 -0.0793836 -1.04292 -1.05484 1.31534 -0.726066 0.64645 1.93647 -0.080413 1.2285 -0.455141 -0.192897 -0.992786 0.17962 -0.548157 -0.0238576 -0.672628 1.7902 -0.343565 0.632543 0.858311 1.20503 -0.209435 1.78803 
-0.293872 0.422494 0.0487228 -0.400343 0.046789 -0.147833 -0.762886 2.74469 -1.14245 0.904391 0.917629 -0.573817 0.276076 -0.72942 0.96259 0.0129339 0.745887 0.16842 -0.161774 -0.135174 -0.80111 -0.269665 -0.149596 -0.0387342 -0.0413294 0.631191 -0.273962 1.01595 -0.082803 2.76876 0.597936 0.813493 1.85514 0.692844 0.535896 0.967095 -0.695806 1.07103 0.588816 0.358696 0.310765 0.122418 -0.161346 -1.65778 -0.835051 -0.524919 0.147627 0.649233 0.557997 0.259682 -0.72122 -0.238933 0.545092 0.11953 -0.946626 0.861906 0.339637 0.152086 -0.153531 -0.43897 0.162982 -1.87191 -0.448222 -0.582787 -1.1395 0.161476 1.36445 0.394084 -0.59666 0.721564 -0.62807 -0.331938 -1.71414 0.686105 0.781136 -1.64389 -0.340711 0.405557 0.360028 0.0765842 -0.048332 0.716416 -0.382601 -0.948152 -0.296395 1.44145 0.244716 -0.127794 -0.141735 -0.0752432 -0.838716 -0.362181 -0.378286 0.11567 0.484435 0.0340199 -0.825335 -0.983712 1.43328 0.474352 
-0.010486 -0.714033 0.269944 -0.346831 0.109954 0.487715 1.61344 -1.16912 3.90141 -0.307839 -0.00940249 1.26324 0.982302 -0.224821 -0.831604 1.03451 0.512813 -0.35671 1.34731 0.527296 -0.582 -0.116349 1.78981 0.866801 -0.847732 -1.42533 0.882577 -0.176493 0.388411 -1.66208 -1.12865 -1.67465 -1.51668 0.0345147 0.180095 0.568178 0.176538 0.48434 -0.100534 0.502211 2.03261 -0.0640869 -0.534899 -0.473822 -0.374457 -0.928605 0.103313 -0.703495 -0.261861 0.0419832 0.0948683 -0.0297842 0.103271 -0.514558 -1.24755 -0.0371038 -0.878768 -0.645476 -0.120157 1.55961 -1.14294 1.70562 0.770523 0.473429 -0.990107 0.0428556 0.333151 -0.551318 0.634685 -1.1064 -0.530809 -0.0384963 0.231273 0.744191 -0.764968 1.63403 0.107446 0.164431 -1.26824 0.188142 1.42815 -1.30728 -0.875199 1.25749 0.184297 -0.674715 -2.69929 -0.977103 -0.117512 0.774368 0.311648 -0.332842 -0.230355 0.616814 -0.580846 -0.353448 1.78015 0.848335 1.2294 0.757574 
0.284265 1.14648 0.31019 0.606549 0.0822428 0.161335 0.01031 0.994269 -0.191288 1.37846 -0.415484 -0.466505 -0.200474 -0.0744744 0.703969 0.596413 0.0855083 -0.298368 0.190723 -0.202755 -0.127833 0.930336 -0.469607 -0.462511 -0.0536238 0.665075 0.150352 0.00764722 0.191871 0.898773 0.294079 0.855614 -0.0655469 0.0819024 0.53216 0.950565 -0.180922 0.730827 -0.274951 -0.258082 1.23449 0.125112 0.835879 -0.344193 0.0526102 0.144223 -0.165689 0.781471 -0.125646 0.24761 -0.74468 -0.785267 0.288681 0.123558 0.554516 0.347766 0.784857 0.799615 -0.88936 -0.258957 0.158056 -0.407274 0.400007 0.0253122 -0.616417 0.418427 0.46288 0.0968572 -0.215689 1.01836 0.147907 0.117244 -0.905914 0.292992 0.334904 -0.266213 0.410089 0.306623 0.0730707 0.42856 0.541534 0.528744 0.5548 -0.602118 0.231514 0.706509 -0.53046 -0.854906 -0.825518 0.597054 -0.443247 0.33682 0.24401 0.77322 0.565667 -0.904117 0.712937 -0.453736 0.266694 -0.654984 
0.726322 0.19909 -0.0439858 0.465898 -0.855006 -1.41734 -0.557164 0.843 -0.0573588 -0.579991 4.25207 -0.718303 0.187692 1.03787 -0.985457 -1.57371 0.372772 1.99191 0.320519 0.562639 -0.624092 0.558691 0.76344 1.28205 0.213045 0.403526 0.685258 1.06589 -1.27581 1.54631 -1.00696 -1.10374 0.76257 0.55788 1.83641 -0.649965 -0.758351 0.359311 1.73326 0.0556723 -0.930423 0.961005 -0.684775 -0.500355 -1.56642 -0.0841873 2.05781 0.208494 -0.927508 0.313108 0.239726 0.930046 1.29298 -1.02736 -2.39874 -0.975774 -1.01513 -0.0537542 0.0533311 0.767086 0.756861 0.723047 -0.391259 0.34648 0.95086 -1.35181 0.233546 0.288907 0.0169025 -0.287246 -0.916686 -1.24311 0.0248881 1.08534 0.316354 -1.43976 0.185417 0.185191 -0.603599 -0.56637 -0.584102 -0.749261 -0.306978 -0.927094 -0.643514 -1.13946 0.162592 -0.844988 0.892876 -0.314115 0.250116 -0.463876 -0.775572 0.320541 -0.327096 -0.908048 -2.54944 -0.010544 0.0223159 2.07027 
0.111584 -1.00299 0.181174 0.491154 0.589423 0.862087 0.675278 -0.691275 1.17245 -0.673841 -0.761132 3.13071 1.41723 -0.544698 1.34398 0.0901923 -0.849073 -0.43374 0.626939 -0.401075 0.541411 -0.118716 0.0223008 0.261701 -0.337471 -1.42514 0.175612 0.474319 0.521235 -1.16684 -0.410475 -1.53848 -0.268455 -0.197316 -0.395057 -0.263505 1.69445 -1.09475 -0.177796 -0.561455 -0.338781 -1.63445 -0.383054 -0.818013 1.46246 -1.59628 -0.971106 -0.933498 1.69231 -0.13515 1.1779 -0.0733577 -1.03993 0.690204 0.167831 0.194462 0.27422 0.239815 0.01923 1.24108 -1.11338 0.889552 -0.794713 0.159179 -0.0221957 0.452856 1.01774 -0.598017 -0.154179 0.180978 -1.39404 -1.21953 -0.15729 -0.92431 -0.80847 0.213221 -0.374474 -0.00276047 0.461159 -0.59697 1.90154 0.158822 -0.109559 -0.430041 -1.09984 -0.248643 -0.491666 0.942371 0.707223 -0.291845 1.12367 -1.20749 -0.892398 -0.687475 -1.90803 0.0536348 -0.437791 0.0562744 1.05601 0.725703 
-0.193327 0.245985 -0.604053 0.129005 -0.450159 0.576582 -0.314633 0.272566 1.00546 -0.293863 0.25881 1.53118 2.98024 -0.0117544 1.18229 -0.649851 1.17761 -1.48607 0.279757 -0.121487 0.71864 0.496963 -0.78873 0.69656 -0.308754 -1.11324 0.615426 1.1441 0.923627 0.0783015 0.264556 -1.05016 0.917955 1.50148 0.167069 -0.313963 -0.101123 -0.24696 0.123921 0.409806 -0.464551 -0.571935 -0.458682 -0.98989 -1.09754 -0.490363 -0.707149 -0.0735417 2.23225 -0.413513 0.0201809 0.269809 0.803942 0.949255 -0.322358 0.959979 -0.780727 -1.18949 -0.187452 0.800405 -0.224768 0.823239 -1.16413 0.0872584 0.257013 0.450538 -1.03481 -0.398155 0.485291 -0.929974 -0.923284 -0.749625 -1.15842 -0.161751 -1.29455 1.05282 0.667821 0.749218 1.27301 0.977568 0.701859 -0.854909 0.0409948 0.0858314 0.203483 -0.151971 -0.802228 0.330599 0.0337739 -0.390047 0.128562 -1.95577 -0.39135 -0.171475 -1.09135 0.221312 -0.547253 1.38168 1.6854 0.655556 
-0.21206 1.56594 -1.52168 0.928673 -0.625957 -0.313024 0.825659 -0.738672 -0.2074 -0.173604 1.10324 -0.436491 -0.0174953 3.43065 0.589733 -0.494041 -1.09865 1.38317 0.319724 -0.0258254 -0.376583 0.666154 0.105317 -1.39608 0.365155 0.111321 0.688629 -0.176447 -0.0664442 -0.116465 -0.388295 0.156644 0.0735761 0.656105 -0.111734 0.0479405 -0.367532 -0.326075 -0.899546 0.363847 -0.486871 0.46096 2.16785 -0.0325363 0.219648 0.389997 0.218231 -0.19782 0.310475 0.358267 0.845125 -0.636147 -0.266676 -0.927542 -0.410156 0.00480276 -0.964609 -0.0447638 0.932039 -0.0908615 0.951928 1.912 -0.434206 1.0272 1.51081 -1.76481 -1.06593 -0.748175 1.78485 0.663627 1.34323 -0.110291 0.93587 0.395451 -0.534318 -0.0631934 -0.384483 0.0227517 -0.644861 -0.0674567 -0.0405602 -0.377503 0.610032 -0.0919096 1.28284 -1.02966 0.308516 -0.979334 -0.346586 -1.7845 -0.102376 -0.213461 -2.01345 1.09492 0.748264 0.0121938 -1.76883 1.57099 -1.71865 0.229588 
-0.807867 0.75343 -1.6124 0.919912 0.771398 0.802599 0.432929 0.904711 -0.86281 0.556213 -0.968706 1.40356 1.12793 0.541107 3.91336 0.455672 0.477477 -0.947336 0.177069 0.161658 -0.457911 0.604416 -0.547258 -1.10777 0.662784 -0.269454 0.185944 1.25481 -0.423286 0.787222 -0.0820974 0.197516 0.493167 -0.286711 0.118658 -0.0647628 0.302275 0.304136 -1.20568 -1.34217 -1.15935 -1.47503 1.97918 -0.843661 0.420305 -1.02497 -1.72675 -1.72627 1.85571 -0.118411 -0.427315 -0.199683 -1.10031 0.696224 0.621135 0.61336 -0.0626102 0.67446 0.826659 -0.73886 -0.657911 -0.744752 -1.78455 0.226785 0.946521 -0.169653 1.27731 -0.305812 -0.822504 1.10514 0.686253 -0.187533 -0.686701 -0.0978019 -0.981492 -1.18917 0.0210505 -0.0770458 1.27399 0.83687 1.38198 0.579623 1.61227 -1.39062 -0.0762556 0.984096 -0.255242 -0.156391 -0.781921 -0.871421 -0.432879 -1.67903 -1.33929 0.8238 -1.05777 0.0895884 -0.635653 -0.146823 1.38498 -0.71096 
-0.324389 -0.117566 0.505465 -0.517611 0.0828706 0.751404 0.999483 -0.0466805 1.00157 0.446921 -1.55869 0.148036 -0.705955 -0.544404 0.453936 4.21966 -0.250144 -0.0594558 1.32584 -0.215202 -2.05366 0.109044 0.768992 1.30795 -1.3142 -1.35149 0.645651 -0.936534 -0.442781 -0.763562 -0.0783359 1.9189 -0.977878 -2.56758 0.883839 1.98945 -0.20413 0.623455 1.00874 -0.821734 0.247348 -1.22771 0.0130967 -1.05577 0.369714 -0.207013 -0.703342 -1.01636 -0.666541 -0.032199 -0.0586743 -0.19133 -0.502665 0.701681 0.0935195 1.59568 -0.328919 0.950939 0.525155 -1.75301 -1.23567 -0.532578 1.22906 -0.40593 -1.19386 -0.345802 0.697816 -0.832576 -0.353247 -1.31266 1.06702 0.275932 0.975907 -0.568068 -0.707872 0.966278 -1.39051 0.89479 0.277768 -1.06163 -0.0745146 1.46508 -0.0345454 1.15219 1.28642 2.11867 -1.01558 -0.418599 0.15584 -1.11899 -0.130189 0.0717583 -0.0685391 1.09194 0.578535 -0.754703 0.706402 -0.477952 0.333373 -1.17857 
-0.64419 -0.974227 -1.26693 0.38996 0.151506 -1.39691 -0.875225 0.682861 0.476459 -0.0673961 0.384375 -0.794641 1.11809 -1.15242 0.472329 -0.253555 4.35179 -1.85699 -0.146375 2.08859 0.3382 -1.4321 0.821184 0.793838 0.206093 0.254563 0.61486 -0.273066 -0.69622 -0.0237867 -0.628781 0.520137 -0.0694199 0.684695 -0.116387 -1.34409 -0.216725 0.982734 0.662239 0.169913 -0.389794 -0.202689 0.404207 -0.76237 -2.73241 -0.00873663 0.221943 -1.66386 -0.110136 -1.4702 -1.43883 1.31171 0.509619 1.1001 -0.921586 -0.64097 -0.849953 -1.11747 -0.177746 0.000190254 0.577232 -1.53924 -0.966784 -0.190902 0.256894 0.14184 -0.678095 0.961411 -0.890465 -1.41657 0.266508 1.35138 -1.07152 1.74778 0.0161797 -0.715098 0.926322 0.605217 1.91373 1.56819 -0.491941 -0.729824 0.898463 1.20805 0.288539 0.142404 -1.22734 -0.919882 0.330658 0.312872 -0.167697 -0.235723 0.952781 -0.0776432 0.304724 0.0897683 1.40949 0.054767 2.47015 -0.588796 
0.671572 -0.767458 -0.330538 0.332992 0.261567 0.368536 0.737472 0.0972198 -0.401237 -0.459446 1.99534 -0.387481 -1.55376 1.32122 -0.960658 -0.0710412 -1.86516 4.43561 0.498464 -0.575622 -1.03336 -0.0780212 0.169569 -0.995325 -0.0493869 0.278706 -0.4036 0.505381 -0.199613 0.68833 -0.643882 0.303627 0.0238962 -0.607061 1.05914 -0.724489 1.46974 0.723771 0.798496 0.984363 -0.456324 -0.770725 -0.332589 0.642102 0.633508 -0.374343 1.85555 -0.529179 -0.0818934 1.47455 0.893748 0.222681 0.425935 -2.05418 0.158299 -0.629331 -0.284141 -0.10021 0.319488 -0.912649 -0.901352 0.550748 1.5873 0.111066 0.375604 -1.74292 1.8237 -0.00298837 -0.2498 -0.214762 -0.957051 -0.626837 1.07603 0.641947 0.899835 -1.83206 -0.818951 0.921715 -1.16319 -1.50915 -0.26734 -0.582453 -0.656329 -0.155252 0.888977 -0.654476 -0.0676087 0.264789 0.394718 -0.810827 -0.228295 0.966182 -1.58449 -0.510392 1.78886 0.135557 -2.02579 -1.15262 -2.37029 2.00654 
0.15609 0.452857 0.33572 0.591208 0.865378 0.579681 -0.112654 -0.110924 1.42483 0.151694 0.445998 0.795247 0.334117 0.379825 0.285797 1.43631 -0.0324989 0.620513 1.97981 1.09812 -0.651531 0.376558 1.31142 0.344355 -0.117619 -0.872445 1.1467 -0.122584 0.442949 -0.260818 0.117524 -0.127311 -0.508523 -0.799607 0.774757 1.17948 0.725549 -0.147811 1.36877 0.150962 0.437338 -0.797907 0.263947 -0.330634 0.215225 -0.204655 -0.135897 -0.93838 -0.514512 0.90808 0.770338 0.478474 0.303749 -0.46324 -0.255447 0.481345 -0.150994 0.915087 0.286765 0.510152 -0.825027 -0.0245221 -0.0678608 -0.362871 -0.358745 -0.9886 0.123276 -1.2836 0.415205 -1.10051 -0.429472 -1.02478 0.408026 1.1279 -0.442981 0.743939 0.18373 0.526846 -0.279442 0.252511 0.50266 0.52163 -0.282027 -0.609112 0.635775 -0.50867 -1.31002 -0.628687 0.771438 -0.451125 0.844014 -0.252939 -0.947351 0.116433 0.192237 -0.779317 -0.0424075 -0.425416 0.282746 -0.738198 
-0.375949 -0.740517 0.572388 -0.323596 1.26264 -0.678015 -0.537001 -0.147804 0.541339 -0.305263 0.624638 -0.296247 -0.130607 -0.0292042 0.206906 -0.168218 2.13899 -0.517053 1.03464 3.74812 -0.321665 -1.66997 1.86302 0.247859 0.49342 -0.0657382 0.753154 -0.444625 -0.448921 -0.635531 0.931883 -0.161585 -0.346772 0.345666 -1.3102 -0.701769 0.194181 -0.327304 1.4724 -0.0156876 -0.0618038 0.953271 0.937956 0.673404 -0.669871 0.36497 0.0572848 -2.82627 -1.15364 -0.108011 -0.971543 1.97352 -0.0268 -0.469447 -1.00029 -1.08443 -0.0301881 0.850921 1.10409 1.20306 0.174028 -1.67261 -1.3353 -1.43587 1.07889 -1.9109 -0.092793 -0.333719 0.692952 -0.278773 0.0189571 -0.259696 0.229762 1.2334 0.403046 -0.470299 1.09881 0.0928251 0.01833 1.57299 -0.0238091 0.493499 1.16313 -0.251403 -0.320878 -0.704485 -0.527158 -0.927123 0.785536 0.558565 1.02823 0.00289455 -1.0417 0.381335 0.0819238 0.222978 1.12032 -0.0438133 0.220814 -1.56762 
0.865434 -0.0891427 -0.195289 1.045 0.287648 -0.123639 -1.0193 -0.738294 -0.492512 -0.154896 -0.486647 0.721684 0.784965 -0.304516 -0.337217 -1.93123 0.464041 -0.899341 -0.639565 -0.246219 3.19251 0.137799 -0.471218 -0.267552 0.566692 1.56444 0.0180851 -0.993505 1.22162 -1.1169 0.122321 -0.393893 0.340363 1.24595 -0.646725 -0.736975 1.40025 -0.81357 -0.27617 0.952691 -0.275744 -0.692355 0.367006 0.981685 0.86048 0.20024 0.596509 1.34492 0.55603 -0.787513 1.09721 0.546234 0.0229385 1.19629 1.23337 -1.15321 0.214931 -0.971232 -1.16794 1.41161 1.04802 0.618647 -0.666405 0.802057 0.475191 2.03033 -1.35074 0.213907 -0.409734 0.481179 -0.440036 0.0711089 -0.0773559 -0.0386762 -0.0539938 0.293421 0.828999 -0.058049 1.45557 0.212308 0.158626 -0.0271134 0.450157 0.1568 -0.579453 -1.51682 0.886228 0.794333 0.278406 0.125356 0.387912 0.419899 1.30681 -2.176 -0.634064 0.0182234 0.361164 -0.141834 0.0340743 -0.409111 
0.946026 2.37707 -0.0558771 0.894987 -0.870326 1.03874 -0.326432 -0.339677 -0.159689 0.770446 0.563308 -0.0712701 0.430461 0.605393 0.592282 0.0986462 -1.43909 -0.0768337 0.255696 -1.72735 0.00497126 4.05248 -1.58483 0.518433 -0.00150303 0.396381 0.379679 0.990333 -0.351204 0.405163 -0.513975 -0.848105 -0.660528 -1.09197 2.92789 0.811176 -1.15647 0.41147 -0.28035 -1.42331 -0.482054 -0.562703 -0.0828345 1.2142 -0.0521358 0.340382 -0.126082 1.56953 -0.537081 0.604602 -0.246917 -0.244824 1.33999 -0.207529 1.16585 0.181136 -0.502849 0.569901 -1.0722 -0.626162 -0.589189 1.56566 0.319647 0.96353 0.71113 0.807733 -0.541645 -0.737842 -1.07333 -0.00620451 0.289863 -1.24874 0.34146 -0.691776 -1.57496 1.07617 1.26864 0.0235399 -0.169197 0.306359 0.302062 -0.367827 0.75299 -2.05019 0.257484 -0.624689 -0.681639 -0.769307 -1.55236 0.368522 -0.893616 -1.12357 0.698519 0.761456 -1.31743 -2.14496 -0.887214 -0.236211 -0.675848 -0.406251 
-0.680423 -0.534158 -0.448467 -0.857737 1.42803 -0.354019 0.48878 -0.19783 1.76824 -0.607719 0.789836 0.0915251 -0.833453 0.066335 -0.537614 0.780373 0.835976 0.192535 1.21234 1.82742 -0.582267 -1.56305 4.43752 0.49559 0.75215 0.656858 0.836573 -1.01603 -0.52395 -0.497943 -0.993837 -0.90078 0.00137931 -0.770448 -0.295625 1.79073 -0.35632 0.453833 0.375352 0.85888 0.64523 0.134374 0.756605 -0.324837 0.516468 -0.81218 0.702406 -0.893354 -2.22836 0.102849 1.36625 1.19454 -1.25676 -0.626692 -2.58759 -0.868489 -1.43516 -0.134572 1.83381 1.54943 -0.0544228 -0.636485 -0.976841 0.585395 -0.898587 0.11055 0.956976 -0.749375 -0.192917 -0.364943 1.24496 0.380078 1.54802 2.194 -0.0523292 -0.0579393 -1.06342 -1.54217 -1.44398 -0.355797 0.00771733 0.561562 -1.23339 0.290036 -0.712832 -0.826609 -0.288785 -0.725503 0.840857 -0.619806 0.00913288 0.369506 -0.29312 -0.597963 -0.765229 0.53322 0.809761 -0.889963 1.64142 -0.600271 
1.0246 -0.880885 2.08202 -1.18162 -1.08981 -0.465395 0.184382 -0.0538927 0.878315 -0.567548 1.34152 0.364001 0.684912 -1.40199 -1.06505 1.35241 0.841706 -0.939283 0.278347 0.245331 -0.345526 0.573287 0.528665 4.43767 -1.10951 -0.614895 0.880871 0.0646639 -1.29901 -0.676118 -0.0784957 -0.105794 0.128035 -0.987729 1.49478 0.331799 -1.28888 0.0356959 2.56211 -1.21851 -1.09285 0.76869 -2.02096 -0.260172 -0.706531 0.309646 1.1051 0.144966 -0.922411 -1.13157 -0.409236 1.6634 0.650041 1.58718 -1.6892 0.0114728 -0.911901 0.186654 0.0404028 0.298683 0.0800063 0.491603 0.200847 -0.306893 0.381367 0.709477 -0.214256 0.293867 -0.655445 -1.05598 -0.0887609 -0.708514 0.900867 -1.81544 -0.831406 0.97818 -0.373119 0.452633 0.836896 -1.30454 -0.65893 0.772774 0.342863 1.1549 -1.17197 1.2382 0.626113 0.235472 0.979215 0.0682795 0.536518 -0.902365 1.40474 0.598766 -2.00361 -1.05815 -0.311877 0.469828 1.1155 0.69637 
-0.370856 0.703908 -1.16677 1.10983 1.53618 0.0485987 -0.386515 0.0453894 -0.73434 -0.0567831 0.374393 -0.133294 -0.218525 0.461126 0.807381 -1.16787 0.355838 0.108532 -0.0817496 0.592769 0.590596 0.155228 0.887102 -1.00763 2.87177 0.253626 0.0879802 1.60381 -0.321324 1.21125 -0.490641 -0.702738 0.201892 -0.443008 0.4312 -0.757976 0.335908 -0.173242 -1.09041 -0.556391 -0.997712 0.521772 0.351532 1.19877 0.184951 1.01874 -0.605924 -0.13254 -0.291743 1.29256 0.970301 -0.0733634 -0.921515 -0.681064 0.6269 -0.427127 0.522359 0.56522 1.27255 -0.284559 0.051856 -0.544426 -1.02649 0.591096 0.901292 0.22969 -0.0650984 0.575629 -0.586107 -0.289949 1.06615 1.22 0.582351 1.65399 0.287291 0.105586 0.408704 -2.36904 -0.475506 1.07599 -0.800837 -0.718088 -0.617779 -1.00211 -0.55881 -0.766775 1.17917 0.87673 0.746382 0.60831 0.667122 0.264378 1.14871 -0.202958 -0.272253 1.22969 0.0868301 -0.297769 0.908152 -0.0370888 
0.546344 0.444708 -0.495144 -0.53188 0.0755696 -0.140648 -0.604014 0.572608 -1.45723 0.516614 0.419572 -1.36626 -1.16831 0.0619897 -0.270158 -1.35046 0.259006 0.291323 -0.981877 -0.11169 1.44304 0.407811 0.646509 -0.658319 0.108324 3.72978 -0.52761 -1.42907 -0.0743063 0.151096 0.0100405 0.375878 0.946307 0.715448 0.0174563 0.744148 -0.540543 1.20623 -0.374676 1.19201 0.163683 -0.229281 1.51686 1.28524 0.692358 -0.403553 1.81266 1.3405 -1.27971 -0.86923 -0.280254 1.22859 0.2835 0.102891 -0.133508 -1.83597 -1.03921 -1.06302 -0.539494 0.628892 1.03098 -0.646476 -0.435462 0.880288 0.122375 1.70861 0.570863 0.104677 -1.48985 1.99218 0.862255 0.0022966 0.437718 0.385927 0.227104 -1.75648 0.313378 0.0594558 0.264107 -0.226418 -0.0832927 0.73567 1.05395 -0.609545 -0.464436 -0.799447 0.792518 -0.748795 -1.59002 -0.197444 -2.08343 0.66452 0.414745 -1.47562 -0.237349 -0.515687 0.121688 -1.61228 -0.686524 -0.940088 
0.372894 0.747568 -0.0696053 1.13005 0.0550213 -0.433068 0.0317618 -0.157688 1.02552 0.176748 0.876161 0.409344 0.73521 0.814155 0.360096 0.821539 0.79416 -0.216127 1.21213 0.882058 0.0715436 0.565965 1.00108 1.0123 0.117535 -0.352754 1.45306 -0.298969 -0.127456 -0.336113 -0.423057 0.17638 -0.327465 -0.2449 0.856793 0.614987 0.148511 -0.161493 0.982938 -0.266596 -0.0516924 -0.106132 0.754495 -0.647224 -0.318895 0.26472 0.233755 -0.29616 -0.392979 -0.0639665 0.649263 0.294433 0.103308 0.501785 -0.668339 0.124361 -0.410123 0.581036 0.0555198 0.557423 0.44092 0.726591 -0.412088 0.43091 0.384024 -0.376274 -0.764198 -0.507426 0.478165 -0.614986 0.394649 -0.248085 0.349857 0.76299 -0.549262 0.667965 0.101469 0.251213 0.514256 0.0839701 0.149154 0.353438 0.383801 0.168424 0.332129 -0.312032 -0.50307 -0.836599 0.808597 -0.660247 0.866194 -0.272423 -0.118525 0.583268 -0.218014 -0.935639 -0.222482 0.520002 0.775482 -0.35709 
-0.227997 0.216967 -0.24433 -0.249151 0.496338 1.21466 0.485891 1.03585 -0.129916 -0.0623268 1.16042 0.611681 1.16751 -0.147292 1.33259 -0.857015 -0.190135 0.596485 -0.153529 -0.41209 -1.03642 1.08025 -0.947895 0.0997265 1.537 -1.35059 -0.395339 3.90826 -0.494871 2.31832 0.0440363 -1.45283 0.816611 0.0378217 1.41488 -1.2757 -0.505875 0.648262 -0.570941 -1.0387 -1.05132 0.753707 -1.56382 0.639178 -0.837398 0.321141 -0.771822 -0.522816 1.57002 1.68741 -0.678592 -0.103582 0.406915 -1.09012 0.236385 0.73389 0.292988 0.18963 1.07211 -0.920512 -1.49582 -0.0810594 -0.296071 -0.325199 0.891179 -0.459474 1.30068 0.761767 -0.618739 -0.530166 -0.603413 -0.0553545 -0.527274 -0.00406581 -0.250836 0.0171415 0.608384 -1.03152 -0.748185 0.999515 -0.0475289 -1.64761 -0.616747 -1.20376 -0.566176 0.6679 0.176978 1.21809 -0.150098 1.26962 -0.0400239 -1.45909 0.143234 1.06822 -0.817417 1.17547 -0.829967 0.393865 1.02614 2.02029 
-0.0929445 0.301669 0.0973674 -0.380577 0.481322 1.31617 -0.717879 -0.056947 0.44094 0.127849 -1.17533 0.664549 0.952994 -0.0313365 -0.339551 -0.357311 -0.607338 -0.102557 0.417955 -0.410435 1.18466 -0.255335 -0.44986 -1.258 -0.382186 0.0101324 -0.217874 -0.488919 2.41795 -0.284626 1.38337 -0.0875351 0.784591 1.3579 -1.08731 0.903905 0.922971 -0.475831 -0.109443 2.10332 1.07571 -0.775217 -0.180332 0.13934 0.680943 -0.12732 -0.407573 0.978063 1.24274 0.583159 0.835519 -0.210659 0.656756 -0.130688 1.07881 0.874931 0.202616 -1.003 -0.497192 0.779707 -0.346344 0.000724482 0.0756478 -0.413549 -1.1397 0.587175 -0.911472 -1.03689 0.971712 -0.42627 -1.03298 -0.621745 -0.617948 0.311711 -0.112012 1.21002 0.36484 0.781299 0.0929833 0.632792 0.340362 -0.0185434 -0.959182 -0.017392 0.968769 -0.747455 -0.442011 0.717503 -0.180707 -0.26033 -0.143107 0.0351839 -0.509533 -1.60744 0.856323 0.708426 0.382498 0.0468308 -0.479331 -0.58557 
-0.585563 1.26006 -0.507076 0.0045705 0.0629208 -0.168572 -1.14828 2.72322 -1.68094 0.763359 1.57541 -1.09492 0.0362764 -0.15275 0.799565 -0.749483 -0.00629613 0.713994 -0.357204 -0.668436 -1.22525 0.429639 -0.495245 -0.706495 1.07899 0.164143 -0.497922 2.25288 -0.356017 3.88001 0.268031 0.139133 1.86285 0.353868 1.24331 0.641504 -1.21178 0.809973 -0.0669421 -0.0971263 -0.207387 0.70195 -0.689131 -1.21695 -1.22821 0.137904 -0.326672 1.17021 0.309936 1.33008 -0.317566 -0.94437 0.653854 -0.872242 -0.717541 1.15378 0.613557 0.482779 0.287161 -1.05099 0.071639 -1.66945 -0.505242 -0.364964 -0.869215 -0.309229 0.954567 0.519453 -0.473984 0.212458 -0.398564 -0.138195 -1.60677 1.27916 0.872448 -1.28002 -0.140597 -0.759775 -0.585684 0.477544 -0.789322 -0.119525 -1.29522 -1.91539 -0.260634 0.916086 0.696263 0.224983 0.0363515 0.232936 -0.647724 -0.40334 -0.0743106 0.433115 0.611733 0.417939 -1.5815 -0.826979 1.18379 0.950508 
-0.143502 0.246424 1.82923 -2.11405 0.315912 1.30976 -0.990329 0.600833 -1.09908 0.207098 -0.929438 -0.29012 0.270964 -0.376146 -0.0213217 -0.0158242 -0.562857 -0.569785 0.0695718 0.94741 0.0624032 -0.441065 -0.942706 -0.0604399 -0.574463 0.0715203 -0.536434 0.0270295 1.36041 0.316464 3.25134 0.618665 1.51227 1.12172 -1.63364 0.773482 -0.635936 -0.640592 1.12042 0.927505 0.0592365 0.981897 -0.43318 1.03354 0.557453 0.774656 -0.576409 -0.0880908 0.621589 0.45084 -0.959927 1.04601 0.894703 -0.0916524 0.66196 0.921987 0.524315 0.222808 0.559262 0.210012 -0.190902 -1.58784 -0.501055 -2.13248 0.0438668 -0.637802 -0.604697 -0.92938 1.23246 0.396656 -0.565828 -1.25365 -0.310422 -1.35324 0.0914086 0.76537 0.678649 0.86406 0.0684212 0.951355 -0.441889 1.29327 0.40613 -0.62788 0.255419 0.640786 0.990635 0.817727 -0.422459 0.19488 -0.219216 -0.505569 -0.981682 -0.335642 0.346507 0.860769 0.154977 0.211667 -1.42309 -1.5178 
0.0375562 0.06936 -0.110738 0.448217 -0.328112 -0.527778 -0.120514 0.88428 -1.57719 0.836523 -0.958325 -1.35024 -0.975861 0.236683 0.326181 2.0493 0.653951 0.445614 -0.107374 -0.078168 -0.385921 -0.707306 -0.781759 -0.019849 -0.71867 0.505248 0.130893 -1.40195 -0.0426042 0.255455 0.686554 3.54568 0.307821 -0.573591 -0.16677 0.421084 0.400653 0.541841 0.866244 0.212288 -0.321989 -0.555265 1.08289 -0.866294 -0.114315 0.788774 0.292448 -0.127212 0.178151 -0.602444 -0.405344 -0.323466 -0.0903238 1.14881 0.942498 0.863299 0.433677 0.364323 -0.279728 -2.10198 0.788497 -1.17917 0.981681 -0.425835 -0.229718 -0.402454 -0.320732 0.377261 0.023987 -0.0734255 1.01861 1.09255 -0.0186246 -0.328324 0.688569 -0.776592 -0.980768 1.55876 1.72359 -0.753676 -1.05942 1.52452 0.970983 1.50399 1.64522 1.93313 0.695836 -0.156406 0.263998 -1.41721 -0.271954 1.17676 0.126257 0.35354 2.33313 -0.210374 -0.0731042 -0.287321 -0.792727 -0.993074 
-0.403219 0.289314 -0.103924 -1.71162 -0.0508001 0.627739 -0.825714 1.85805 -1.4871 -0.152521 0.840103 -0.148093 0.92437 0.085732 0.55395 -0.915359 -0.00348924 0.0980004 -0.556468 -0.331238 0.280452 -0.587611 0.0525175 0.146098 0.118078 1.00779 -0.440834 0.799611 0.76164 1.91129 1.51228 0.239938 3.09843 1.58847 -0.497325 1.04424 -1.02871 0.301484 0.500076 1.56013 -0.854301 0.346954 -0.313636 -0.58786 0.0153986 -0.239123 0.395274 1.04015 1.25954 0.0668288 0.336932 0.799409 0.424712 0.313146 -1.06463 0.847578 -0.842275 -1.20174 1.02508 0.180844 0.460442 -1.1269 -1.28552 -0.424097 -0.315526 0.578031 0.190659 -0.272637 0.174439 0.560494 -0.102659 -0.701837 -0.468991 -0.261441 -0.0437818 -0.646365 -0.688601 0.136583 0.438269 -0.156165 -0.680267 0.752588 -0.650509 -0.408958 -0.239373 0.731964 1.77326 1.10255 -0.0816593 -1.20231 -1.13059 -1.00542 -0.748953 -1.08421 -0.283475 1.38455 -1.68476 -0.0544155 0.54341 0.495072 
-0.125494 -0.0344744 -0.0623351 -0.774037 -0.715685 -0.303609 -0.168249 0.70273 0.0710731 0.00191003 0.642395 -0.0699723 1.51488 0.675242 -0.218947 -2.49808 0.757607 -0.525976 -0.840571 0.368182 1.19302 -1.01208 -0.712329 -0.962684 -0.519842 0.783916 -0.351287 0.0278033 1.34193 0.409289 1.12871 -0.634492 1.59546 3.57321 -1.9498 -0.587471 -0.334211 -0.0383463 -0.572093 2.01063 1.13323 1.25709 0.457899 -0.543995 -0.690213 -0.313995 0.543211 0.770742 1.72285 -0.639578 -0.727749 -0.0441684 0.827279 -0.0718643 -0.89006 -0.216401 -0.216445 -1.64745 -0.526346 1.78039 1.1986 0.463303 -0.774212 -0.233719 0.0514512 -0.0143256 -0.736136 0.232583 1.67498 1.39984 -1.06536 -0.385835 -1.68204 -0.0395138 0.45226 -0.489522 0.64397 0.834257 0.0990502 0.912611 0.643735 -0.788764 0.203655 0.418388 -0.0776014 -0.627309 0.0427493 -0.218919 -0.755881 0.216 -0.569642 -0.434798 -1.22296 -0.374001 0.374304 0.904665 -0.108978 1.4553 -0.10455 0.907067 
0.844842 1.16045 -0.601269 1.28113 -0.491123 0.24172 -0.437939 0.469849 0.14072 0.376234 1.84499 -0.343646 0.104532 -0.16853 0.110489 0.877406 -0.119408 1.06429 0.65786 -1.36362 -0.775587 2.93186 -0.313439 1.4439 0.278434 0.00999142 0.674472 1.32892 -1.17922 1.22279 -1.70259 -0.303605 -0.566276 -2.02574 4.01092 0.41499 -0.555823 1.19274 0.912478 -1.28093 -1.07574 -1.21413 -1.00306 0.160272 -1.10807 0.0524178 0.743126 0.852202 -0.993454 0.727989 0.252491 0.183757 1.28473 -0.207125 0.156195 0.14219 -0.847797 0.337735 -0.73507 -1.37593 -0.901632 0.696747 0.768776 1.04267 0.11063 0.551312 0.410663 -0.014679 -2.11736 -1.57001 1.94975e-05 -0.533966 0.452016 0.724786 -0.949513 0.0791663 0.391051 0.116617 0.196292 -0.462135 -0.488298 -0.639243 -0.257737 -1.20532 0.350276 -0.122698 -0.937081 -0.538186 -0.122045 -0.0436348 -0.54956 -0.615613 1.26362 0.356319 -0.599217 -1.9206 -1.31587 -1.18252 0.698589 0.759092 
-0.544593 1.86947 0.511001 -1.41684 -0.0377811 0.83286 -0.566694 0.864037 0.491792 0.757628 -0.678395 -0.249106 -0.413511 -0.0458667 -0.109943 1.94601 -1.38412 -0.756348 1.02557 -0.792198 -0.902849 0.77813 1.73591 0.243899 -0.947754 0.699671 0.395654 -1.39866 0.774991 0.583981 0.667526 0.247239 0.938279 -0.700415 0.377979 4.51328 -1.82451 0.204611 0.282805 0.850902 1.48269 -0.374556 0.488487 -1.31988 0.996277 -0.749006 -0.468682 1.97627 -1.52888 0.267678 1.02117 -0.455575 0.0028987 0.0879276 -1.3664 1.48571 -0.83908 0.325555 0.30919 0.579356 -0.0011931 -0.604062 -0.399088 0.164141 -2.51698 1.04188 -0.0384785 -2.02201 0.32293 0.360683 0.926581 -1.15211 0.254277 0.388928 -0.76317 1.17702 -1.09652 -0.354574 -1.13201 -0.634111 0.152714 2.03357 -1.39711 -1.12635 0.235276 0.430754 -0.194054 -0.879862 -0.68715 -1.26847 -1.20105 -0.355674 -0.538998 -0.32336 -0.52769 -0.855446 -0.118514 -0.935915 0.660575 -1.88955 
0.733677 -1.60341 -0.313629 2.31118 1.40345 0.107797 0.0725537 -0.654444 0.244572 -0.229438 -0.64236 1.85327 -0.0562506 -0.316918 0.401516 -0.103154 -0.112337 1.58231 0.716062 0.248173 1.3788 -1.0451 -0.266724 -1.23236 0.290551 -0.440598 0.0735992 -0.484418 0.938477 -1.12488 -0.597471 0.371229 -0.990251 -0.302735 -0.448413 -1.68009 3.99181 -0.721611 0.394603 0.415724 -0.0890452 -2.30251 0.273188 -0.0522963 1.34428 -0.688684 0.210924 -1.27166 1.27545 0.377966 1.42825 -0.139206 -0.738816 0.176736 1.92119 -0.734023 1.39622 0.402612 -0.953102 0.275085 -0.672532 0.087575 0.599496 0.0327362 0.121756 -0.215591 0.937411 0.26158 -0.502965 -0.332315 -1.78045 -0.015653 -0.174867 0.703794 0.873463 -1.073 -0.00926317 0.930984 1.19182 -0.536997 1.06964 -0.0726411 0.156814 0.335121 0.18331 -0.863773 -0.617818 0.916484 1.52475 -0.120812 1.69925 1.12396 -0.33903 -1.6403 1.05626 0.0405019 0.072395 -1.11485 -0.354982 0.566102 
-0.0314704 -0.221681 -0.849247 -0.932264 0.0255747 0.769365 1.05269 1.06194 0.501926 0.631862 0.424853 -0.98638 -0.252536 -0.325911 0.352928 0.673983 1.03667 0.785884 -0.207747 -0.32376 -0.885472 0.472396 0.49298 0.0417676 -0.269048 1.25573 -0.286853 0.619271 -0.510774 0.846422 -0.652576 0.461967 0.289493 -0.0573188 1.2497 0.298583 -0.77206 2.62804 -0.404184 0.654564 0.589799 -0.373193 0.257347 0.402419 -0.874428 -0.59997 1.13387 -0.189953 -0.0719612 -0.0311154 -1.39996 0.655865 0.676446 -0.49724 -0.365794 -0.338059 -1.35789 -1.30074 0.0597553 -0.971737 -0.909688 -0.386914 0.898464 0.512253 -0.381758 0.69758 1.79285 0.559182 -1.59298 0.105595 0.608566 0.797297 0.02434 0.660519 -0.192554 -1.08313 -0.0138076 0.680389 -0.191455 0.122958 0.174099 -0.79968 0.360326 0.645073 0.702988 0.885675 -1.22872 -0.76807 -1.74518 0.318435 -2.27661 -0.0912045 0.238194 0.380495 0.510172 0.00260712 0.772066 -0.841247 0.586726 0.681189 
0.948947 -0.774498 1.93788 -0.416043 -0.15323 -0.416728 -1.51479 0.551232 -0.111445 -0.402414 1.77031 -0.0979221 0.0898478 -0.927879 -1.18539 1.03077 0.687681 0.832112 1.28034 1.44745 -0.376569 -0.247922 0.386002 2.53969 -1.21471 -0.353677 0.82908 -0.628429 -0.172883 -0.0589904 1.07994 0.757873 0.459587 -0.619562 0.940942 0.348279 0.315657 -0.432681 3.94995 0.17078 -0.969009 -0.326813 -1.42144 -0.26662 -0.681828 0.253676 1.29261 -0.723421 -0.992325 -0.110521 0.00486683 2.07789 1.53966 0.461784 -0.846393 0.0552475 -0.207751 0.702972 -0.319446 0.274841 -0.0772104 -1.11646 0.107631 -1.57388 0.0685052 -1.14006 -0.313169 -0.689279 -0.0690328 -1.57936 -1.52884 -1.89707 0.273778 -0.220091 0.135911 -0.146009 0.240361 1.84834 1.04685 -0.660145 -0.851479 1.41706 0.227873 -0.183057 0.0303336 0.106156 0.0257919 -0.026962 1.67011 -0.582848 1.02374 -0.171371 -0.392325 -0.672493 0.166125 -1.23017 -1.18041 -0.894223 -0.410145 -0.40095 
-0.370469 -0.489203 -0.709198 -1.44839 0.201488 0.76891 -0.511738 0.310026 0.480213 -0.39663 0.0816313 -0.492667 0.364646 0.324429 -1.33296 -0.810789 0.184269 1.00689 0.0514424 -0.0517272 0.841205 -1.40197 0.858443 -1.25203 -0.69178 1.20192 -0.431539 -1.10727 2.0288 -0.10026 0.875938 0.0928311 1.50856 1.95208 -1.26356 0.90529 0.325692 0.614981 0.159694 3.55638 1.0311 -0.592079 0.00394225 0.0659948 -0.0554112 -0.585573 1.15712 0.817008 0.599592 0.0990194 0.734344 0.725074 0.943566 -0.686224 -0.449556 0.0910828 -1.32926 -2.53104 0.0758982 0.859818 0.033057 -0.257188 0.197504 -0.0739707 -1.3051 0.403503 -0.449666 -0.80063 0.729615 -0.555087 -0.622704 -0.196503 -0.113561 1.18188 0.198324 0.0302988 -0.278242 1.13094 -0.273459 0.118551 -0.302027 -0.431185 -1.31777 0.944557 1.32478 -1.04324 -0.443634 0.267289 -0.450179 -1.00872 -1.36417 0.405659 -0.983973 -2.21179 1.52304 1.27768 0.00569253 -0.26934 -0.640479 0.131754 
-0.0609049 0.262175 1.00261 -0.399331 -0.0859898 -0.0731651 0.755746 0.282135 2.03065 1.11598 -0.884423 -0.249952 -0.489669 -0.506249 -1.1301 0.278333 -0.355397 -0.413754 0.35786 -0.0778026 -0.367188 -0.440671 0.664835 -1.10632 -1.11306 0.193636 -0.196595 -1.09985 1.02123 -0.19048 0.02771 -0.421405 -0.885834 1.09472 -1.03832 1.55712 -0.159036 0.570256 -0.960054 1.05114 3.91887 0.848601 0.309293 -0.990747 0.187732 -0.763161 -0.0309983 1.1845 -0.691362 0.148146 -0.744968 -1.61488 0.187691 -0.827524 -0.632753 0.0882786 0.927087 0.145425 -1.44106 1.53613 0.0213443 0.293485 1.20602 -0.0795308 -2.39061 0.374733 0.692067 -0.173097 1.07603 1.3109 -0.827932 0.0720221 -1.45037 0.776837 0.956993 0.337045 0.196881 0.195711 -1.81134 0.324093 1.54557 -0.216194 -0.868313 0.201711 -0.0317858 -0.131127 -2.03004 -1.53246 -1.10144 1.5619 -0.385493 1.0749 -0.336444 0.595147 0.925043 -0.6594 2.27963 -0.054063 0.239427 -0.15917 
-0.0937266 0.431405 1.73214 -1.54299 -0.799691 -1.00981 0.554115 0.139092 -0.0207398 0.0519082 1.05231 -1.50032 -0.55175 0.486886 -1.40048 -1.15142 -0.122988 -0.68285 -0.832082 0.982576 -0.738495 -0.476016 0.199283 0.800523 0.451727 -0.154024 -0.205731 0.750477 -0.784399 0.76416 0.995674 -0.609377 0.360724 1.26388 -1.13141 -0.254823 -2.3272 -0.347432 -0.272554 -0.526734 0.893904 4.03018 -0.572994 0.55377 -0.675032 1.50452 0.163938 0.677012 -1.03483 0.155407 -1.38251 -0.346535 0.0721937 -0.794533 -1.62431 -0.215369 0.6453 0.714467 0.787175 0.798392 1.28374 0.251607 -0.0497342 -0.721745 0.597918 -0.935091 -0.67028 0.87231 1.88116 1.26847 0.68302 0.497002 -0.0889655 -0.81575 0.902964 0.647734 0.280703 -1.39838 -1.89826 0.53112 -0.8089 -0.332291 -0.131931 0.306747 -1.14862 0.463073 1.38633 -0.328613 -0.15088 1.63 0.38766 0.27724 0.295887 2.06046 -0.246044 0.718008 0.629629 1.85051 -0.538222 0.584362 
-0.469044 1.26384 -1.80463 1.32998 0.303852 -0.590772 0.576027 -0.179433 -0.526313 0.727914 -0.628233 -0.283683 -0.473259 2.15902 2.01897 0.0546237 0.449146 -0.279477 0.19501 0.932499 0.286103 -0.0309096 0.786751 -2.02389 0.246726 1.55735 0.620134 -1.60181 -0.224275 -0.661683 -0.454165 0.994017 -0.334627 0.429926 -0.955103 0.573459 0.213739 0.248346 -1.40195 0.0345248 0.319835 -0.607756 3.92348 -0.423381 0.762296 -0.528138 -0.210244 -0.944717 -0.167914 -0.820035 0.00215725 -0.315683 -1.17087 0.209978 -0.0141481 -0.782651 -0.538393 0.366274 0.287895 0.314156 1.16371 0.183701 -1.19106 1.0271 0.904145 -0.559198 -0.0306128 -0.592837 0.451566 2.05707 1.82213 0.432081 0.200047 0.881902 -0.279592 -1.35402 -0.090416 0.149525 0.518674 0.465966 1.0545 0.895093 2.02697 -0.367882 0.692193 -0.521583 -0.335404 -1.87077 -1.08499 -1.41729 -0.646173 0.188942 -1.66006 0.665388 0.412384 -0.616772 0.0898781 0.138322 -0.423936 -1.74182 
0.568782 -0.245712 0.488129 -1.35433 0.927512 1.77916 -0.00598692 -1.73797 -0.527339 -0.514261 -0.505917 -0.780746 -1.06657 -0.103475 -0.865973 -1.07635 -0.779534 0.633112 -0.461673 0.605844 0.838679 1.20403 -0.356794 -0.325204 1.03186 1.26363 -0.843688 0.539084 0.0332936 -1.2516 0.950456 -1.01727 -0.670955 -0.634071 0.146129 -1.29701 -0.173849 0.331316 -0.309227 0.0344744 -1.04231 0.456906 -0.485484 4.6935 0.838575 1.22061 0.569963 -0.68166 -1.06467 0.83182 -0.852246 2.17631 0.701442 -1.33824 2.03933 -1.65726 -0.627851 -0.533507 0.773739 -0.350142 -1.2265 -0.0335667 0.390786 -0.397797 1.94401 0.258429 -0.137977 -0.164289 -1.0856 -0.30649 0.669141 -0.0145135 2.1342 -0.771241 -0.62667 0.849378 1.75209 -0.590155 -0.85988 1.14674 -0.788678 -0.899149 0.979946 -0.605237 0.0459857 -1.40635 0.49003 0.814969 -1.42587 1.49155 -0.957278 0.128447 0.926293 -0.788758 -0.580594 0.679395 1.15495 -0.623218 -2.49847 -1.03946 
0.479829 -0.235674 0.94277 -0.34258 1.02423 1.22241 0.937393 -0.856216 -0.36895 -0.058433 -1.51295 1.55875 -1.1152 0.207734 0.457018 0.408163 -2.69055 0.683543 0.143211 -0.678406 0.776499 -0.00328847 0.543537 -0.712537 0.0770672 0.729775 -0.456334 -0.878467 0.633922 -1.20384 0.533391 -0.206267 -0.0086708 -0.721264 -1.06319 1.07817 1.28175 -0.886506 -0.66541 -0.0279063 0.195196 -0.712872 0.759218 0.8976 3.46306 -0.675893 -0.181999 0.31243 0.0359544 0.33312 1.47119 -0.0900917 -1.67557 0.058122 0.926697 -0.432079 0.657893 0.875096 0.495937 0.801534 -0.433099 0.404047 -0.0678747 0.255923 -0.0716542 0.8373 1.34165 -0.769725 -0.08406 1.96825 0.202558 -0.722559 1.34037 -1.41711 -0.00393536 -0.108285 -0.980096 -0.71433 -0.66054 -1.37873 1.10928 1.57865 0.136338 -0.578796 -1.01479 -0.0996472 1.30864 0.987207 -0.0919935 -0.431815 0.259992 0.441862 -0.627705 -0.94266 -1.01892 0.278734 -0.0370257 -0.84985 -1.25257 -0.564117 
0.258564 0.886065 0.584181 0.222733 -0.0636558 -0.211587 -0.569621 -0.408291 -0.785303 0.170974 0.10707 -1.36219 -0.370224 0.515877 -0.85046 -0.0307704 0.170918 -0.186514 -0.138876 0.494229 0.254053 0.527023 -0.647317 0.441433 1.04865 -0.228342 0.265075 0.417866 -0.0365479 0.300068 0.888388 0.834616 -0.125399 -0.207252 0.235094 -0.529319 -0.613418 -0.474255 0.407889 -0.420275 -0.617904 1.60447 -0.393422 1.41743 -0.5381 2.28803 -0.125163 0.490018 -0.644954 0.660512 -0.2014 0.0387808 0.491356 -0.113967 0.96964 0.303791 0.639379 0.634812 0.370016 -0.924487 0.666335 -0.0385323 0.395056 -0.43364 0.979499 -0.495652 -1.85132 0.398102 0.755032 -0.893935 0.973932 0.880738 0.657572 -0.101646 0.255652 1.43395 0.669715 -0.582762 -0.00506141 0.767256 -1.73688 -0.169954 0.0860099 0.373319 0.608234 0.0791133 1.21852 0.466601 0.539312 0.554078 0.73348 0.640748 1.33852 0.701052 0.863003 0.374583 0.328356 0.897481 -0.971998 -0.624528 
1.29699 -0.865371 0.455037 -0.380756 -0.526849 -0.514487 0.40564 0.188886 0.171245 -0.214308 2.1737 -0.812389 -0.66238 0.268741 -1.62761 -0.602468 0.326228 1.96801 -0.145488 0.111174 0.574953 -0.0148114 0.791898 1.16152 -0.651384 1.9125 0.15874 -0.750467 -0.392171 -0.239878 -0.538048 0.26292 0.433628 0.574583 0.850432 -0.324365 0.210821 1.18421 1.37145 1.24704 0.0388895 0.188522 -0.150898 0.691412 -0.119575 -0.200533 2.9362 0.570972 -0.850589 -0.527255 -0.0237712 1.47637 0.937544 -0.215772 -1.03149 -1.61166 -1.17571 -1.10433 -0.552321 0.612783 0.545431 0.727453 0.937914 0.568992 0.426689 0.330685 0.747456 0.527037 -0.691588 0.427134 -0.38139 -0.277468 0.825679 0.0981836 0.463502 -1.3596 -0.180754 1.1311 0.0576989 -1.27201 -0.283161 -0.16093 0.435408 0.999698 -0.102167 -0.537991 0.181577 -0.481721 -0.112723 -0.231926 -0.802664 0.75025 0.0997176 -0.754419 0.360825 -0.623701 -0.607668 -0.628053 -0.919009 1.35295 
0.531082 1.76275 0.415585 -0.0530801 -1.44773 -0.368282 -1.16088 0.564071 -0.761984 0.606431 0.197961 -0.901201 -0.155193 -0.27373 -1.75355 -1.04191 -1.686 -0.543141 -1.07439 -2.8988 1.19695 1.55438 -0.930282 0.0749628 -0.304421 1.31393 -0.497595 -0.627881 0.867046 1.13059 -0.17615 -0.28316 0.952083 0.675695 0.833088 1.99416 -1.39818 -0.266028 -0.770999 0.780516 1.12797 0.575176 -1.01179 -0.686631 0.248434 0.288228 0.444552 4.61555 -0.681487 -0.0567599 1.13286 -1.74662 0.746658 0.416324 -0.155575 0.652939 0.28254 -0.617976 -1.67998 0.455981 1.36261 1.0224 0.596525 1.17048 -1.90035 2.43865 -1.37402 -0.0131234 0.0601722 0.709993 -0.0882909 -0.228696 -0.740436 -0.316554 0.19601 1.0198 -0.397427 -0.797268 -0.63877 -0.974987 -0.65445 0.176059 -1.81396 -0.623663 -0.446326 -0.375982 1.11758 0.20425 -0.501858 0.0678638 -0.821487 0.557998 1.73243 -0.986372 -0.2502 -0.779468 -0.714223 -0.148961 0.00706291 0.390232 
-0.306256 -0.707838 -0.900569 0.0992503 -0.215077 1.16524 0.837359 0.574966 -0.218219 -0.198555 -0.83591 1.82674 2.25273 0.336696 1.93056 -0.589958 -0.0301407 0.00627573 -0.548392 -1.12404 0.510184 -0.450099 -2.16315 -0.890283 -0.361492 -1.20415 -0.492283 1.56708 1.23385 0.372441 0.635661 0.124334 1.2736 1.72993 -0.910437 -1.40885 1.25106 -0.045905 -0.937772 0.665232 -0.645763 -1.03454 -0.132857 -0.967515 0.0740887 -0.744613 -0.874878 -0.579356 4.04208 -0.101357 -0.10565 -0.64103 -0.0932608 0.710113 1.05741 1.23126 0.154498 -1.28495 0.0298751 -0.485413 -0.664773 0.654424 -0.267662 -0.13519 0.469878 0.028196 0.419157 0.363257 0.532265 0.214332 -1.1609 -0.0642639 -1.32471 -1.20174 -0.414125 -0.326219 -0.291972 1.24905 1.44001 0.171562 1.01982 -0.857151 0.31657 0.81034 0.619007 1.00677 0.0018275 1.45687 -0.256765 -0.715107 -0.13923 -1.30518 -1.2165 -0.178872 0.204493 1.46932 -0.940103 1.30965 0.390421 1.7347 
-0.131608 0.781535 0.118505 0.118694 1.15466 1.25659 -0.207703 0.286974 0.0959482 0.185024 0.41503 0.00960004 -0.38271 0.394811 -0.0332404 0.0547077 -1.37988 1.57304 0.884522 -0.0680883 -0.823036 0.701907 0.178375 -1.08912 1.23313 -0.783356 -0.152948 1.6948 0.584595 1.40291 0.475235 -0.645939 0.0912167 -0.622171 0.821329 0.398029 0.363896 0.00526369 -0.0456446 0.174982 0.204068 0.166025 -0.774656 0.939303 0.381577 0.571176 -0.541221 0.055694 -0.0910337 2.33128 0.655369 -0.405507 0.336119 -1.81254 0.805596 0.711031 0.699629 0.81095 0.744914 -0.521538 -1.26688 -0.362815 0.409414 -0.485527 -0.296999 -0.891071 0.568708 -0.517602 0.202782 -0.818038 -0.456539 -0.379254 0.264299 1.09518 0.290015 0.641074 0.344624 -0.818963 -1.57668 0.654105 -0.323678 -0.562778 -1.40579 -1.44166 0.435323 -0.480808 -0.16064 0.66454 0.292473 0.628196 0.361656 0.118882 -0.309162 0.0330636 0.724897 0.633592 -0.349395 -0.604836 -0.552671 0.258561 
-0.170068 0.251846 -1.07394 1.23154 0.489205 -0.254166 -0.74543 -0.852906 -0.0101454 -0.966245 0.182668 1.16367 -0.107995 0.72269 -0.501123 -0.130746 -1.50749 0.833261 0.587802 -1.0906 0.902712 -0.308591 1.2828 -0.525763 0.751895 -0.353358 0.401303 -0.830183 0.677977 -0.403717 -1.09451 -0.607817 0.202342 -0.869321 0.186852 0.992539 1.2552 -1.52256 -0.0892356 0.651328 -0.848025 -1.53087 -0.111442 -0.903742 1.36066 -0.449715 -0.196716 1.08633 -0.254306 0.49639 3.47667 -0.698991 -1.11628 0.11436 -0.183531 0.338813 -0.212931 -0.0748046 0.454896 0.548652 0.342824 0.844366 -0.600846 1.18317 -0.765755 0.549481 -0.861305 -0.955746 0.221291 -1.01358 0.0518564 -0.314571 1.03453 1.02787 -0.239579 0.658132 -1.39802 -1.17118 -0.165279 -1.36725 -0.413673 0.428052 -2.04189 -0.378817 -0.0808131 -1.46825 0.977088 1.03639 1.87836 -1.88728 1.15462 0.370826 0.0107628 -1.9526 -0.320047 0.31677 -1.6953 -0.494876 0.282145 0.188803 
0.278343 -1.29838 0.443876 -1.8887 0.602772 0.793084 -0.684134 -0.385444 -0.149623 -1.02166 0.858164 -0.102411 0.126809 -0.773407 -0.288316 -0.278226 1.22823 0.14737 0.281113 1.83964 0.336908 -0.321323 1.09627 1.53204 -0.306594 1.14066 0.0316481 -0.269998 -0.383027 -1.04535 0.896602 -0.540764 0.649994 -0.200565 0.103293 -0.499028 -0.32708 0.51844 1.96896 0.627233 -1.73277 -0.50972 -0.444107 2.10999 -0.215438 -0.224359 1.2886 -1.80797 -0.804511 -0.57931 -0.713816 3.60662 0.925483 0.00703084 -0.522853 -1.3728 -1.92369 -1.0769 1.05142 0.501534 -0.779721 -1.15991 -0.934718 -0.883239 1.35919 -0.0960509 0.31816 -0.633062 -1.25415 -0.885759 -0.0797679 -1.10922 1.4697 -0.345402 -0.913435 -0.425438 0.840392 0.854588 0.724318 0.393175 -0.552207 0.372931 1.1663 -0.118718 -0.28147 -0.699274 0.115825 0.248855 -0.263117 -0.260073 -0.870389 -0.942374 -0.334191 -1.36294 -1.19449 0.204623 -0.0763299 -0.973773 -0.496462 -0.906878 
0.299023 0.402398 0.343743 -0.719164 -1.13259 0.230851 -1.57905 0.309167 -0.105982 -0.0371229 1.13168 -1.1584 0.571527 -0.49335 -1.27836 -0.678976 0.336719 0.261209 0.016974 -0.250095 -0.275802 1.17407 -1.44445 0.429273 -1.24416 0.106157 -0.248892 0.151085 0.394974 0.463464 0.65588 -0.397037 0.185882 0.581468 1.11485 -0.129968 -1.0161 0.449607 1.34131 0.75631 -0.0196061 -0.180407 -1.3887 0.545707 -1.89033 0.138802 0.66036 0.595894 -0.346156 0.0729014 -1.22052 0.836069 2.64122 -0.654727 0.0923445 0.170346 -0.772814 -0.96396 -1.2468 -0.230775 -0.392119 -0.203725 0.546455 -0.817149 -0.222446 -0.484206 -1.06166 -0.55195 -0.159115 -1.3937 -1.42118 -1.41689 -0.819171 0.081067 -0.411477 0.333232 1.46239 1.66761 0.116841 0.816102 -0.614557 -0.80377 -0.0666046 -0.830131 0.956962 -0.824556 -1.32385 -0.643072 -0.856949 0.405595 -0.984583 -0.630133 -0.184996 -0.465819 0.546345 -1.05565 -0.613642 -0.299587 -1.00032 -0.142659 
0.105979 -0.432667 0.0312329 0.377917 -0.839149 -0.834034 -0.484573 0.00152916 -0.605886 -0.0843211 -1.07074 0.689661 0.834765 -1.03629 0.636102 0.643295 1.04512 -2.10099 -0.63209 -0.574817 1.01548 -0.255517 -0.696459 1.48434 -0.885783 0.0434732 0.267511 -1.22803 -0.274545 -0.944707 -0.21255 0.96002 0.192241 -0.199751 -0.259078 0.0729858 0.0173732 -0.606154 0.381367 -0.755555 -0.916895 -0.929208 0.110064 -1.37605 -0.0387136 -0.348596 -0.375031 0.383485 0.575143 -1.95783 0.128046 0.0355416 -0.536802 2.54139 -0.0139939 0.305136 -0.0763344 -0.215495 -0.76459 -0.0852325 0.940147 -0.0962801 -0.64164 0.318663 -0.106034 1.46134 -0.880232 0.301434 -0.592371 0.0637535 0.291658 0.212434 -0.417643 -1.34055 -0.557344 0.0717303 -0.579179 0.529317 2.2972 -0.797152 0.0215005 1.16395 0.867875 0.958551 -0.505918 1.03442 0.710136 0.288378 0.490321 -0.932874 0.275498 -0.428371 1.00636 -0.44297 -1.06299 -0.625429 -0.0756378 0.266407 1.27552 -0.60832 
0.28255 0.149094 -0.421524 1.20688 0.645333 1.356 -0.669363 -1.04517 -1.31942 0.366094 -2.42265 0.186745 -0.417391 -0.499449 0.58047 0.0545899 -0.957103 0.130955 -0.40484 -1.08621 1.07202 1.13732 -2.6379 -1.77258 0.441637 -0.173469 -0.883157 0.117937 0.954412 -0.77055 0.560519 0.773167 -1.16608 -0.99849 0.123698 -1.36188 1.78128 -0.455252 -0.907353 -0.499431 -0.702668 -1.73953 -0.0946048 2.02098 0.849318 0.754468 -1.17129 -0.168958 0.941898 0.67976 -0.150388 -0.474885 0.229726 0.00546261 3.99905 0.162479 1.31278 0.271892 -1.02609 -1.75364 -1.11099 -0.299722 0.967249 -0.315519 0.565989 0.429112 -0.567119 0.0131225 -0.972609 -0.664313 -0.349135 0.373399 0.0456376 -0.673683 -0.141058 0.585163 1.16518 0.504415 1.02487 0.809454 -0.132565 -0.379631 0.73064 -0.580686 1.13931 -0.329751 -0.212619 1.12911 -0.631727 0.63739 0.0635341 0.574946 0.938398 -0.92843 0.998436 0.0148 0.723046 -0.818429 -1.77096 -1.21937 
-1.14409 0.795707 -0.231909 -0.642743 -0.629343 0.58503 -0.568547 0.661411 -0.210927 0.0573927 -1.10164 0.111425 0.762994 -0.186441 0.470743 1.4548 -0.778439 -0.758627 0.230001 -1.2723 -1.41652 0.0506533 -1.02075 -0.173864 -0.714341 -1.97788 -0.192408 0.51349 0.648579 0.998821 0.718595 0.592017 0.644178 -0.426782 0.00774188 1.38828 -0.975881 -0.529467 -0.107664 -0.0607427 -0.0835876 -0.432539 -0.965059 -1.77756 -0.611409 -0.0133328 -1.85341 0.537605 1.01379 0.483243 0.270004 -1.42679 0.205777 0.222642 0.0605281 2.62515 0.185271 0.0834281 0.34685 -1.32915 -0.545556 -0.511737 0.0433932 -0.67912 -1.45064 -0.452519 -0.850843 -0.823998 0.911751 -1.3528 -0.0717832 -0.286676 -0.850858 -0.397108 -0.524051 1.3522 -0.843223 0.203333 -0.011105 0.0242917 -0.537753 0.336578 -1.45409 -0.182879 1.07807 1.27842 -0.166557 0.564324 0.209295 -1.01038 -0.0645298 -0.854245 -0.506012 0.443026 0.5547 0.448693 -0.810469 0.611804 0.512622 -0.308623 
0.144811 -0.154022 1.34048 1.36612 0.345169 -0.847287 -0.699515 0.244069 -0.947663 0.599411 -1.03607 0.296109 -0.872785 -1.05093 -0.1003 -0.364873 -0.882496 -0.30851 -0.297412 -0.113126 0.0565472 -0.528406 -1.48249 -0.992311 0.340072 -1.0762 -0.621965 0.177515 0.0811917 0.563524 0.42585 0.267321 -0.940747 -0.321899 -0.877318 -0.83159 1.25929 -1.44437 -0.265736 -1.37616 0.860147 0.533057 -0.615874 -0.643229 0.583489 0.427182 -1.31254 0.272133 0.04196 0.576768 -0.176813 -1.87275 -0.632457 -0.0539023 1.31576 0.290198 3.11651 2.21974 -1.22091 -0.0677495 0.261715 -0.898853 0.47313 -1.01142 -0.65075 -0.545901 0.236255 0.748169 0.486786 0.84705 -1.39055 0.0243824 -1.5206 -0.338754 1.65916 -0.381132 0.322477 -0.591891 -0.238315 0.110426 0.372488 0.515041 -0.303554 -1.04958 -0.996223 0.377034 0.398017 0.478179 1.02805 1.57978 1.89513 1.14742 0.466686 0.41857 0.663101 -0.324146 0.536536 -0.424202 -0.282777 -0.181306 
0.191875 0.771785 1.46739 1.38055 0.385703 -0.911446 -0.468917 0.036041 -0.734848 0.593692 -0.09517 0.241228 -1.30203 -0.151557 0.616294 0.894509 -1.17049 -0.145055 0.748193 0.747507 -1.15009 0.523869 -0.202383 0.0857681 0.362457 -1.12048 0.348717 0.0536808 -1.1449 0.41227 0.103866 0.177491 -1.32069 -1.77339 0.287738 0.312569 0.245206 -1.4077 0.624511 -2.59841 0.0580091 0.581748 0.268317 -0.569361 0.780216 0.402139 -1.26164 -0.648859 -1.41796 0.667613 -0.0591629 -1.04643 -0.844079 -0.213539 0.254391 0.167879 2.19926 3.43741 -0.220679 -0.114198 0.14814 -0.772198 -0.229878 -0.867172 0.162275 -1.47865 0.468978 -0.201607 0.342622 0.853517 -0.251797 -0.835001 -0.254138 -0.314326 0.745752 -0.31713 0.141318 -0.879433 -0.622155 -0.158649 0.380579 1.51516 0.487829 -2.00733 -1.1366 0.371651 0.33332 -0.596428 1.06321 0.74807 1.95429 0.412325 -0.313476 1.53333 -0.390578 -1.45883 -0.261553 -0.604737 -0.333438 -1.13171 
-1.43083 -0.416376 -0.837313 -1.90398 0.806636 0.703968 0.633245 -0.343169 -0.283122 -1.16888 -0.0616777 -0.0529497 -0.373579 0.751653 0.694899 0.395132 -0.304357 0.20105 0.0462775 0.92708 -1.42039 -1.19183 1.6924 -0.134076 0.996196 -0.670549 -0.250392 0.862567 -0.712686 0.143059 0.366727 -0.540153 0.832541 -0.725869 -0.858661 0.222611 -1.1841 -0.120796 -0.4715 -0.0650698 -1.60207 0.580863 0.116344 0.664291 0.327464 0.0637493 -0.783217 -1.78446 -0.176732 0.527983 0.396945 1.00829 -1.20051 -0.836227 -1.11719 0.357708 -1.31498 -0.294272 3.10544 -0.602087 -0.697765 -0.806362 -1.26257 -0.360524 0.804303 -1.10534 0.430622 -0.563572 0.328984 -0.599681 1.66402 0.381558 1.69873 0.0148528 -0.667368 0.244593 -1.03055 -1.48537 -1.06985 0.145371 -0.914214 0.0761667 -0.595887 0.0444099 -0.0540107 0.324728 1.17517 0.85611 0.198419 -1.06319 -0.396499 -0.898156 -1.04843 0.273258 -0.720746 2.08473 -0.60429 0.43278 0.0441383 -0.246927 
0.292346 -0.329629 1.01941 -0.382134 0.0888144 -0.606767 -0.330329 -0.563512 1.46175 -0.473377 0.717173 1.234 0.679374 -0.206152 -0.805523 -1.81793 -0.0613252 -0.965991 0.334761 1.09114 1.22425 -0.680692 1.47313 0.1893 -0.49582 0.562932 0.316607 -1.06496 0.629309 -1.12999 0.0825728 -2.29731 0.0533978 1.64597 -1.43442 0.557873 0.109181 -1.08719 0.187883 0.783946 1.44021 0.657176 0.207702 -0.394494 0.698157 -1.16566 0.446983 0.416601 -0.626924 -0.673372 0.555797 0.523504 -0.119391 -0.0917737 -1.77964 -1.2532 -0.0967228 -0.122695 -0.536991 3.50689 0.749989 0.698432 -1.30126 0.06065 -0.440623 0.410334 -0.137548 -0.728692 0.988534 1.36648 -1.2985 -1.5411 -0.51462 0.237913 0.0579144 0.0499176 0.561468 -0.417557 -0.879796 0.144078 1.52546 0.227209 -0.222474 -0.821992 -1.79645 -1.88272 -0.450744 -0.73342 0.208107 0.639262 0.693261 -0.337105 -0.898856 -0.882604 -1.73822 -0.511019 0.393334 0.201929 0.561039 -0.101932 
-0.121873 0.63332 -0.321433 0.757216 -1.3617 -2.43261 -1.01393 -0.00913692 -1.28838 -0.103941 0.659371 -1.16804 -0.393376 0.789061 -0.772151 -1.34817 0.468139 -1.00227 -1.048 0.0145394 0.813082 -0.691295 -0.178308 -0.0769538 -0.206981 0.917441 0.152528 -1.68784 -0.544318 -0.0549438 -0.365918 0.545592 0.285419 1.0166 -1.0077 -0.0702529 -0.886013 -1.07272 -0.211745 -0.0903916 -0.122145 1.09495 1.00968 -1.31843 -0.584052 0.377588 0.332054 1.27565 -0.853861 -1.46629 0.302392 -0.805328 -0.328312 0.886029 -1.18457 -0.517179 0.185165 0.0920658 -0.680246 0.702413 2.62268 0.287008 -0.843035 0.555988 0.167224 -0.0424581 -1.84675 0.41691 1.05509 1.09288 0.635665 0.318187 -0.58279 0.000523799 0.639092 -0.64001 -0.363694 -0.370499 0.529056 -0.461784 -0.692265 0.642621 0.329052 0.189185 -0.515029 -0.519507 1.30883 -0.848814 0.535805 -0.78979 0.441634 0.638458 0.144514 0.0727631 0.124608 -0.587147 -0.842706 0.832909 -0.178001 -0.401256 
0.793361 0.434737 -0.445093 0.921687 -1.64106 -0.214246 1.73686 -1.94813 1.65608 -0.573372 0.721456 0.93079 0.75053 1.84503 -0.763094 -0.549184 -1.55243 0.545728 -0.151592 -1.7362 0.479612 1.55945 -0.664471 0.430541 -0.707365 -0.664113 0.534097 -0.177184 -0.101352 -1.70013 -1.66696 -1.32618 -1.20603 0.377198 0.686575 -0.577223 -0.0300071 -0.454048 -1.15509 -0.284738 0.245894 0.158713 0.125568 -0.0295964 0.348992 -0.231381 0.609975 1.03134 0.561234 -0.466328 0.899833 -1.08962 -0.0440195 -0.0544995 -0.277398 -0.387462 -0.879504 -0.732373 -0.692945 0.746753 0.382907 3.98258 0.865803 1.83562 0.893015 0.15932 -0.973044 -0.0744904 1.02218 0.282808 0.147268 -0.197235 0.828313 -1.14283 -1.06289 1.15859 -0.295243 0.0814211 -0.651733 -1.11724 0.878174 -1.45851 0.100281 1.02622 0.206678 -1.12549 -0.54282 -0.510192 -0.447538 -0.458118 0.227966 -0.363634 -0.240792 0.85287 -0.856142 -0.840076 -0.828863 2.01058 -0.996571 1.84771 
0.560111 -0.867863 0.665636 -0.189305 -0.832237 0.140454 0.953155 -0.588385 0.657033 0.169967 -0.456792 -0.817417 -1.30078 -0.565117 -1.86683 1.14851 -1.04392 1.51833 -0.258873 -1.46283 -0.869383 0.249497 -1.06877 0.0758433 -1.25337 -0.517042 -0.668524 -0.456138 -0.0903709 -0.599869 -0.644115 0.770731 -1.42859 -0.92426 0.694661 -0.436191 0.417971 0.767389 0.0050524 0.106011 1.09448 -0.206571 -1.31314 0.330814 -0.186872 0.138265 0.756493 0.541524 -0.424794 0.241959 -0.609322 -0.92837 0.642218 -0.663802 0.925631 0.103726 0.428536 -0.253995 -1.2131 -1.31688 -0.811079 0.801861 2.80112 -0.0265102 -0.916966 -0.131632 0.561269 0.616307 -0.289376 -0.694587 -0.607088 0.589473 0.192707 -0.663264 0.624918 0.172229 -0.374597 1.01738 -0.743204 -1.09092 -0.225995 -0.825407 -0.579307 1.36046 0.979057 0.561688 -1.0604 -0.0794941 -0.478821 0.731151 -0.409955 1.3144 0.676871 0.372002 1.60436 -0.530566 0.715801 -0.297987 -1.53572 1.06985 
-0.0584678 0.528195 -1.94067 1.15671 -0.659434 -0.637432 0.615702 -0.754883 0.328005 -0.236662 0.249013 0.104541 -0.0813274 0.864354 0.112568 -0.518412 -0.299972 0.010169 -0.585817 -1.59534 0.567145 0.861446 0.461532 -0.463831 0.332281 0.766774 0.14254 -0.517199 -0.611502 -0.491525 -2.30748 -0.668718 -0.599098 -0.415701 0.936625 0.0951035 -0.180722 0.349243 -1.70839 -0.197397 -0.222998 -0.910516 0.873092 -0.489703 0.104991 -0.722365 0.355637 1.08354 -0.324255 -0.684916 1.14276 -0.908824 -0.753319 0.264567 -0.389071 -0.650721 -1.08795 -0.923223 -0.342983 0.0130954 0.55601 1.73974 -0.0584441 2.22606 -0.0117993 1.28082 -0.197329 0.226312 -0.820112 0.284048 1.10107 0.797302 0.550908 0.561474 -0.673845 -0.235286 -0.678698 -0.897148 -0.0798363 -0.840149 0.287682 -0.833321 -0.291902 0.261847 -0.0627993 -0.884954 -0.18732 -0.546144 -0.494528 -0.835793 -0.708748 0.0585954 0.639337 -0.273472 -0.736099 -0.507709 -0.528162 0.0800448 0.610351 0.720021 
0.389688 -0.169041 -0.495521 0.473926 -0.265207 -0.224692 0.422664 -1.22611 -1.05005 -0.792912 0.938872 0.00864576 0.173907 1.43344 0.917783 -1.22086 0.233304 0.360187 -0.496211 1.00491 0.325759 0.694525 -0.93697 0.309909 0.727957 0.0943408 0.181134 0.784659 -1.25218 -0.910296 -0.0456472 -0.387122 -0.405047 -0.0450512 0.0900606 -2.50054 -0.00622304 -0.459288 0.0194725 -1.34305 -2.44859 0.494627 0.835615 1.93759 -0.137106 0.776254 0.298814 -1.90181 0.366292 -0.410908 -0.720686 1.41908 -0.0731368 -0.0746498 0.577917 -1.33677 -0.641799 0.191703 0.907324 -0.402697 0.252725 0.882618 -0.86342 0.0736804 3.36207 -1.33161 -0.530825 0.36917 -0.0547505 0.326488 0.747414 -0.163624 1.25267 -1.15626 -0.732672 -0.582933 0.915311 0.0339452 0.736756 0.476242 -0.29883 -0.573506 2.30272 -0.197432 -0.18303 -0.680306 0.932672 0.0768381 -0.194681 -0.204148 0.332247 -0.826397 -0.583509 0.82901 -0.91558 0.0738232 -1.05276 1.04709 -1.52397 0.141363 
0.32851 -0.0244452 -0.261443 -0.476697 -0.0488235 0.612499 -0.262475 0.091414 -0.000534086 0.258487 -1.34724 0.500252 0.383987 -1.82562 -0.181837 -0.35625 0.134804 -1.74178 -1.10951 -1.96833 1.89746 0.807683 0.0887218 0.654573 0.0729089 1.69713 -0.56261 -0.54944 0.491256 -0.333755 -0.710762 -0.543303 0.505065 -0.0942737 0.547297 1.07488 -0.327016 0.636604 -1.17254 0.38211 0.333299 -1.02183 -0.611173 0.268557 0.788403 -0.682343 0.219364 2.45375 -0.0588358 -0.988426 0.611105 -0.019602 -0.318342 1.50928 0.457593 -0.322086 -0.520395 -1.43267 -0.985767 0.464814 0.0595981 0.165478 -0.0615315 1.38286 -1.31505 3.88061 0.15769 0.404624 -2.04955 0.477715 0.431155 0.654938 -0.0457232 -0.488532 -0.629541 0.559223 -0.232016 -0.882251 0.716336 -0.576881 0.237841 0.109098 -0.615042 0.290833 -1.05711 0.141727 0.502244 0.808625 -0.913385 0.418693 -1.34149 -0.0343616 2.52613 -1.79506 -1.68661 -0.0734921 1.09418 -1.01538 1.70582 -0.143832 
-0.00154214 -1.75264 0.33134 -1.0058 0.994021 0.8704 1.75554 1.19304 0.188416 0.201594 0.136768 0.963795 -1.20271 -1.22808 1.16378 0.586023 -0.786476 1.72349 -0.0989808 -0.25157 -1.58497 -0.643041 0.833802 -0.370505 -0.323225 0.458038 -1.05188 1.10937 -1.10874 0.828695 -0.779002 -0.562926 0.0163468 -0.91743 0.305303 -0.106827 0.724641 1.63053 -0.446993 -0.572404 0.549288 -0.858362 -0.183933 -0.229195 1.1914 -2.13935 0.53479 -1.46027 0.23078 0.370008 -0.901026 0.293264 -0.997145 -0.933639 -0.639983 -0.821755 0.160416 0.413615 0.448852 -0.184414 -1.84604 -1.06823 0.530024 -0.19664 -0.615616 0.0563446 4.59669 0.636451 -1.98174 1.80285 -0.883568 -0.380211 -0.133806 -0.333726 0.696748 -2.83349 -0.929266 -0.0326451 -1.07042 -1.14627 1.72848 0.213193 0.16887 -0.695668 -1.41365 1.26612 -0.690856 0.0681102 -0.901271 0.79741 -1.09306 -0.102912 -1.10791 0.221195 -0.716364 0.195653 0.145095 -2.04203 0.562224 1.51311 
0.0458802 -1.22748 -0.224284 0.36614 -0.521856 -1.25201 0.487281 0.264975 -0.653755 -0.12213 0.234427 -0.609668 -0.523754 -0.868033 -0.377043 -0.902071 0.895328 -0.0608978 -1.46356 -0.450198 0.0219827 -0.796939 -0.830251 0.179916 0.359801 0.0341501 -0.752809 0.612754 -1.19186 0.435879 -1.06139 0.177365 -0.40465 0.0935877 -0.0777408 -2.04807 0.091109 0.439159 -0.780804 -0.88107 -0.273577 0.726526 -0.703858 -0.213208 -0.87767 0.152364 0.356669 -0.0570711 0.217178 -0.674004 -0.953169 -0.61566 -0.445133 0.290325 -0.0174427 -0.752612 0.714629 -0.214672 -0.503044 -0.733259 0.459919 -0.12738 0.62736 0.269299 0.326677 0.345577 0.67875 1.98667 -0.827548 0.419803 -0.10577 1.48113 -0.648512 -0.336139 1.02542 -1.27402 -0.18368 -0.493758 0.290857 -0.363717 -0.348452 -0.981575 0.167799 0.975144 -0.828395 0.752838 0.506708 0.357104 0.14555 1.09204 0.0839501 0.699913 1.2897 0.492681 0.197355 0.426257 0.415592 0.133704 0.529992 1.53598 
-0.684475 0.558336 0.586841 -0.451082 -0.957772 -0.764866 0.0854238 -0.715859 0.542159 -0.424766 -0.0276673 -0.15592 0.369603 1.6749 -0.883824 -0.412831 -0.946637 -0.297799 0.245157 0.586383 -0.591748 -1.12251 -0.263882 -0.759485 -0.792025 -1.55047 0.242693 -0.757842 0.826657 -0.547647 1.11036 -0.165999 0.0523361 1.54589 -2.17051 0.30679 -0.663526 -1.7031 -0.150648 0.659086 0.985457 1.74529 0.350455 -1.12461 -0.182094 0.519205 -0.852046 0.026135 0.396097 0.0562905 0.233778 -1.22683 -0.0423877 -0.593569 -0.993264 0.993048 0.463155 0.339468 0.399423 0.993877 1.10801 0.979201 -0.268412 -0.767215 -0.0873327 -2.09869 -1.92953 -0.817638 3.42698 0.226761 -0.212512 -0.546637 -0.469756 -0.429672 0.295584 1.21095 -0.298057 0.172973 -1.09795 0.272033 -0.0436907 0.0388876 -0.565926 0.441385 0.612184 -0.473283 0.157939 -0.46959 0.540433 -0.608564 1.13061 -0.00350575 -1.92291 1.0648 0.908052 0.523111 -0.505775 2.31376 -1.33024 -0.126782 
0.354656 0.335982 0.824278 -0.382109 -0.418705 -0.500608 1.17522 0.636054 -1.16524 0.842975 -0.298126 0.212927 -1.01197 0.587369 1.07751 -1.33855 -1.43906 -0.229072 -1.23687 -0.351652 0.332854 -0.0217016 -0.402218 -1.12633 -0.462178 1.96525 -0.816769 -0.635579 -0.537636 0.172484 0.308249 -0.229722 0.472081 1.30444 -1.58947 0.378233 -0.459187 0.0291722 -1.62729 -0.591927 1.25402 1.16628 1.98965 -0.311809 1.9039 -1.09607 0.300366 0.709645 0.111854 -0.930839 -0.967402 -0.824757 -1.24328 0.0962448 -0.651278 -1.23782 0.857109 0.884052 -0.495553 1.40551 1.17949 0.273519 -0.639933 0.370635 0.327595 0.462268 1.88875 0.463403 0.26045 4.63613 0.180016 -0.573101 -0.728399 -1.61256 0.802818 -2.27527 -0.353124 -0.425485 -0.744129 -0.754953 1.89038 1.2322 1.68131 -1.04824 -1.92556 0.485815 1.06818 -0.907972 -1.64423 0.530673 -0.802635 0.168143 -1.31281 0.881549 -1.12262 -0.522496 -0.042261 -0.0789648 -0.800657 0.110022 
-1.03167 1.06812 -1.59679 -0.575526 -0.178518 -0.227557 0.752924 -0.752284 -0.628351 -0.0661858 -0.966271 -1.4008 -1.04399 1.22827 0.619917 1.00242 0.205319 -1.01007 -0.604536 -0.092627 -0.627065 0.235661 1.16898 -0.197817 0.855221 0.796623 0.154161 -0.747531 -1.18305 -0.477242 -0.692939 0.823608 -0.229778 -1.19946 -0.0581474 0.905425 -1.94602 0.493439 -1.61547 -0.698248 -0.923517 0.542131 1.716 0.625117 0.0995089 0.733089 -0.546863 -0.127344 -1.30209 -0.608046 0.0593284 -0.057471 -1.30947 0.285444 -0.374805 0.00449776 -1.4192 -0.259967 1.72944 -1.29817 0.683569 0.0992737 -0.59114 1.14895 0.709817 0.377003 -0.836375 -0.100875 -0.217527 0.141311 3.51935 1.7794 1.79517 0.0374088 -0.934391 0.611939 -0.891805 -1.56406 -0.298697 0.0154732 -1.14469 0.332606 0.49298 0.741587 0.591261 0.509566 1.02959 -0.534968 -0.911946 -1.16693 -1.19885 0.0386104 0.653772 0.97416 -0.342822 0.570212 0.43831 0.615988 0.0091199 -1.44609 
-0.876763 -0.632306 -1.61227 0.367385 0.12447 -0.835725 0.896953 -0.390206 -0.070092 -0.0309025 -1.22675 -1.16034 -0.804383 -0.159308 -0.187923 0.277278 1.35614 -0.613906 -1.1339 -0.305334 -0.0499747 -1.23699 0.370043 -0.751624 1.07502 0.0026107 -0.422627 -0.133527 -0.705869 -0.150927 -1.31482 0.963491 -0.76301 -0.45399 -0.526187 -1.10732 -0.115284 0.748115 -1.91775 -0.206101 0.0423828 0.422059 0.3919 0.00740838 -0.759662 0.705841 -0.376995 -0.201802 -0.139502 -0.464815 -0.241153 -1.02098 -1.23923 0.272166 0.413675 -0.144449 0.0616824 -0.777225 0.512928 -1.47483 0.432037 -0.179283 0.671367 0.91113 -0.135276 0.666732 -0.267071 1.55197 -0.485707 -0.54586 1.84535 3.09514 0.28822 0.804743 0.561451 0.0178524 -0.710596 -1.24343 0.0965589 0.173342 -0.998575 -1.12746 -0.412632 2.06537 0.539015 0.759118 0.29097 0.268056 -0.0301154 0.305694 -0.330042 1.22068 1.77628 0.468509 1.10045 1.35184 1.60958 0.504812 0.872518 0.302095 
0.0417761 -0.447574 -0.24005 -1.03385 0.302581 0.656624 0.797696 -1.87788 0.094214 -1.15952 -0.0642149 -0.203564 -1.31864 0.78139 -0.792555 0.871789 -1.17223 0.983499 0.193445 0.0786599 -0.303903 0.24774 1.43253 0.752294 0.3319 0.332569 0.0698518 -0.71091 -0.807536 -1.72496 -0.477052 -0.253144 -0.635627 -1.85566 0.354331 0.193603 -0.379961 -0.130305 0.14763 -0.228623 -1.58547 -0.269372 0.0544024 2.05066 1.1978 0.377211 0.620689 -0.819006 -1.50542 0.0732745 1.00249 1.45248 -0.746977 -0.463375 -0.0195504 -0.814095 -1.58876 -0.301825 1.72464 -0.55381 -0.574404 0.740801 0.169138 0.559272 1.17555 -0.139393 -0.12613 -0.683135 -0.51429 -0.806622 1.75565 0.182757 3.08054 -0.662659 -1.00985 0.774246 -0.757306 -0.813585 -0.741325 -1.00231 -0.973492 0.223765 0.0663472 0.603919 0.205219 -0.635785 0.936295 0.496342 0.0331621 -1.03839 -0.359385 0.10105 0.155094 -0.415971 -0.804126 0.4377 -0.325414 -0.187576 -1.50817 -0.536589 
-1.01286 0.618086 -2.33089 1.59752 1.23393 -0.920292 -1.44788 0.561019 0.645777 0.0780273 1.03488 -0.931938 -0.283326 0.279617 -0.165009 -0.63354 1.68572 0.588061 0.951967 1.12095 -0.226577 -0.746849 2.11715 -1.92537 1.44218 0.319423 0.52163 -0.149056 0.160768 1.19961 -1.48122 -0.524197 -0.389432 -0.174486 0.665747 0.366901 0.537346 0.54452 -0.307593 1.10547 0.68038 -0.957511 0.774903 -0.816137 -1.52104 -0.34336 -0.0681611 -0.356479 -1.34379 0.942798 1.03447 -0.323977 0.191907 -1.34764 -0.700226 -0.321698 -0.368272 -0.323367 0.0794046 0.237369 0.0475562 -1.1917 -0.648188 0.608484 -1.19473 -0.543556 -0.287404 -0.332116 -0.435559 -1.65213 0.0365371 0.737925 -0.624013 4.27199 0.576426 -0.596141 0.455324 -0.859391 -0.638402 1.34205 -0.449386 -1.04195 -1.62917 -1.03454 0.849242 -1.89495 -1.68561 -1.13062 0.741634 -0.155377 0.0753306 0.759738 -0.0144927 -0.996506 1.42598 0.0344994 0.276073 -1.3441 1.55391 -0.610172 
-0.132714 -0.944894 0.533913 0.298299 0.0653349 -1.39454 -0.493374 0.611042 -0.90839 0.0749313 0.220889 -0.861107 -1.46113 -0.695161 -1.09371 -0.818352 -0.0908885 0.80094 -0.663925 0.245582 -0.286903 -1.67504 -0.17419 -0.986342 0.0304777 0.115592 -0.83563 -0.440835 -0.307963 0.747889 -0.0815831 0.447687 -0.216781 0.27228 -1.05356 -0.830205 0.662006 -0.353562 0.00340078 0.0768999 0.815528 0.716195 -0.431599 -0.716574 -0.152865 -0.0310711 0.252149 0.111077 -0.601189 0.0926287 -0.277987 -0.937018 -0.345646 -0.609438 -0.212608 -0.49365 1.58463 0.691702 -0.647824 0.0123616 0.641116 -1.15677 0.594986 -0.671843 -0.81615 -0.729573 0.698062 0.984433 0.244688 0.718233 -0.980271 0.449625 -1.01621 0.531418 1.96949 -1.56085 -0.320605 -0.242256 -0.604757 -0.403815 -0.269901 0.1024 -0.662142 -0.0876329 -0.640216 0.0812471 0.396394 0.0279653 0.758582 0.831387 0.674069 1.5179 -0.00775308 -0.185774 1.32981 0.245105 0.159731 -0.740373 -0.443925 0.536018 
-0.356409 1.05683 0.623448 -0.837454 -0.309884 1.10643 -0.345196 -1.70464 1.59996 -0.416836 -1.42588 0.269934 0.995587 -0.114686 -1.19204 0.965148 -0.712816 -1.82161 0.632344 -0.518413 0.169861 1.08543 -0.0704502 0.932594 -0.0418771 -1.75864 0.490946 -0.0635073 1.12342 -1.29523 0.701728 -0.908123 -0.710014 -0.560152 0.0844691 1.21933 -1.1751 -1.13479 -0.169169 0.0182241 0.304929 0.570315 -1.39668 0.868824 -0.147865 1.25657 -1.4616 1.04422 -0.403933 0.553037 0.729073 -0.339671 0.508413 0.128986 0.622962 1.49195 -0.346309 -0.26183 0.373486 0.113715 -0.528636 1.17406 0.251647 -0.123934 -0.557061 0.56854 -2.72283 -1.20566 1.2694 -2.25051 0.675408 0.0153761 0.877233 -0.5318 -1.4515 4.10963 0.480308 -0.8118 -0.726931 0.838952 -0.82892 -0.521093 -1.38554 0.478558 0.818639 -0.527353 -0.322728 0.610147 0.136062 0.27196 0.561474 -0.589113 1.24732 0.116393 -0.632871 0.289008 1.08359 1.51525 -0.0220484 -1.178 
0.146124 0.472062 0.120615 0.304335 0.0236011 0.160307 -1.41614 -0.54113 -0.0663001 0.119793 0.0596273 -0.457435 0.470913 -0.57565 -0.121489 -1.53131 0.78893 -0.94817 -0.0675384 0.911026 0.565765 1.13823 -1.2156 -0.558379 0.121566 0.171542 -0.215224 0.388062 0.138565 -0.29548 0.475333 -1.25197 -0.891924 0.433666 0.25668 -1.19388 -0.251044 -0.205139 0.077526 -0.429991 0.025092 0.0636101 -0.272747 1.63186 -1.15935 0.352668 -0.422432 -0.512684 -0.50936 0.116913 -1.46675 0.786485 1.49789 -0.661597 1.06331 -0.843147 0.217627 0.0569443 -1.04133 0.485591 -0.391994 -0.419441 -0.434853 -0.70702 0.801509 -0.362372 -0.958277 -0.25499 -0.379277 -0.468033 -0.968009 -0.852746 -0.793992 0.379991 -0.350929 0.340635 2.48636 0.33317 0.0702472 2.06382 0.206357 -0.979418 0.952074 -1.64695 -0.0189361 -1.56498 -1.33887 -0.725675 -0.953521 1.6479 -0.117389 -0.526138 0.221298 -0.154426 -0.369179 -0.880646 0.804495 -0.283338 -0.593931 -1.18698 
0.473792 -0.880103 0.264441 -0.276405 -1.1868 0.142604 -0.332006 0.213668 -0.000784607 0.0248559 0.0679311 -0.077191 0.56084 -0.159885 -0.211056 0.762516 0.476354 0.801026 0.284107 -0.0864331 -0.312753 -0.0983364 -1.68583 0.275903 -2.64765 -0.0738503 -0.0569496 -1.24331 0.563555 -0.906128 0.669274 1.29608 -0.0582099 0.632483 -0.00922414 -0.443403 0.697733 0.497587 1.69404 0.987716 0.0324516 -1.60694 -0.024276 -0.701854 -0.885053 -0.891279 0.897954 -0.903995 1.0402 -1.03814 -1.23138 0.80921 1.71164 0.455429 0.411071 0.21194 -0.688212 -0.955276 -1.48762 -0.484904 -0.390269 -0.0342475 0.965649 -0.91694 -0.0713268 -1.00408 -0.0531261 -0.556538 0.100283 -0.531865 -1.63174 -1.37705 -0.841742 -0.926194 -0.26405 -0.942944 0.3417 3.51325 1.58108 -0.391497 0.529737 0.278397 1.33273 0.72693 1.57294 0.306322 -1.66917 -0.810026 -0.668522 -0.998786 -0.770017 -0.351368 -1.64833 -0.389847 1.30953 -1.22056 -0.699505 -0.192205 -1.45988 -0.0602725 
0.208915 -0.608862 -0.871102 1.21134 -0.489764 -0.642831 -1.20309 0.260587 -1.34101 -0.116248 -0.628411 0.479177 1.17708 -0.735051 1.23243 0.237942 1.87732 -1.19143 -0.429732 -0.0684806 1.29332 -0.198625 -1.49518 0.752613 -0.661666 0.223249 0.298542 -0.86753 -0.0323136 -0.639589 -0.033917 1.55336 0.335923 -0.0102763 0.162898 -1.12839 1.05101 -0.28181 0.984996 -0.32423 -1.88216 -2.01438 0.43732 -0.879131 -0.738816 -0.221131 -0.0830006 -0.65305 1.3236 -1.70342 -0.133034 0.771388 0.253326 2.31576 1.02398 0.0899496 -0.242187 -0.605551 -0.979658 -0.854696 0.601733 -0.674954 -0.702483 -0.00718079 0.723932 0.686958 -0.998456 0.320526 -1.0782 -0.75806 -0.273923 0.0553865 -0.677034 -0.612757 -0.534103 -0.765627 0.171225 1.67353 3.40277 -0.112657 -0.249599 0.724257 1.58283 0.683368 0.50821 0.573965 0.220129 0.355082 0.568181 -1.32335 0.172603 -0.51536 0.506739 -1.03578 -0.0257072 -0.616294 -0.688313 -0.223567 0.723787 -0.705681 
-1.0515 0.785246 -0.872008 -0.130107 0.598792 0.39212 -1.29353 -0.101367 0.0368635 0.160731 -0.669692 -0.657463 0.803127 -0.236156 0.716798 -1.17996 1.45327 -1.6159 0.0237103 1.40767 -0.0284579 0.19842 -0.485515 -1.46733 0.811322 -0.345786 -0.210254 0.80166 0.428985 0.345129 0.770507 -1.00241 -0.33702 0.724774 -0.574039 -0.709003 -0.75631 -0.0459065 -0.800512 -0.0107297 0.174771 0.336494 0.306103 1.04898 -1.53551 0.472676 -1.49122 -1.06778 -0.023358 0.448862 -1.41351 0.361735 0.874077 -0.857102 0.730047 0.0468361 0.0280432 -0.220556 0.157057 0.0906689 -0.467616 -1.21897 -1.1287 -0.846003 0.384907 -0.684769 -1.15281 -0.412559 0.21328 -0.847395 -0.0382634 0.0536594 -1.01653 1.28919 -0.411672 0.721746 2.08629 -0.377559 -0.191167 2.90619 -0.0890655 -1.12616 0.330741 -1.38159 0.535154 -1.08159 -1.3273 -0.590315 -0.958725 1.24233 -0.342942 -0.765357 -0.137171 0.178104 0.124057 0.405656 1.26205 0.212393 0.353487 -1.65909 
0.0445901 -0.444062 0.0726468 0.348473 0.0279747 0.336286 1.05576 -0.247185 1.25597 0.252803 -0.708326 1.82014 0.506517 -0.230162 1.24101 -0.213753 -0.627768 -0.394994 0.252957 -0.210032 -0.103043 0.173221 -0.142902 -0.842625 -1.08641 -0.223563 -0.165973 -0.266286 0.115653 -0.942639 -0.64364 -1.32906 -0.882025 0.434996 -0.621104 0.0569192 0.829428 -0.0156673 -1.01275 -0.452211 1.37535 -1.02443 0.873739 -0.907341 0.93159 -2.05236 -0.523273 -0.768141 0.803993 -0.549824 -0.480839 -0.604549 -0.577485 -0.0593523 -0.232875 -0.536111 0.269203 0.29777 -0.923429 1.45115 -0.719 0.75554 -0.284685 0.260925 -0.411067 0.10905 1.70103 -0.418196 -0.123345 1.77704 -1.21933 -1.13916 -1.00861 -0.523153 -0.29866 -0.967028 0.207922 0.522772 -0.349012 -0.109968 2.68144 -0.0185756 0.810489 -0.852153 -0.893645 -0.336936 -1.76639 -0.969306 -1.05263 0.498992 -0.149572 -0.701734 -1.56127 0.313198 -1.19163 -0.951996 0.473482 -0.242882 0.410299 0.256963 
-0.0215568 0.266838 1.25493 -0.552915 0.0617305 -0.343078 -0.944283 0.558933 -1.43809 0.281383 -0.832116 0.118796 -1.00888 -0.525735 0.480018 1.36721 -0.824282 -0.668737 0.313297 0.348646 -0.247412 -0.455299 0.452313 0.630449 -0.962291 0.636769 0.0796813 -1.825 -0.201883 -0.231473 1.13289 1.29625 0.5922 -0.956133 -0.730679 1.97915 -0.271487 -0.948077 1.29716 -0.539998 -0.345048 -0.506449 0.755697 -0.976442 1.44233 -0.444066 -0.359672 0.103737 -1.0316 -0.747554 0.402254 0.361959 -0.725328 1.12447 -0.43857 0.37959 0.453126 1.47372 0.108321 0.194267 0.657256 -1.53977 -0.842728 -0.818708 -0.644373 0.0216766 0.227117 -1.00995 0.000602952 1.16023 0.299337 -1.22667 0.230013 -1.07435 0.115011 -0.617832 -0.936483 0.312802 0.666215 -1.10569 0.0227942 2.99958 0.61818 -0.927294 -0.694327 0.910667 1.23296 -0.174917 0.481459 -1.25409 0.251425 0.0674956 -0.73704 -0.407476 -0.578843 -0.912274 -0.68041 -1.12436 -0.334985 -2.03808 
0.588756 -0.0988041 0.101489 0.422943 -0.527271 -0.307198 0.496261 -0.472056 -0.937982 0.375467 -0.321804 -0.0815561 -0.0449495 0.529829 1.58069 -0.0643859 0.872034 -0.674584 -0.422332 1.08631 0.297887 0.733548 -1.27461 0.268566 -0.793953 1.02308 0.178072 -0.726106 -1.07449 -1.33914 0.313778 0.810741 -0.742869 0.104315 -0.281145 -1.38351 0.0259971 0.279957 0.176002 -1.35856 -0.929139 -0.238061 1.9556 0.970682 0.0680476 -0.120074 0.304694 -1.81825 0.210146 -1.52253 -1.99966 1.22336 0.0798662 0.896421 0.739729 -1.34305 -0.297441 0.514419 -0.495704 -0.187387 0.411715 0.0870463 -0.528599 -0.20926 2.29989 -0.634435 0.250822 0.207453 -0.536182 1.67737 0.527739 -0.443818 0.140624 -1.59353 -0.581503 -1.41425 1.06304 1.43516 1.59281 0.419237 0.919888 0.686208 3.59748 -0.135421 -0.0831935 0.310373 -0.244101 -1.2347 -1.34983 -0.0261682 -0.494836 -0.588974 -0.859163 1.10233 -0.66456 -1.30756 0.189646 0.252774 -1.19735 -1.15329 
-0.0363965 -2.00533 -0.217725 -0.843753 -0.837602 -0.516498 1.91738 -0.906513 1.32581 -0.650357 -0.810826 -0.270944 0.130981 -0.0410192 -1.29111 1.25345 1.31272 -0.042413 -0.618322 -0.197134 0.135623 -1.93854 0.379908 1.2117 -1.04719 -0.509324 0.0937888 -1.18202 -0.00160926 -1.82822 -0.589139 1.47484 -0.370224 0.450141 -1.09764 -0.981656 0.335397 0.695798 -0.103834 1.03487 0.271979 0.331711 -0.308156 -0.483408 -0.515992 0.298329 1.00008 -0.496862 0.835009 -1.42732 -0.205492 0.0694321 -0.552566 1.11819 -0.440503 0.0592552 -0.912374 -1.84965 0.275687 -0.655812 0.402942 1.14408 1.54226 0.475583 -0.0691764 0.402534 -0.482622 1.14589 0.602222 -0.921094 0.907441 2.16528 0.80929 -0.867819 0.1241 0.580942 -1.40489 0.960458 0.824447 -1.162 -0.611661 -0.728172 -0.00432676 4.27582 1.05814 1.30177 0.0317963 0.453936 0.352111 -0.67788 -0.168228 0.900596 0.814931 0.263155 1.18173 1.21296 1.26321 1.62401 0.076787 1.3212 
-0.740543 0.552629 -1.67934 0.129754 -0.524338 0.538146 -0.30773 -0.462978 0.0443859 -0.0249481 -0.735468 -1.14896 0.0404105 1.12551 -0.184961 1.17945 0.184982 0.793593 0.418342 -0.474832 -0.808852 0.160913 -0.831182 -1.3234 -0.812112 -0.572437 0.0492719 -0.752664 0.77633 -0.381682 0.0859383 1.40785 -0.408861 -0.254071 0.24974 0.171751 -0.0246354 0.545491 -0.0986659 1.20686 -0.16974 -1.33188 0.543696 -0.0404075 -1.1602 0.325022 -0.31001 -0.527748 0.435454 0.241447 -0.11571 -0.301543 1.0263 -0.554501 1.07127 1.11198 -1.06724 -1.18714 -0.0309564 -1.83849 -0.509494 0.116314 0.952636 -0.0572864 -0.262997 -1.15363 -1.40883 -0.865869 0.5648 -2.00663 0.548891 0.4307 0.202367 0.807744 -0.636705 0.7128 0.0148988 1.59824 0.441067 0.546522 -0.861376 -0.703427 -0.160322 0.849921 2.97611 -0.212761 -1.43336 -0.546298 -0.666101 -1.47695 -0.993018 0.128242 -0.857775 -0.0965724 2.33992 0.0889417 -0.261678 0.335635 -1.36685 -0.817997 
-0.378574 -0.613724 0.834086 -1.29189 -0.525466 0.251834 1.14718 1.42086 -0.668627 0.596046 -1.08542 -0.15177 -0.169046 -1.04099 1.02139 2.1577 0.184845 -0.603862 -0.580105 -0.71244 -1.60022 -0.575262 -0.798961 1.23277 -0.874079 -0.76145 -0.44889 0.62741 -0.793896 0.941037 0.617303 1.84176 0.708475 -0.65778 -0.077236 0.513228 -0.92572 0.874177 0.123155 -1.01516 -0.123083 0.425814 -0.52408 -1.34675 -0.0990672 -0.0581004 -0.599835 -0.311406 0.969214 -0.528685 -1.35715 -0.573348 -0.609215 1.13183 -0.251792 1.45833 0.452018 0.46711 0.493781 -1.77876 -0.367973 -1.06985 0.681266 -0.733442 -0.614274 0.191205 1.41694 0.861362 -0.374669 0.550739 0.613196 0.796801 -0.492638 -1.79045 0.230757 -0.487193 -1.38515 0.477625 0.652821 -0.924221 -0.158668 1.04757 0.379243 1.23954 -0.0667622 3.34565 0.716509 0.538348 -0.293591 -0.176193 -0.592919 -0.294733 0.249447 1.51466 0.16379 0.478688 0.239072 0.255937 0.845076 0.484909 
0.000172606 -0.0175714 0.591179 -0.840521 -0.213407 -0.575673 -0.583117 0.177474 -2.73986 -0.687581 0.169978 -0.44145 -0.86596 0.250525 -0.264606 -1.02321 -1.23155 -0.0636514 -1.42811 -0.58177 0.756171 -0.678869 -0.307794 0.574029 1.0252 0.783858 -0.686586 0.0898311 -0.53511 0.674556 0.920495 0.557807 1.70311 -0.0343789 -0.938276 -0.158237 -0.726423 -1.28688 -0.00386661 -0.462207 -2.06865 1.30241 -0.384559 0.502978 1.26256 1.03464 0.0730754 1.13549 -0.0823844 -0.255175 1.04153 0.195094 -1.15516 0.760894 -0.181317 -0.0333037 0.426343 0.382123 1.29756 -0.393445 1.4137 -0.533842 -0.987482 -0.0824665 0.952046 0.505063 -0.586691 0.568574 0.209896 1.08644 1.08656 0.281995 1.03278 -1.62777 0.499246 -0.329226 -1.20569 -1.54453 0.252327 -1.21659 -1.63478 1.3232 -0.221889 -0.0770851 -1.33402 0.669851 3.91452 1.86916 1.01672 -0.870051 0.427338 0.223568 0.701653 -0.614775 -0.834751 1.34178 -1.65371 0.279224 -0.754802 0.158285 
-0.3059 -1.3065 0.178133 -0.987365 0.506427 0.95887 -0.412239 -0.286402 -1.10904 -1.10339 -0.928967 0.901221 0.175501 -1.12869 -0.257121 -0.517593 -1.01546 0.177381 -0.838144 -1.0731 0.57291 -0.857902 -0.835877 0.092023 0.631403 -0.84882 -1.11148 1.03957 0.533039 0.111911 0.656222 -0.385801 0.941035 -0.387412 -0.630746 -0.935411 0.716514 -0.917591 -0.147986 0.157351 -1.66244 -0.503895 -2.01129 0.736552 0.849764 0.191365 -0.681588 0.130804 1.28129 0.47864 1.00947 0.236758 -0.565754 0.247771 1.06904 0.606212 0.41514 -0.638991 0.88714 -0.767486 -0.835303 -0.59258 -0.0979394 -0.532656 0.00484685 0.72008 0.0809099 0.327605 -0.508999 -0.981071 -0.569361 0.167716 0.501466 -1.16415 0.0394519 0.512284 -0.683865 -0.776745 0.295915 -0.570972 -0.92906 -0.176041 -1.30385 0.253689 -0.538322 0.400325 1.77779 2.74827 0.951261 -0.13059 0.407052 -0.233329 0.787399 -1.58394 -0.498392 1.94127 -0.688791 -0.220846 -0.129772 0.82583 
-0.0697132 -0.99494 0.303856 1.31841 0.353628 -1.56639 -1.1642 -0.252413 -0.201517 -1.02607 0.856828 0.714003 -0.0733934 -0.448012 -0.83472 0.104777 0.283006 0.35524 0.609911 0.687489 0.104913 -1.59302 0.778413 0.883695 0.548985 -1.64212 0.581645 -0.28068 -0.317241 -0.0287906 -0.536035 0.0825329 -0.195242 -0.876444 -0.166676 -0.69477 1.37271 -1.84677 1.59701 -0.512187 -1.18348 -0.278232 -1.17758 -1.45635 -0.181506 0.312006 -0.264659 -0.527374 -0.384412 0.154503 1.89937 -0.227283 -0.731701 0.497644 -0.643861 0.299112 1.01294 1.06858 0.277379 0.221971 0.597245 -0.481995 -0.449336 -0.43311 -0.218742 -0.954001 -0.840541 0.163981 0.548954 -1.6694 -0.89841 -0.0825248 0.0862164 0.756042 0.817999 0.0861284 -0.86378 -0.587312 0.556944 -0.891452 -0.964459 0.528265 -1.37105 0.199795 -0.610196 -0.383684 0.97328 0.999191 3.17549 -0.730592 2.62066 0.599164 0.326908 -0.785632 0.208044 0.221746 -1.20072 -0.105064 0.787711 0.484154 
0.249152 -0.635246 1.47297 -0.449165 0.290892 -0.00557269 -0.0326441 -0.226773 0.64951 0.355646 -0.391016 -0.325917 -0.538067 -1.92678 -0.965073 -1.2109 0.224368 -0.891157 -0.653505 0.419666 -0.088989 0.287005 -0.723102 -0.068092 0.370062 -0.290391 -0.928051 1.09819 -0.437716 0.126942 0.0404532 -1.63953 -1.35675 0.0545842 -0.129117 -1.31695 -0.313704 0.175991 -0.696794 -1.11158 1.43899 1.4618 -1.55073 1.42021 -0.56218 0.285919 -0.424714 0.0014954 -0.883606 0.449374 -1.90712 -0.265092 0.489991 -0.966403 0.584404 -0.961415 1.52382 0.712585 -1.02508 0.612274 -0.769201 -0.533428 0.719783 -0.815227 -0.269061 0.337226 0.817288 1.06962 -0.640895 0.464652 -1.19424 0.212432 -1.02619 -0.181821 0.849951 0.181175 1.69679 -0.958427 -1.37544 1.26875 0.546315 -1.24814 -0.0882433 -0.871049 -1.4619 -0.307138 -0.954338 -0.123512 -0.771444 3.45043 0.240121 0.420805 1.39748 0.646678 -0.611503 -0.213851 2.23953 -0.421229 0.184613 0.22876 
0.23344 -0.552937 0.960683 1.88961 0.317947 -1.44169 -0.678063 -0.907889 0.269148 -0.602298 0.255572 1.17196 0.0628996 -0.162297 -0.444174 -0.139747 -0.173844 -0.226269 0.723992 0.971686 0.255924 -0.892777 -0.0118063 0.482504 0.51123 -2.09402 0.680747 -0.129101 -0.238136 -0.671361 -0.291287 -0.411914 -1.20267 -0.648701 -0.552685 -1.16717 1.58872 -2.33669 0.992154 -1.38467 -0.426037 0.301813 -0.697259 -0.946261 0.211984 0.547679 -0.913096 -0.805498 -0.225373 0.265191 1.21713 -0.793051 -0.81783 0.324325 0.0929052 0.0667926 1.92153 2.00116 -0.276034 0.74863 0.54458 0.235013 -0.338965 -0.605824 0.349691 -1.3406 -0.990823 0.143886 1.18064 -0.786299 -1.14381 -0.340947 -0.264826 0.131244 0.774991 0.553045 0.0138568 -0.647301 0.202871 -0.234164 -0.0198921 0.339735 -0.474554 -0.27904 -0.895607 -0.641507 0.425408 0.496486 2.66217 0.322478 3.20457 0.538179 0.104151 0.228618 -0.12058 -0.355667 -0.398882 0.549536 0.226012 0.116589 
0.142269 -0.662908 0.138552 0.733985 0.13647 -1.21007 -0.206312 -0.483902 -0.427891 0.125221 -0.510968 -1.21175 -2.07398 -0.32593 -1.74288 0.00965156 -0.294418 0.91566 -0.425509 -0.106196 0.235362 -1.17528 0.296019 -1.00893 0.0559381 0.601381 -0.510418 -1.60071 -0.112393 -0.479526 -0.630188 0.984255 -1.13004 -0.566405 -0.671287 -0.374336 0.960881 -0.203839 -0.255508 0.332607 0.981808 0.138844 0.0853087 0.0869167 0.341306 0.402398 0.58727 0.521438 -1.44387 -0.0301314 0.380792 -0.917584 -0.515929 -0.432091 0.551769 -0.77547 1.12127 0.406649 -0.830239 -0.334284 0.688856 -0.409136 1.33284 0.108971 -0.861501 -0.0860204 -0.0532252 0.707301 -0.00602811 0.131932 0.0411036 1.15723 0.143061 0.763103 1.56627 -0.65009 -0.447441 -0.2812 -0.537641 -0.709127 -0.624602 0.103258 -0.621241 0.737236 0.173104 -0.39587 0.16909 -0.196443 0.588121 0.450614 0.48563 2.27788 0.837299 -0.542474 1.73967 -0.115619 0.896165 -0.864997 -1.04882 -0.225753 
0.412156 -0.151683 0.165195 0.450765 -0.0971331 -0.535995 -0.779577 -0.424502 -0.249899 0.107915 -0.74716 -0.821156 -0.434056 -2.05042 -1.32763 -0.0551409 0.969591 -1.55951 -1.04442 -1.07528 1.19778 0.722315 -0.291102 1.37369 1.01578 0.427112 -0.281015 0.0771139 -0.581606 -0.0749911 -1.0308 0.0092539 -0.798073 -1.27906 1.28345 -0.482156 -0.426608 0.201064 -0.400957 -0.981519 -0.354031 0.232996 -1.68818 0.960267 -0.652756 1.17567 0.0122428 1.77138 -1.27968 -0.382671 0.096233 -0.233896 0.00471319 1.07814 0.990725 -0.351733 0.516039 -0.243647 -0.905006 -0.82053 0.270417 -0.210788 0.770818 0.765217 -0.543109 2.54998 -0.982716 1.37259 -1.84993 -1.27351 0.73177 1.78833 0.272609 0.0643772 0.116125 1.26185 0.3755 -1.50266 0.559964 -0.0054362 -1.40864 -0.625772 -0.815924 0.727076 -0.737408 0.223816 0.722679 0.899791 0.39137 1.50279 0.127108 0.912804 3.99131 -0.667344 -0.62136 -0.14532 1.56902 -0.593464 1.357 -0.134096 
-0.345476 0.825857 0.446792 0.065048 -1.13369 -0.764411 1.64985 0.0360543 0.563871 0.603726 0.315555 -0.649632 -0.24758 1.02456 0.802063 1.07194 -0.0942326 -0.518808 -0.0140324 0.31435 -2.31843 0.751853 -0.629345 0.534309 -0.369293 -1.49666 0.387379 0.968699 -1.71292 0.399036 -0.418155 0.203137 -1.16673 -0.463503 0.342751 -0.299917 -1.76128 0.309966 -0.714525 -2.24273 0.54416 1.96417 0.603859 -0.788183 -1.00111 0.504808 -0.875294 -0.980826 -0.275457 -0.0738443 -1.90053 -1.29604 -0.309508 -0.404585 -0.909502 0.563906 0.434523 1.56976 0.383281 -0.837678 0.165266 0.849474 0.432549 -0.180991 0.836011 -1.80461 0.312987 0.542174 1.10438 0.887443 1.01876 0.447162 -0.331855 -0.951035 -0.095295 0.0975217 -0.0336228 -0.277574 -1.01595 0.276439 0.432436 -0.329608 1.11217 0.141901 -0.0096045 1.45563 -0.627149 -1.50495 -0.75457 0.718592 0.218176 -0.500369 -0.700743 3.65708 -0.104812 -0.751959 0.260599 1.74185 -0.103037 0.422653 
-0.496368 -0.15358 -0.876451 0.680671 -0.130827 -0.591815 -0.478995 0.409739 -0.628869 0.401092 -0.327164 -1.86527 -1.16254 0.682819 -1.07459 0.563453 0.293054 1.78536 0.0666907 0.0198578 -0.771575 -1.32212 -0.791692 -2.06315 -0.433668 -0.253462 -0.408984 -0.912017 0.755771 0.582573 0.268914 2.18765 -0.361076 0.289722 -0.607865 -0.499328 0.940204 0.444562 0.129012 1.49701 0.878976 -0.337415 0.355775 -0.5751 -1.07245 0.671678 0.24487 -0.239735 0.112827 0.622909 -0.263057 -1.12267 0.707575 -1.01968 1.02228 0.680499 0.683973 -0.349229 -0.605805 -1.68838 0.22203 -0.854618 1.66983 -0.638699 -0.90366 -1.69124 -0.619653 0.251768 0.952554 -1.11181 -0.293304 1.08402 -0.71509 1.47637 1.42521 -0.646822 -0.243457 1.42672 -0.000962705 0.227311 -1.06747 -0.496056 -0.649801 1.0654 2.43181 0.109679 -0.842205 -0.41448 0.244026 -0.534669 -0.126104 1.78669 -0.64984 -0.0998924 3.85708 0.427397 0.124749 -0.220889 -1.62122 -0.118466 
-1.4779 -1.34218 -0.964229 -1.91842 0.766102 0.768126 0.402648 -0.135142 -0.495937 -1.16316 -1.00258 0.00193132 0.055661 -0.147716 -0.0216947 -0.86425 -0.016367 0.0375952 -0.999328 0.0664464 -0.213753 -2.2441 0.412292 -1.21216 0.973811 -0.626266 -1.22107 0.986402 0.513409 0.294313 0.688711 -0.450323 1.21248 0.725617 -2.02372 -0.921549 -0.170022 -0.157468 -1.36175 1.15719 -0.799932 0.532172 -0.767846 0.590424 0.130737 0.0887925 -0.834121 -0.863468 1.28319 0.437138 0.279295 0.181973 -0.988889 -0.67659 -0.0558175 0.480027 -0.397739 -1.51195 2.1052 -0.555639 -0.58419 -0.933018 -0.559565 -0.504774 -0.00872169 -0.172591 0.197899 0.386204 0.473148 -0.606148 0.525265 1.24094 0.432271 -0.00957605 0.246038 0.180591 -0.849389 -1.19783 -0.686015 0.414446 -0.922305 -0.923952 -1.38727 1.00216 0.0863637 0.330112 1.23986 1.93072 0.163263 -0.231483 -0.455656 -0.163059 -0.268266 -0.841505 0.332932 3.21941 0.1938 0.613314 0.094799 0.703479 
-0.3818 -0.877638 0.640785 -0.852834 0.921086 0.431449 0.762424 -0.860488 1.77167 0.587905 -2.50997 -0.355486 -0.578896 -1.79473 -0.612928 0.730863 1.43736 -1.98974 -0.12841 1.09779 0.263196 -0.852355 0.822842 -0.331872 -0.0350422 0.145117 -0.373909 -0.885025 0.321488 -1.57112 0.116927 -0.179045 -1.72282 -0.154017 -1.28497 -0.0506088 -0.00412054 0.746 -1.17798 0.019209 2.27311 0.577801 0.072812 1.19999 -0.0510142 0.176574 -0.68408 -0.664214 -0.992226 -0.41184 -1.59876 0.0350279 -0.41287 0.0072093 0.786437 -0.645127 0.596951 -0.180662 -0.449805 0.482722 -0.705741 -0.787797 0.82081 -0.391219 -1.0013 1.12909 0.281349 0.509547 -0.421729 0.00809486 0.527371 1.6327 -0.196836 0.366006 0.294672 1.10918 0.96976 -0.54277 -0.624025 1.40485 0.637182 -0.55808 0.243947 1.18642 -0.130248 0.224504 -1.62162 -0.565336 -1.1252 2.35591 -0.364863 0.982732 1.58008 0.305061 0.164292 0.327808 4.18969 -0.206854 0.776631 -1.48128 
-0.505881 0.275753 -0.171356 -0.383241 -1.54496 -0.622331 1.06608 -1.06193 0.796794 -0.621828 -0.0141287 0.0955189 1.30698 1.50203 -0.167159 -0.496551 0.0395796 -1.15964 -0.554479 -0.109397 -0.282862 -0.244412 -0.919943 0.406773 -0.462701 -1.63191 0.325515 0.295747 -0.0572389 -0.859657 0.130556 -0.436321 -0.135533 1.3672 -1.19469 -0.91107 -1.23442 -0.910374 -0.934852 -0.298884 -0.103647 1.75562 0.0781958 -0.621241 -0.906899 0.702639 -0.747526 -0.142013 1.21446 -0.710342 -0.441403 -0.905476 -0.141875 0.306194 -0.798098 0.734086 -0.406847 -0.566906 0.544204 0.248257 0.926814 2.00859 -0.236038 0.173928 1.05549 -1.02354 -1.94884 0.1846 2.35474 -0.071669 0.661989 0.484866 -0.102057 -1.29723 -0.648492 1.49778 -0.161133 -0.0785299 -0.202339 0.312131 -0.122242 -1.04509 0.264015 1.50416 0.424005 0.198308 0.268253 -0.140452 -0.0725996 -0.347912 0.540495 -0.821489 -0.625461 1.74325 -0.224406 0.704262 -0.249914 3.18784 -0.356325 0.873176 
-0.946123 -0.258982 -1.08585 0.48795 0.525599 -0.710133 -0.342646 1.36081 1.18359 0.104338 0.0244679 1.10099 1.61644 -1.78188 1.37038 0.320511 2.4607 -2.37157 0.159419 0.160967 -0.101218 -0.678313 1.61717 1.05819 0.748956 -0.700418 0.586732 0.933756 -0.577664 1.15685 -1.49846 -0.935991 0.468029 -0.186913 0.692159 0.691157 -0.468821 0.523336 -0.445038 -0.664286 0.195579 -0.627373 -0.478326 -2.49076 -1.30389 -1.1611 -1.03274 0.0197475 0.300974 -0.652441 0.341354 -0.422428 -0.836869 1.32104 -1.74489 0.64064 -0.259686 -0.28987 0.161299 0.613103 -0.0783594 -0.992828 -1.46804 0.70997 -1.50983 1.70341 0.661154 0.586624 -1.28352 -0.787624 0.0608572 0.85831 -1.41692 1.60652 -0.346308 -0.0337807 -0.465989 -1.34047 0.750751 0.458961 0.536675 -0.249978 -1.18037 -0.0373289 -1.27274 0.793184 -0.760036 -0.0436408 0.825912 0.263666 0.222708 -0.999573 1.33074 -0.0958981 -1.619 0.191484 0.739308 -0.350588 4.65679 0.423004 
0.421188 -1.57275 -0.25654 -0.00528427 -1.05983 -0.498091 1.62864 0.375702 0.685597 -0.843513 2.04625 0.744511 0.560416 0.14019 -0.751732 -1.21761 -0.62442 1.97909 -0.887697 -1.65364 -0.570576 -0.434889 -0.650687 0.612878 -0.222458 -0.980155 -0.572014 1.90174 -0.710076 0.897394 -1.61935 -1.16251 0.393518 0.798532 0.72649 -1.88514 0.42609 0.591626 -0.462016 0.0817739 -0.229191 0.469038 -1.82239 -1.05791 -0.641602 -0.839807 1.21304 0.376743 1.61908 0.132619 0.221839 -0.859016 -0.00538351 -0.588969 -1.21947 -0.206777 -0.184387 -1.11432 -0.155939 -0.0760399 -0.327787 1.82528 1.11137 0.793467 0.12933 -0.17242 1.58587 1.56644 -0.106233 0.0968811 -1.42052 0.261714 -0.471507 -0.583736 0.607462 -1.21591 -1.08521 0.0329662 -0.70489 -1.57979 0.357166 -1.97925 -1.16249 1.18091 -0.750064 0.406844 0.126878 0.885788 0.496182 0.28164 0.0871117 -0.202682 -0.18653 0.403619 -0.142419 0.77399 -1.54477 0.852739 0.396832 4.29543 
