1.81657 -0.77127 0.608922 -0.0193604 0.49555 0.249008 0.346625 -0.929991 0.290222 0.0244762 0.540233 0.312541 -0.0717248 0.362986 0.427915 0.0934005 0.674999 0.542925 -0.223571 0.434304 -0.566375 -0.106359 -0.416503 -0.148765 0.254412 -0.0281373 0.262632 0.913724 -0.6316 0.30661 0.0652985 -0.883076 -0.833481 -0.225752 -0.586868 0.587302 -0.52482 0.164218 -0.0240418 -0.684259 -0.304201 0.239112 0.101897 -0.224794 0.262896 0.471414 0.27709 -0.256387 0.0858838 -0.0515744 0.322604 0.713386 -0.23786 0.359604 0.435086 0.0125756 0.313707 -0.0749604 -0.348638 -0.300404 -0.550881 -0.520207 0.235703 -0.736642 0.542976 -0.123388 0.971514 -0.126921 0.712546 0.445617 0.337935 -0.0543789 -0.451927 -0.482073 -0.225012 -0.23355 -0.182411 0.222924 0.823017 -0.179099 0.0299144 0.544266 0.279874 0.126869 0.190457 0.0374552 0.176936 -0.0860963 -0.13886 -0.146923 -0.49817 0.158507 -0.0363169 -0.0495587 -0.558642 0.00384674 0.398229 0.287737 -1.03161 0.29582 
-0.754376 1.76438 -0.0696419 -1.03401 0.0139101 0.462128 -0.315715 0.633851 -0.40555 -0.018894 -0.225763 -0.376321 -0.156815 0.0192529 -0.147749 0.259717 -0.00908388 -0.19641 -0.0612126 -0.0755292 0.128435 -0.543608 0.21412 0.819788 0.31782 -0.420922 -0.137917 -0.440603 -0.217599 0.422829 -0.088623 0.14964 0.260935 0.680648 0.912518 -0.388418 0.410394 0.315282 -0.115224 0.465137 0.342765 -0.2039 0.211691 0.266509 -0.247918 -0.260395 -0.272252 -0.227649 0.119588 -0.13404 -0.29764 -0.264419 0.472185 0.436104 -0.135632 0.505339 0.348311 0.241117 0.0142665 0.204146 0.642606 0.558362 -0.280461 0.188894 0.492905 0.607284 -0.0077599 0.158488 -0.683862 -0.0740188 0.288358 -0.684775 0.246493 0.765869 0.317585 0.39756 0.033762 -0.523326 -0.210885 -0.366432 0.087824 0.506937 -0.307757 -0.680166 -0.05293 0.732925 0.747967 -0.271521 -0.493187 0.0916839 0.808091 0.259648 -0.316675 -0.495789 0.866096 0.452689 -0.441936 -0.785108 0.405799 -0.156012 
0.561649 -0.133808 2.10986 0.396452 0.0446884 0.427418 0.578584 -0.203512 -0.311382 0.658759 0.323814 -0.269227 -0.49946 1.17767 0.500799 0.934244 0.0632537 -0.109807 0.0769912 -0.189961 -0.464172 -0.206831 -0.437294 -0.015347 -0.63381 -0.382422 -1.1473 -0.226815 -0.310394 -0.404107 -0.0460791 -0.76577 -0.552722 -0.0764023 -0.289005 0.370407 -0.67204 -0.712483 -0.118749 -0.711256 0.0747836 0.750457 0.362011 0.31269 0.648272 0.82026 0.329937 -0.0122235 -0.00842685 -0.0515867 -0.623477 0.863113 0.239117 0.100824 -0.630335 -0.31544 0.133246 0.592587 -0.313745 -0.973373 -0.0947141 0.0590606 0.365421 0.316634 -0.477299 0.345476 -0.460291 0.420574 0.50459 -0.295446 0.24408 0.0936189 -0.266771 0.155731 0.00581615 -0.189542 -0.8767 -0.660527 0.40872 -0.0684663 -0.161807 -0.386413 0.337262 0.350149 0.478942 0.180999 -0.0421822 -0.548793 -0.453759 -0.251695 0.805218 0.160749 -0.139496 -0.837089 0.0641108 0.581014 -0.026478 -0.00662811 -0.296928 -0.392652 
-0.0724333 -1.10398 0.390652 2.10979 0.0493674 0.0471306 -0.0881804 0.053784 0.222551 -0.458193 0.0925736 0.010008 -0.0256032 -0.464013 0.278028 0.339396 -0.0686766 -0.144078 0.238804 -0.0801811 0.377248 0.437059 -0.435743 -0.697584 -1.1103 0.75094 -0.430137 -0.375735 0.306868 -0.775131 0.0135466 0.19461 0.754712 -0.695751 -0.497364 0.401864 0.101428 -1.20693 0.818646 -0.388799 0.0876463 -0.530091 -0.709025 0.116058 0.0370768 0.056492 0.969506 0.0701757 -0.0199995 0.496965 -0.0783521 0.235738 -0.182127 -0.440556 -0.0244506 -0.371318 -0.220458 0.12364 0.0278782 -0.312367 0.113495 0.0751047 0.115215 0.313893 -0.533233 -0.393849 -0.413595 0.405122 0.798058 -0.120799 0.102507 0.638524 -0.344826 -0.805175 0.356194 -0.430273 -0.220241 0.381917 -0.211193 0.740791 -0.0720945 -0.536335 -0.0552456 0.940292 0.0496992 -0.810568 -0.643594 -0.188475 0.717176 0.424443 0.0775616 -0.686962 -0.261968 0.217164 -0.16191 0.76744 -0.358771 0.474648 -0.22173 0.55651 
0.489955 -0.00857784 0.0863663 0.096846 2.05734 0.0309311 -0.0865263 -0.249932 0.653178 -0.254267 0.622747 -0.0146177 -0.157618 0.325245 -0.952451 -0.566152 0.349855 -0.0800574 -0.488333 -0.500916 0.706946 -0.449609 -0.448037 0.472832 -0.458633 -0.38046 0.215994 0.160193 -0.209103 0.612393 -0.557012 -0.389374 0.472178 -0.408763 -0.513993 0.459255 0.470721 -0.0632906 0.727058 -0.23067 0.0859154 0.079032 0.649082 -0.185328 0.147729 0.479528 0.264743 -0.691333 0.0747228 -0.611744 0.460442 0.838037 -0.564398 -0.119927 0.452366 0.946858 0.484543 0.0268046 -0.709321 0.959093 0.692592 -1.07166 0.0864164 0.312163 0.0643466 -0.244116 -0.180485 -0.0256524 0.353696 -0.268613 0.0957333 -0.222176 -0.415269 -0.345195 0.590672 -0.316362 -0.32731 -0.763836 -0.502496 -0.605751 -0.268287 0.413787 0.765012 -0.0375921 0.371939 -0.287668 0.597087 -0.332502 0.569363 0.583121 -0.131002 0.0675358 -0.482296 0.224985 0.416802 -0.462453 0.357266 -0.0256263 -0.175216 0.0659662 
0.203364 0.399591 0.429046 0.0545594 -0.00911873 1.81957 0.31224 0.101296 0.266761 -0.111706 0.0981153 -0.287001 0.0778856 0.325542 0.755363 0.129178 -0.0897131 0.674086 -0.586009 0.215896 -0.358801 0.209785 -1.07306 0.00860025 0.274906 0.116136 -0.646277 -0.375642 0.0895944 -0.493887 -0.792272 -0.294813 0.52432 0.260388 -0.480271 -0.165959 0.495877 0.261988 -0.144089 0.174774 -0.0359942 -0.196212 -0.293903 0.0837492 -0.142559 0.516842 -0.488483 -0.829813 -0.00517873 0.364508 0.0663487 0.257295 0.332866 0.166143 0.405187 0.623903 0.279509 -0.222177 0.537198 -0.594646 -0.395636 0.307008 0.418339 -0.449963 0.32372 0.529543 -0.338467 -0.478559 -0.174836 -0.208399 0.355197 -0.770628 -0.201807 -0.216289 0.106391 0.551986 -0.0746753 0.00278185 -0.243923 0.654604 0.0106064 1.07384 -0.0772526 0.0517101 0.165476 -0.257803 0.203853 -1.08192 -0.642792 0.219544 0.253178 -0.418627 -1.06826 -0.73241 -0.200035 0.774174 -0.949566 -0.0745619 -0.174695 -0.225256 
0.297396 -0.381838 0.576627 -0.0843368 -0.130161 0.308655 1.94209 -0.196416 0.923674 0.767355 -0.0627803 0.359659 -0.0293402 0.797168 0.298905 0.406768 0.331768 0.706714 0.0270109 -0.21618 -0.0942232 0.581194 0.259002 -0.288644 0.0750857 -0.00907642 -0.344109 -0.157833 0.263216 -0.579211 0.11989 -0.961559 -0.653737 -0.654707 0.447733 -0.366612 -0.222648 0.746175 -0.483389 -0.0618561 -0.0212307 0.215633 -0.146132 0.155069 0.127715 1.05034 -0.438693 0.390641 -0.0123312 -0.932277 -0.588946 -0.11745 -0.371509 0.30643 0.131095 -0.233186 -0.18849 -0.0511644 1.02612 -0.575425 -0.242703 -0.0868819 0.0828607 0.722009 0.0179258 -0.31282 -0.428262 -0.888893 0.075971 -0.351276 0.631788 0.314703 -0.281955 0.0715094 -0.263402 0.111449 -0.235313 -0.35583 -0.450703 0.302691 0.157327 -0.113551 0.812553 -0.683611 -0.00281746 -0.868302 0.357941 -0.140089 0.46904 -0.696474 -0.08629 -0.838473 0.218726 0.0384503 -0.635754 -0.0611506 0.0600953 -0.359276 -0.0975804 -0.565348 
-0.93311 0.613838 -0.159359 0.103738 -0.247457 0.143821 -0.150306 1.84269 -0.108414 -0.348405 0.213471 -0.457789 -0.2584 -0.289684 -0.15615 -0.0791228 -0.678523 0.0801114 0.167354 -0.754068 -0.0381035 0.0485529 -0.0960123 0.267647 -0.430162 0.396287 -0.336055 -0.674949 0.989097 0.333594 0.0639564 0.0784185 0.547557 0.585069 -0.0226876 -0.215305 0.732746 -0.00730969 -0.733822 0.922394 0.337943 -0.415496 -0.324652 -0.111698 -0.059296 0.470391 -0.258635 0.671251 0.079661 0.305022 -0.0629701 0.317184 -0.0239762 0.372156 -0.608894 -0.369441 0.105746 -0.216156 0.00211357 0.482337 0.665269 0.0983523 -0.335042 0.442863 -0.248025 -0.502818 -0.227154 -0.222204 0.464438 -0.768458 0.288786 -0.107102 0.273064 0.416272 0.250076 0.937099 -0.291036 0.408085 0.480548 -0.00740658 0.501054 -0.557495 -0.148568 -0.121506 -0.60155 0.174057 0.0234295 0.329118 -0.519916 -0.250162 0.695071 -0.0961682 -0.556664 0.0599061 0.237343 -0.0547503 -0.721341 0.313144 1.22207 0.402494 
0.292985 -0.419681 -0.261347 0.278387 0.661536 0.315168 0.975666 -0.102532 1.37261 0.156176 0.105071 0.693703 0.400056 0.4129 -0.28753 -0.291853 0.728622 0.944369 -0.306846 -0.358764 0.261431 0.0549939 0.00407744 -0.111277 -0.0330611 0.271032 0.251862 0.338005 0.447898 -0.212764 -0.474966 -0.135864 0.185411 -0.0350991 0.108365 -0.267733 0.27379 0.526801 0.11426 0.114862 -0.0850164 -0.303623 0.0756574 -0.373985 -0.134821 0.528702 -1.20942e-05 0.141944 0.0913962 -0.444797 0.297088 0.0497743 -0.255804 -0.182297 0.698442 0.0360672 -0.0782046 0.135018 0.516911 0.532528 -0.121964 -0.224964 0.123787 0.502069 -0.101561 -0.178949 -0.24036 -0.939134 0.128887 -0.124469 0.309804 0.181031 -0.412464 -0.120445 0.268321 -0.342849 -0.0262683 -0.374651 -0.579849 0.457762 0.322121 0.0758152 0.496399 0.199387 -0.45147 -1.00179 0.520282 -0.140893 0.584433 -0.198014 -0.58926 -0.611855 -0.43923 0.309215 -0.544189 -0.169904 -0.127729 0.113566 -0.0667962 -0.11837 
0.0277698 -0.032494 0.709325 -0.401826 -0.245379 -0.0627684 0.819878 -0.341992 0.156707 1.58515 -0.396916 -0.00686847 0.0340748 1.18325 0.499446 0.291937 -0.0899862 0.349981 -0.182167 -0.201836 0.201919 -0.0907035 -0.0659852 -0.233003 0.468521 -0.0623851 -0.322268 0.15577 -0.220545 -0.412461 0.0187118 0.116082 -0.013409 0.0118271 -0.118805 -0.192876 -0.554935 0.844483 -0.427371 -0.204493 -0.528404 0.76511 0.833722 0.76875 0.911745 -0.00209836 -0.116218 0.25496 0.0924548 -0.586919 -0.244546 -0.0107815 0.295733 -0.342286 -0.503673 -0.116982 0.19417 0.408612 0.149543 -0.266201 -0.314492 0.0537293 0.172114 0.342859 -0.249759 0.290733 -0.463003 -0.302591 0.142791 0.259848 -0.255531 0.691895 0.253558 0.692473 -0.279105 -0.0791645 0.537692 -0.495282 -0.570253 0.645705 -0.29073 -0.563171 0.364411 -0.146287 0.135319 0.422984 -0.333554 0.373241 -0.0444719 -0.142515 0.0514598 -0.0172321 0.602737 -0.186241 -0.111457 -0.492666 0.356462 -0.203222 0.242033 -1.00717 
0.520892 -0.261998 0.351745 0.126305 0.609 0.124418 -0.0328924 0.197249 0.0829668 -0.419551 1.47787 -0.307631 -0.0708217 -0.255306 -0.22396 0.405113 0.0883407 0.00312757 0.0760164 -0.0642893 -0.0972624 0.123755 -0.106343 0.219411 -0.302039 0.197551 -0.0662718 0.704079 0.37839 0.339236 0.0136914 -0.625265 -0.167583 0.314889 -0.710897 -0.0730175 0.136782 -0.0251063 -0.49734 0.2743 0.820578 0.387542 0.372285 -0.776269 -0.170316 0.503731 -0.357253 -0.0838646 0.0472968 0.208007 -0.0111509 0.837853 -0.796519 0.208721 0.323572 -0.215269 -0.075182 -0.319098 -0.547884 -0.179538 -0.101185 -0.0122655 0.372886 -0.246329 -0.730868 -0.539025 -0.315835 0.390834 0.292969 -0.706589 0.148355 0.428568 0.123262 -1.09203 0.291943 0.214257 -0.357545 0.290867 0.280246 -0.742734 0.384039 0.221764 0.117527 -0.0727075 0.747101 -0.177937 0.690957 0.0690561 -0.207433 0.423316 -0.717866 0.501705 -0.437315 -0.45167 0.626002 -0.0683254 0.167028 0.297542 -0.253757 -0.112899 
0.315941 -0.389815 -0.218555 0.0664812 -0.00562309 -0.237956 0.412289 -0.45127 0.69434 -0.00676182 -0.284889 1.46662 0.397894 0.495978 -0.598056 -0.432156 0.368533 0.252327 0.590935 0.112383 0.00198846 0.342257 0.705652 -0.069623 0.139827 0.0530666 0.0511231 0.266127 0.00975202 -0.177006 0.319156 0.568882 -0.557499 0.10358 0.811103 0.0124117 -0.487809 0.0106315 0.556827 -0.226591 -0.0139257 0.00937195 0.175907 -0.840365 -0.196471 0.299677 0.14998 0.159609 0.0926675 0.25936 0.260558 -0.304181 0.190389 -0.0375804 0.541097 0.197783 -0.209064 0.416787 0.801813 0.595655 -0.0187787 -0.282726 0.430849 0.407274 -0.219254 0.38162 0.323726 -0.423924 -0.57251 0.19714 -0.437099 -0.0367241 -0.425413 0.503763 -0.572247 -0.60242 -0.406577 -0.185416 0.544278 0.174605 0.577636 0.200704 -0.17368 0.771692 -0.432491 -0.456631 -0.064721 -0.289235 0.365146 -0.506067 -0.589354 -0.485911 0.0958555 0.352023 -0.517685 -0.211188 -0.142717 0.404013 -0.674571 0.11032 
-0.0626951 -0.164679 -0.443158 0.0364994 -0.142994 0.132559 0.0289186 -0.246251 0.406322 0.0398108 -0.0424508 0.403523 0.910616 0.0422091 0.127734 -0.168943 0.378005 0.173684 -0.0440512 0.320505 -0.179179 0.241744 0.267848 0.0777009 0.539436 -0.126465 0.720027 0.440797 0.654237 -0.0636526 -0.334015 0.621077 0.262741 0.37715 0.0048283 0.0442927 0.350943 0.0557826 0.283834 0.404772 -0.125473 0.394268 0.17748 -0.0592478 -0.172715 -0.160569 -0.313169 0.223687 0.103898 0.380227 0.255946 -0.433475 0.152493 -0.651562 0.47772 -0.102379 -0.699382 -0.077604 0.33986 -0.0507679 -0.667592 0.544005 0.183762 -0.205601 -0.0258448 0.286761 -0.380841 -0.0866812 -0.590782 0.122369 -0.343766 -0.183001 0.0208979 -0.275937 0.162844 -0.0780796 0.104938 -0.0105323 -0.415644 0.140619 -0.119474 0.035367 0.152051 0.565824 -0.1122 -0.64067 0.00642877 -0.299113 0.209857 -0.0176741 -0.257698 0.382719 0.146853 0.142981 -0.529836 0.162229 0.470603 0.198104 0.234617 0.186638 
0.335652 -0.0249741 1.19761 -0.438274 0.303506 0.343853 0.819064 -0.313898 0.382803 1.15262 -0.263298 0.465244 0.0058461 1.84589 0.0971941 -0.141631 -0.0246704 0.214783 -0.239754 -0.509761 -0.330033 -0.287473 -0.352492 0.0920771 0.13638 -0.505934 -0.566643 -0.0832138 0.00585299 -0.120581 -0.224206 -0.172604 -0.502138 0.137741 -0.196824 0.00133963 -0.415885 0.240618 -0.161553 -0.256854 -0.563393 0.969734 1.03428 0.206093 0.67732 0.764321 -0.171959 0.0262571 0.0313523 -0.189616 -0.0429421 0.310131 0.499281 -0.227143 -0.115446 0.221176 0.21077 0.723897 0.115287 0.05242 -0.151653 -0.512395 0.426911 0.586353 -0.264828 0.566283 -0.522358 -0.399357 -0.177427 -0.0669313 -0.577327 -0.10875 -0.272641 0.987883 -0.307243 -0.110707 -0.508011 -1.06139 0.0728429 0.270195 -0.0134592 -0.247554 0.647258 0.582923 -0.107475 0.106412 -0.220369 -0.648804 -0.252458 -0.382531 0.368924 -0.179564 0.0364243 -0.432681 -0.573373 -0.486769 -0.0388598 0.131703 -0.053268 -0.71163 
0.412458 -0.1801 0.532614 0.315643 -0.962314 0.78555 0.332677 -0.168488 -0.305751 0.480695 -0.220077 -0.616914 0.103247 0.10907 2.04087 0.732866 0.0245085 0.166998 -0.455941 0.635814 -0.634924 0.129232 -0.749049 -0.272393 0.290381 0.644551 0.21792 0.0140768 0.216899 -0.0398143 0.206116 -0.782501 -0.296136 -0.242212 -0.818849 -0.516207 0.450518 0.0434754 -0.550111 0.0187623 -0.382217 0.0278149 -0.404538 1.2844 0.226419 -0.131132 0.174157 0.226529 0.0550454 0.681924 -0.25302 -0.547982 0.490389 0.165833 0.342271 -0.596011 0.128257 0.218901 -0.11577 -1.28636 -0.857999 0.443881 -0.404966 -0.405586 0.708593 -0.0326187 0.14571 0.312848 0.184559 0.409492 0.0479726 0.218178 0.162229 -0.157678 -0.0504699 0.579235 0.548083 0.449288 -0.122239 0.794326 -0.276735 0.04255 0.247323 0.130731 0.151609 0.313851 -0.582984 -0.281121 -0.263079 0.465668 0.399271 -0.432092 0.307785 -0.644473 -0.794252 0.456991 -0.310037 -0.311437 -0.0668189 -0.164573 
0.0953829 0.244806 0.983499 0.394451 -0.558575 0.176805 0.457979 -0.0740213 -0.292634 0.290625 0.426437 -0.433574 -0.17599 -0.112316 0.750306 1.5534 0.385226 -0.0910177 0.259161 0.0827008 -0.211983 -0.167951 0.151469 -0.155267 -0.173452 0.166238 -0.399276 0.253588 -0.220519 -0.422521 0.511312 -0.524165 -0.231565 0.0467194 0.437675 -0.198814 -0.452098 -0.176229 -0.323072 -0.0219823 0.414056 0.113054 -0.00398644 0.306368 -0.0771186 -0.198839 0.242326 0.299669 0.0898387 -0.120059 -0.94639 0.0262811 -0.108503 0.23701 -0.140696 -0.726554 -0.161156 0.320996 -0.0334055 -1.15317 -0.0548962 1.16824 0.0219716 0.114311 -0.157408 -0.042786 -0.303582 0.698026 0.249638 -0.0209654 0.531818 0.788694 0.11409 -0.511281 0.454107 -0.0663207 -0.0240441 -0.0375897 -0.209417 0.0196578 0.237381 -0.238649 -0.139507 -0.356545 0.450798 0.0696562 0.60495 -0.00207236 0.0876804 0.153872 0.211304 0.0352326 0.122494 -0.747054 0.641634 1.20603 -0.0733084 -0.56315 -0.46284 -0.0975736 
0.64519 -0.0557871 0.0807163 -0.0454133 0.32564 -0.0738786 0.351187 -0.705214 0.69605 -0.123089 0.0778724 0.335323 0.339166 -0.0271466 0.0101563 0.353434 1.86929 0.812357 -0.43156 0.453423 -0.112515 -0.739905 0.536577 0.343693 -0.316282 -0.109223 0.695804 0.825974 -0.157467 0.11584 -0.8239 -0.542084 -0.565003 0.419447 0.500251 -0.400739 0.063462 -0.322552 0.256908 -0.652623 0.320151 -0.576952 -0.325684 -0.125313 -0.342248 -0.135182 0.707215 0.257798 0.026412 -0.370164 0.184636 -0.162627 0.192987 -0.10432 0.623802 -0.742912 -0.292605 0.659164 -0.392586 -0.0957724 -0.663989 0.431195 -0.452249 0.0503262 0.11554 0.325164 0.424623 -0.274287 -0.0275937 0.364521 0.993119 -0.214192 -0.363088 -0.247713 0.598246 -1.19656 -0.0757939 -0.691159 -0.447162 -0.201456 -0.144873 -0.0229516 0.161354 0.168267 -0.379564 -0.578597 1.00968 0.139502 0.150969 -0.331366 -0.284447 0.448626 -0.295315 -0.0798292 -0.383373 0.410702 0.439237 -0.419939 -0.176629 -0.164256 
0.507041 -0.249188 -0.0984181 -0.126889 -0.110347 0.683846 0.72006 0.0473468 0.905722 0.310804 -0.0134149 0.213043 0.128771 0.206233 0.146571 -0.128884 0.806283 1.70885 -0.549868 0.0816443 -0.038917 -0.0972803 -0.216138 -0.241094 0.155165 0.416394 -0.194687 0.447184 -0.0245253 -0.542364 -1.04558 -0.122785 0.213977 0.65299 -0.0956026 -0.308151 -0.124265 0.803487 -0.558609 -0.285276 -0.0687429 -0.694857 -0.462198 -0.357354 0.14933 0.325386 -0.0361542 0.0432322 0.0142937 -0.465128 0.472843 0.4366 0.124174 0.0376665 -0.0429862 -0.358533 0.163922 -0.107881 0.379172 0.0975078 -0.731217 0.171943 0.0708369 -0.308992 -0.142924 0.172788 0.336792 -1.36489 0.621186 0.104717 1.05238 -0.105261 -0.128594 0.0359836 -0.00131209 -0.354048 0.38297 0.117428 -0.152585 0.786443 0.128626 0.123205 -0.230147 -0.13269 -0.622246 -0.371589 0.44085 0.540489 -0.569889 -0.679641 -0.55394 -0.00662125 -0.818255 0.0980489 -0.481602 -0.0553448 -0.2894 0.216666 0.274673 -0.491802 
-0.203434 -0.0579688 0.144401 0.312014 -0.462601 -0.520228 0.0963775 0.19061 -0.289472 -0.165323 0.115495 0.607672 -0.0329435 -0.192283 -0.420346 0.277316 -0.381613 -0.493847 1.23549 0.383565 0.271205 0.937156 1.01896 0.048936 -0.178203 0.123763 -0.406056 -0.236207 0.0424047 -0.196961 0.893488 0.477781 -0.330044 -0.138048 0.835002 0.265158 -0.456943 -0.357679 0.373628 -0.123362 0.695125 0.217674 -0.1946 -0.45994 0.0201033 0.331897 0.0421918 0.311156 0.126059 0.353331 -0.36503 -0.07831 -0.153116 0.285778 -0.344385 0.0293006 -0.302135 -0.0931419 0.66388 -0.101768 0.352893 0.107517 0.314563 0.333233 -0.480188 0.0339192 0.119502 0.406133 -0.315438 -0.262071 -0.0702936 0.214462 0.0773651 0.130653 -0.668178 -0.0135369 -0.434178 0.466377 0.758261 -0.325153 0.303168 -0.0583216 -0.42279 0.0604977 0.364515 0.0240771 -0.284996 0.193064 0.154595 -0.304477 -0.036246 -0.0383159 0.501314 0.260413 0.402896 0.119783 0.136473 0.223636 -0.201564 0.184079 
0.403458 -0.123269 -0.173535 -0.057954 -0.526167 0.230695 -0.197797 -0.781795 -0.392373 -0.235975 -0.0757938 0.0781365 0.28063 -0.513273 0.620425 0.0498726 0.452387 0.0866823 0.332582 1.92536 0.282955 1.03219 0.675331 0.392647 0.0585336 0.275744 0.24506 0.0609247 -0.235612 -0.0738638 -0.359948 -0.0677342 -0.450051 -0.116432 -0.0552443 -0.305431 0.331928 -0.399809 0.526638 -0.926708 0.886971 -0.177723 -0.942794 0.336305 0.0782355 0.0537747 0.190782 -0.403585 0.0243447 0.671448 0.274485 -0.52646 0.337512 0.158885 0.284474 0.128038 -0.207818 -0.186067 0.213426 -0.838945 -1.02518 0.0162597 -0.13955 -0.648292 0.071677 0.628843 0.609814 0.237675 -0.755152 0.224971 0.55741 -0.677163 0.21472 -0.306917 -0.825583 -0.369516 0.325765 0.575737 0.0678273 -0.144656 -0.829249 0.843099 -0.366638 -0.0465132 0.884141 0.120707 -0.46362 0.1589 -0.416356 0.172216 -0.279297 0.489291 0.38117 -0.0112349 -0.219234 -0.110207 0.541875 -0.204863 -0.0406778 -0.650653 
-0.548407 0.12951 -0.398931 0.44829 0.730509 -0.295189 -0.0270253 -0.0170156 0.276637 0.216594 -0.0599524 0.0165569 -0.17024 -0.284731 -0.601498 -0.195996 -0.0647368 0.0149355 0.269036 0.331769 1.68938 0.543533 0.449246 0.182706 -0.526896 0.526127 -0.290967 -0.3481 -0.307013 -0.270538 -0.23543 0.52592 0.938306 -0.440987 0.166267 -0.261539 0.307419 0.149764 0.782934 -0.540839 0.730107 -0.504853 -0.112747 0.289136 0.420123 -0.0950394 0.513088 -0.432799 0.121732 -0.422074 0.181134 0.00668089 -0.226453 -0.128947 -0.166504 0.691729 0.421884 0.0380179 0.108248 0.580527 0.552001 -0.489943 -0.0595997 0.582298 -0.544471 0.0461624 -0.213566 -0.0297982 0.00560819 -0.13554 0.370148 0.433581 0.230084 0.05011 -0.153781 -0.511363 0.631236 -0.0485822 -0.947235 0.249567 -0.490939 0.133612 -0.137741 -0.382942 0.65698 0.114673 -0.162721 0.692515 0.533545 0.636805 -0.343773 -0.259985 0.103504 0.459963 0.917502 -0.567419 0.150428 -0.280993 0.321919 -0.832544 
-0.132624 -0.586766 -0.185823 0.463868 -0.470279 0.229165 0.60416 0.0254079 0.0259668 -0.120261 0.116832 0.312593 0.20645 -0.286404 0.118426 -0.196198 -0.73636 -0.0876607 0.890755 1.03678 0.4993 2.04701 0.59849 -0.0946658 0.0258224 0.392269 -0.395868 -0.617924 0.515214 -0.559725 0.250437 0.169944 0.0383242 -0.731586 -0.0688594 0.0997148 0.285056 0.0205891 0.329283 -0.170959 0.78301 0.270649 -0.810772 -0.0455294 0.210003 0.943531 -0.572004 -0.144601 0.0334854 0.406609 -0.0725647 -0.198742 -0.376487 0.156146 -0.107499 0.4805 -0.420788 -0.893161 1.22465 -0.603749 -0.376096 -0.340075 0.408328 -0.0201872 -0.402666 -0.105501 -0.248346 -0.181102 -0.478836 -0.579667 0.177993 -0.21319 0.175333 -0.402127 -1.11483 0.489592 -0.08168 0.962776 0.145925 0.0744014 -0.367147 0.507197 0.00989208 -0.252674 0.918167 -0.568275 -0.842782 0.0135134 0.104603 -0.10627 -0.280608 -0.310523 0.462661 0.468565 -0.232191 -0.360319 0.299542 0.3126 0.237632 -0.347789 
-0.446499 0.16723 -0.420018 -0.412666 -0.472439 -1.05741 0.278235 -0.122889 -0.0286816 -0.0992749 -0.116998 0.672256 0.228823 -0.355154 -0.763587 0.119491 0.536391 -0.21025 0.968826 0.676181 0.401281 0.594759 1.84061 0.454864 -0.169918 -0.189657 0.292091 0.0841144 0.143195 0.0289956 0.318624 0.293428 -0.790157 0.119206 1.35741 -0.371377 -0.233965 -0.231856 0.267653 -0.303145 0.989981 -0.0145079 -0.365894 -0.439812 -0.257589 0.0596083 0.0144876 0.625175 0.0260401 -0.188032 -0.259253 -0.659495 -0.0830775 0.128511 -0.136655 -0.433203 -0.686368 0.112489 0.494205 0.0388788 -0.0844509 0.258972 -0.22191 0.520203 -0.526157 0.184085 0.171309 0.070488 -0.866344 -0.18147 0.37989 -0.0376271 0.195631 0.262654 -0.50667 -0.638193 -0.227706 -0.0602785 0.105509 -0.753704 -0.0255793 -0.267841 -0.229902 -0.33218 0.143448 -0.249 0.271586 0.660141 0.241946 -0.654965 -0.275342 0.469794 0.726915 0.450578 0.212411 -0.319242 0.759275 -0.26474 0.285402 -0.35491 
-0.127798 0.823862 0.0528928 -0.623543 0.499394 0.0752119 -0.218447 0.291733 -0.0930729 -0.215329 0.25972 -0.0520558 0.0896388 0.140378 -0.235968 -0.136282 0.39447 -0.184242 0.0497661 0.444461 0.185705 -0.0474342 0.505828 1.04566 -0.198363 -0.271161 0.314715 -0.0831949 0.305022 0.808591 -0.357732 -0.251264 -0.286201 0.436856 0.183938 -0.342238 0.777597 -0.280982 0.168231 -0.0323899 0.763881 0.0885081 0.0754464 0.0994474 -0.0388169 0.413865 -0.010439 -0.00416908 0.127715 0.267258 0.1751 -0.05827 0.234898 0.254334 0.222566 0.221415 0.042745 0.268849 -0.375404 0.2469 0.0781975 -0.225723 -0.340375 0.239097 0.0483155 0.356349 0.0879316 0.22306 -0.635522 -0.336518 0.279629 -0.783582 0.10041 0.356107 0.0245042 0.0231002 -0.351038 -0.425079 0.0772373 -0.797659 -0.263298 0.348142 0.214492 -0.0548576 0.279307 0.257452 0.393892 -0.152964 -0.364314 0.112798 0.399438 0.580503 -0.100198 -0.195838 0.210528 -0.319736 0.265282 -0.291395 0.549267 -0.297157 
0.239044 0.285559 -0.601906 -1.0726 -0.468406 0.305182 0.108947 -0.442411 -0.0511922 0.44986 -0.298066 0.121059 0.515038 0.148345 0.29047 -0.190803 -0.30184 0.175681 -0.213709 0.0740114 -0.560232 0.0367185 -0.15529 -0.234699 1.6346 -0.508561 0.53237 0.49146 -0.241727 -0.0326883 0.249428 0.496636 0.0812862 0.232998 0.168696 0.349619 -0.381564 1.26464 -0.386544 0.69088 -0.876086 0.685741 0.570012 0.0284602 -0.054365 -0.500521 -1.03281 -0.199958 0.0552237 -0.243845 0.0269515 -0.344795 0.0289714 -0.163135 0.138535 0.47453 -0.171737 -0.63383 0.603803 -0.157507 -0.42742 0.528143 0.395155 -0.855802 0.800212 0.23931 0.122165 -0.339532 -0.44989 0.546564 -0.540038 -0.17647 0.196408 0.0314667 -0.205825 0.634735 0.589593 0.278649 -0.0863399 0.165651 0.0776884 0.551861 -0.058791 -0.493561 -0.0954827 0.177777 0.0843392 -0.176191 -0.121493 -0.204834 -0.301865 0.279855 0.414975 0.0634657 -0.240022 0.0887736 0.345179 -0.0763103 -0.276864 0.24887 
-0.0195969 -0.429276 -0.326609 0.812553 -0.366325 0.17032 0.0486931 0.407946 0.276809 -0.0571384 0.225433 0.0582066 -0.126955 -0.47006 0.668549 0.172796 -0.0708728 0.460818 0.112166 0.31513 0.516699 0.427073 -0.151121 -0.283588 -0.484652 1.53128 -0.13858 0.120811 0.318269 -0.100017 0.29025 -0.121766 0.164927 0.0144178 -0.518416 -0.968015 0.426901 0.140719 -0.33028 -0.0525386 0.500339 -0.871098 -0.486683 0.0626596 0.0164389 -0.0690434 0.551298 0.207786 0.102922 0.714594 0.241481 -0.222858 -0.00247038 0.329725 0.462677 -0.415708 0.46587 0.286406 -0.00831155 0.0790587 -0.0940773 -0.197281 -0.21324 0.203153 -0.424675 -0.411162 0.29868 -0.0465418 0.377148 -0.0362771 0.0979733 0.89725 0.221863 -0.151783 -0.257837 0.0286613 0.648915 0.781544 0.0668248 0.847624 0.443722 -0.00501507 -0.415626 0.325303 0.0214609 0.223894 -0.405148 0.580451 0.00755959 0.652781 -0.7262 -0.889908 -0.221307 -0.114043 0.029938 -0.350799 -0.869493 0.200939 -0.10361 -0.47284 
0.240776 -0.176666 -1.12189 -0.39892 0.199733 -0.622488 -0.316736 -0.354791 0.227244 -0.347417 -0.0687859 0.0258673 0.689142 -0.561165 0.211522 -0.423113 0.703758 -0.180659 -0.448049 0.25405 -0.330792 -0.391459 0.300232 0.271892 0.525883 -0.168976 1.81678 0.738838 0.503281 0.98392 0.0266321 -0.190792 -0.322088 -0.081308 -0.176077 -0.113575 0.755211 0.0917359 0.0756042 0.47766 -0.397451 0.0347159 0.027161 0.338797 -0.442743 -0.598059 -0.00854552 0.49505 0.042281 0.0791734 0.406446 -0.792773 -0.133879 -0.29937 0.865335 -0.393611 -0.477761 -0.0992168 -0.535095 0.28895 -0.450065 0.0125356 -0.704594 -0.329118 0.870158 -0.42297 0.412928 0.163992 -0.317684 0.475056 -0.266718 -0.167093 0.0278558 -0.389013 0.459078 0.00734919 0.382848 0.0503048 -0.357672 -0.483449 -0.244667 -0.105278 0.591705 0.0367093 -0.382696 -0.330051 0.203186 0.137012 0.594005 0.213027 -0.255158 0.417406 0.604077 0.482502 -0.770458 -0.347888 0.873668 -0.178157 0.222654 0.66054 
0.917781 -0.453439 -0.175485 -0.318605 0.169844 -0.325941 -0.104546 -0.667772 0.3393 0.156534 0.727478 0.266784 0.435824 -0.0518233 0.0335914 0.255663 0.859841 0.487125 -0.252287 0.0958277 -0.362011 -0.587603 0.118168 -0.100105 0.510885 0.116328 0.764751 1.56576 -0.125106 0.296228 -0.00846736 -0.04272 -0.408065 0.68143 -0.316846 -0.11338 -0.467483 0.49604 -0.428847 0.0783973 -0.080141 0.32779 0.715136 -0.605252 -0.128813 -0.51657 -0.0162478 0.208445 0.0939781 0.00449548 0.315636 0.222186 -0.282855 -0.247264 0.586734 -0.591322 -0.178723 0.142422 -0.584756 0.0630052 -0.690259 0.396689 0.228143 -0.608415 -0.236566 -0.122351 0.305675 0.0841744 0.188359 0.400659 -0.181032 0.701274 0.0819129 -0.663929 0.312051 -0.487906 0.37148 0.084998 0.0835149 -0.199631 0.386445 -0.0198853 -0.0926599 0.266328 0.00537662 0.0138157 0.662918 0.457118 -0.0209155 0.136205 -1.17732 0.689165 0.0431811 -0.197665 0.0290135 -0.122852 0.539574 0.220153 -0.616124 -0.0510931 
-0.684101 -0.286993 -0.315623 0.307441 -0.256009 0.0827381 0.259944 0.939716 0.392634 -0.276339 0.345231 -0.0461486 0.592707 -0.019314 0.179856 -0.275002 -0.180158 -0.0411418 -0.0302331 -0.257267 -0.377482 0.488978 0.120691 0.231554 -0.27886 0.257229 0.472636 -0.181663 1.79632 0.274228 -0.261063 -0.102172 0.0229432 0.306829 -0.553987 -0.566708 1.14646 -0.322802 -0.489671 0.957396 0.318039 0.287785 -0.150925 -0.0918005 -0.316503 0.632935 -0.580607 0.831317 -0.0188573 0.714326 0.100004 -0.353588 -0.107074 -0.346604 0.369189 -0.694128 -0.785063 -0.127287 0.127969 -0.00915932 -0.422878 0.091519 -0.200357 0.456214 -0.548348 -0.470128 -0.913663 -0.133856 -0.403689 -0.840609 -0.344101 -0.114541 0.156084 -0.248876 0.217421 0.611089 -0.430524 0.130515 -0.164311 -0.10353 0.162447 -0.585215 0.585919 0.606856 -0.275595 -0.882887 -0.178522 -0.281464 0.0205742 -0.0533545 0.0936339 -0.00259239 -0.109889 0.0163953 -0.785895 -0.378279 -0.0146106 0.436201 1.09089 0.0939919 
0.317232 0.416558 -0.346213 -0.711436 0.62861 -0.437621 -0.51936 0.347335 -0.204905 -0.405132 0.369199 -0.169784 -0.06206 -0.0826255 -0.0137347 -0.413881 0.156272 -0.495858 -0.206476 -0.0323958 -0.277884 -0.522839 0.0696138 0.798246 -0.00669803 -0.0979352 1.0164 0.302793 0.33735 1.56578 0.338521 -0.697684 -0.697974 0.12419 -0.369817 -0.228525 0.812369 -0.0918012 -0.250523 0.355363 0.0961341 0.111247 0.337468 0.174151 -0.147763 0.118258 0.082464 0.310813 0.107076 0.367417 0.35207 -0.102531 -0.0507619 0.461589 0.54352 -0.0343197 0.298667 0.205343 -0.997101 0.618177 0.301204 -0.742167 -0.678491 0.0258219 0.649148 -0.418597 0.652552 0.434047 -0.114945 -0.0313097 -0.279372 -0.377058 0.0580074 0.252695 0.147202 0.427543 -0.192975 -0.0836055 0.592613 -0.96134 0.0784865 0.0887159 0.512854 -0.0173446 -0.115846 0.575817 0.205859 0.0346011 -0.0890302 0.343906 0.208242 0.316404 0.225469 0.0117072 -0.178041 -0.765078 0.264458 -0.088118 0.234283 0.394149 
0.0696056 -0.10121 0.00550025 0.0709266 -0.547111 -0.742321 0.173427 0.0713827 -0.473422 0.0197254 0.0373399 0.320063 -0.338737 -0.192565 0.225881 0.513637 -0.789783 -1.00539 0.877658 -0.324795 -0.249092 0.281009 0.352927 -0.374392 0.269104 0.286016 0.0527947 -0.00821738 -0.204255 0.332206 2.01501 -0.225068 -0.808889 -0.727606 0.567621 0.0564689 -0.599101 0.192907 -0.231384 0.476938 -0.191999 0.339826 0.347286 -0.0106393 -0.201369 -0.201471 -0.010286 0.472844 0.0944768 0.208411 -0.719967 -0.474571 -0.397472 0.655942 0.164214 -0.077092 0.144006 0.0570066 0.286039 -0.122024 0.807841 -0.0771525 0.0167127 0.347743 0.403801 -0.69606 0.38929 0.799061 -0.02218 0.164341 -0.821352 0.98207 0.0587225 0.127119 -0.420152 0.613249 -0.0769175 0.528991 0.839997 -0.228349 0.834697 -0.155639 -0.0348878 -0.282235 0.127374 0.502241 -0.272696 0.00531618 0.686005 0.209872 -0.0910636 -0.864616 0.970888 0.0243184 0.266701 0.074023 -0.252198 -0.115458 -0.972744 0.650903 
-0.881618 0.134204 -0.71704 0.249141 -0.382322 -0.247711 -0.910872 0.0829957 -0.137169 0.114246 -0.604466 0.566939 0.613505 -0.143813 -0.765586 -0.524689 -0.510816 -0.0854436 0.459101 -0.0354303 0.509409 0.197667 0.324882 -0.270774 0.513462 -0.128848 -0.167478 -0.0453192 -0.0482136 -0.706848 -0.227917 2.2282 1.3134 0.718758 0.486458 0.617682 -0.463262 0.00618844 0.773281 0.233951 -0.315703 0.150249 0.358984 -0.44059 0.154501 -0.885275 -0.0759914 -0.154329 0.0887927 0.363768 0.391714 -0.126237 0.456833 -0.972409 -0.58086 0.46533 -0.383943 -0.130904 0.569932 0.681887 0.0797036 0.655945 0.65839 -0.242716 -0.598799 0.770095 -0.373008 -0.0475316 -0.424841 0.348678 -0.781592 0.0154509 0.243621 0.364798 -0.12843 -0.358947 0.398829 0.195526 -0.183307 0.62315 -0.0346029 -0.204575 -0.944573 0.778973 -0.309728 0.0527087 -0.577109 0.1952 -0.036848 -0.100232 -0.183277 0.490218 0.017595 0.48781 0.414378 0.201855 0.0709418 0.596073 0.328508 0.238712 
-0.803067 0.274456 -0.475036 0.8382 0.508187 0.600379 -0.574094 0.581091 0.213062 0.0137118 -0.117827 -0.530485 0.284125 -0.44439 -0.250264 -0.203133 -0.504779 0.280275 -0.319767 -0.388791 0.950752 0.0950028 -0.729746 -0.276754 0.127069 0.186801 -0.269818 -0.381707 0.105858 -0.678182 -0.782782 1.34236 2.34337 0.177033 -0.365838 0.702491 0.444855 0.243307 0.647212 0.440323 -0.285879 -0.312855 0.017688 0.329004 0.332762 -0.525845 0.0134406 -0.529633 0.146562 -0.200238 0.295998 0.493867 -0.0601091 -0.814921 -0.564585 0.73062 0.096848 -0.57641 0.201448 0.446554 0.408383 0.547226 0.337562 -0.245132 -0.139968 0.124575 -0.759751 -0.187411 0.579984 -0.00605301 0.151176 0.0946794 0.187665 -0.401075 0.724167 0.206265 0.692513 0.252309 -1.11208 0.874472 -0.428348 -0.00116275 -0.32609 0.032718 0.0170159 -0.227116 -0.163898 0.125025 0.203951 0.557902 0.24965 0.154951 -0.611535 0.386812 0.726307 0.617389 -0.132983 0.214465 0.752339 0.331608 
-0.233969 0.655537 -0.0373469 -0.650894 -0.411386 0.297815 -0.613694 0.579972 -0.0460789 0.000316718 0.326014 0.0919626 0.359904 0.156858 -0.234971 0.0365203 0.441039 0.680657 -0.166403 -0.0938028 -0.467173 -0.713539 0.140985 0.407672 0.240149 -0.00233927 -0.0676694 0.669156 0.351112 0.105351 -0.74013 0.709084 0.138401 1.85589 0.0819578 -0.427412 -0.074164 0.141059 -0.674976 0.394948 0.301515 -0.0151243 0.423312 -0.798095 -0.160917 -0.311494 -0.259985 0.271223 0.0694908 0.560184 0.404197 0.307986 0.578137 -0.223424 -0.156075 -0.572614 -0.157623 0.364683 -0.339925 0.338961 -0.497704 0.846206 0.223716 -0.380306 -0.722928 0.676427 -0.0415158 -0.23994 -0.253739 -0.0893266 -0.00985448 -0.24457 0.307065 0.349311 0.267039 -0.201283 -0.023751 -0.125532 0.414554 -0.00136132 0.498061 -0.134743 -0.786878 0.619115 -0.546558 0.390587 0.574374 0.257266 -1.19 -0.34864 -0.254899 1.02136 -0.805378 -0.562909 0.278534 0.106672 -0.332404 0.396832 0.514724 -0.295295 
-0.636072 0.84642 -0.290937 -0.493496 -0.557603 -0.483832 0.447758 -0.0687728 0.0563974 -0.171303 -0.74076 0.758498 -0.0534057 -0.218695 -0.852595 0.386489 0.480856 -0.108923 0.76566 -0.0736028 0.0990942 -0.0917996 1.3382 0.113767 0.13486 -0.57616 -0.203426 -0.370108 -0.550691 -0.429643 0.51411 0.435796 -0.445456 0.0409703 2.2908 -0.0332114 -0.742715 0.0247141 0.429189 -0.0556628 0.261934 -0.490284 -0.369508 -0.483125 -0.642315 -0.290595 0.0443287 0.267348 -0.0122815 -0.733355 -0.698153 -0.710051 0.161755 0.364365 -0.217053 0.019692 -0.365168 0.247999 1.03995 0.128237 0.647208 0.786158 -0.0876357 0.623192 0.263263 0.467539 0.264006 -0.202741 -0.748494 0.19147 0.511577 -0.259783 -0.219979 0.681383 -0.0649477 -0.541576 -0.3589 -0.493768 0.00953723 -0.294715 0.456889 0.043611 -0.513151 -0.657526 -0.534141 -0.254696 0.784383 -0.0242226 0.432631 -0.939425 0.316538 -0.247313 0.236342 0.274803 0.433691 0.826955 -0.121413 -0.68528 -0.346541 0.291038 
0.563776 -0.428838 0.394153 0.431411 0.441323 -0.143841 -0.340909 -0.235712 -0.294022 -0.219696 -0.0772023 -0.0145147 0.011737 0.00514685 -0.524276 -0.224323 -0.394456 -0.295794 0.221494 -0.298111 -0.303034 0.102453 -0.364907 -0.386731 0.341461 -1.00008 -0.115246 -0.140964 -0.537734 -0.262673 0.0286356 0.592698 0.64855 -0.442722 -0.00753319 2.11708 -0.753546 -0.363778 0.801685 -0.177909 -0.847758 0.615876 0.0376975 -0.105102 0.432581 0.13673 -0.0308187 -0.274154 0.0389479 -0.46948 0.0168842 0.990722 -0.304874 -0.396426 -0.968477 0.559682 -0.272822 -0.857733 0.124467 -0.0146817 0.30389 0.0232772 0.529011 -0.708211 0.547387 -0.0270015 0.19209 0.0883553 0.887488 0.271695 0.088654 -0.526564 -0.399384 -0.36654 0.14778 0.12735 -0.524876 0.254839 0.568624 -0.276285 -0.450644 -0.110535 0.089352 0.0183743 -0.0609626 -0.275212 -0.30623 -0.215977 0.176506 -0.608865 0.694682 0.71008 0.144016 0.738135 -0.0642006 0.758117 0.85639 0.568056 -0.120331 1.44558 
-0.540275 0.378045 -0.640223 0.139045 0.46086 0.526065 -0.188874 0.72041 0.255571 -0.573684 0.140668 -0.506664 0.326458 -0.404007 0.45052 -0.469536 0.077816 -0.103837 -0.492536 0.347318 0.273995 0.295864 -0.219425 0.741174 -0.381651 0.402905 0.761611 -0.486996 1.1835 0.786292 -0.618863 -0.480175 0.398985 -0.0814027 -0.708966 -0.745475 1.91967 -0.326126 0.0920572 0.519185 0.513516 -0.419659 -0.534992 0.667915 -0.285315 0.395585 -0.0739024 0.0552217 0.0550491 0.643469 0.40079 -0.517792 0.0866746 0.0253001 0.761393 0.123896 -0.0420637 -0.0661827 -0.310602 0.18018 -0.103548 -0.389812 -0.736205 0.272399 0.345203 -0.259631 -0.313994 0.0350906 -0.467576 -0.510603 0.173915 -0.712434 0.126549 -0.177727 0.362305 0.592318 0.0596681 0.0253655 -0.63715 -0.155592 -0.437869 0.296536 0.634129 0.10356 0.0888519 -0.35951 -0.0757621 -0.386429 0.0634553 0.708158 0.416699 -0.173794 -0.297783 -0.000575811 -0.447374 -0.3993 -0.154267 -0.218455 1.04149 -0.0588052 
0.157718 0.291888 -0.671711 -1.16035 -0.0641964 0.301132 0.788904 -0.0106907 0.517538 0.834689 -0.0122651 0.000731061 0.0402528 0.261451 0.0524326 -0.184712 -0.299242 0.832871 -0.384317 -0.375464 0.125295 0.0403531 -0.20836 -0.30845 1.27351 0.125678 0.107091 0.485483 -0.276801 -0.108924 0.1821 -0.00176979 0.206392 0.142776 0.0674182 -0.346752 -0.317171 2.07535 -1.00111 0.651014 -0.528699 0.171218 0.608049 -0.075902 0.159154 -0.135308 -1.01131 -0.147354 0.0729156 -0.924844 0.0342537 -0.0171389 -0.386871 0.252045 0.0814578 0.444005 0.433807 -0.584451 0.624776 0.293676 -0.0490416 0.0160732 0.26082 -0.301322 0.379664 -0.25892 0.0742578 -0.983329 0.103588 0.189284 -0.00942491 0.508526 0.324741 0.177991 -0.24899 0.647809 0.974381 0.249772 -0.442695 0.455032 0.387938 0.439652 0.0465566 -1.15996 -0.0894008 0.297829 0.43947 0.547835 -0.0664748 -0.121828 -0.816655 -0.318467 0.102987 0.105523 0.179915 -0.617131 -0.0796828 -0.234022 -0.089803 -0.560941 
-0.0300754 -0.138151 -0.0775103 0.865686 0.726619 -0.104478 -0.440193 -0.736737 0.105463 -0.436698 -0.484032 0.547393 0.268771 -0.140253 -0.540687 -0.331088 0.280684 -0.528759 0.347457 0.55145 0.758932 0.349514 0.291615 0.14123 -0.37721 -0.344854 0.091426 -0.438937 -0.443204 -0.267179 -0.241724 0.76579 0.610764 -0.672793 0.47236 0.819178 0.101479 -1.00064 1.84249 -0.751018 0.0757891 -0.173697 -0.290643 0.183123 0.0309792 -0.136196 0.783239 -0.619749 0.0738464 0.114899 0.207671 -0.165382 0.196935 -0.490042 0.168374 0.891225 -0.168026 0.151882 0.243354 0.261456 0.340873 -0.234772 0.149096 0.181009 0.220907 0.576911 0.02273 0.405342 -0.381678 0.332183 -0.0375071 -0.572379 -0.459942 -0.0874474 0.0380251 -0.802281 -0.269547 -0.354949 -0.398729 -0.012052 -0.669842 0.398478 -0.00408821 0.583421 0.305546 -0.486547 -0.359129 -0.597319 0.798085 0.290454 0.354245 -0.0579154 0.141396 0.542082 0.0632764 0.512258 0.401819 -0.0501074 -0.353616 0.482069 
-0.74264 0.389862 -0.722365 -0.394108 -0.283457 0.162037 -0.0710086 0.867132 0.0537169 -0.266169 0.235259 -0.288373 0.33736 -0.287903 -0.024162 -0.0823463 -0.681195 -0.307774 -0.201881 -0.954244 -0.617189 -0.203076 -0.331531 -0.111739 0.647866 -0.119461 0.441134 0.0159585 0.951514 0.286359 0.414249 0.174111 0.351527 0.344783 -0.0648401 -0.212765 0.476259 0.599132 -0.803366 1.62103 -0.414531 0.33446 0.473941 -0.291712 -0.648876 -0.24054 -1.06251 0.380519 -0.0305908 0.142449 -0.234365 -0.334367 -0.338795 -0.108757 0.318384 -0.125141 -0.384283 -0.466625 0.228289 0.207417 0.277032 0.569173 0.0640698 -0.00978106 0.184136 -0.568973 -0.710765 -0.0089374 -0.317364 -0.384051 -0.750516 0.188152 0.234834 -0.256027 0.546486 1.09735 0.00540171 0.192546 -0.187008 -0.103103 0.709256 -0.151915 0.189947 -0.187057 -0.443587 -0.303917 0.372301 -0.399651 0.148239 0.129349 -0.0136212 -0.180373 -0.130409 -0.14524 -0.00428122 0.169589 -0.391073 0.0762158 0.322474 0.635698 
-0.351146 0.278926 0.0751108 0.0937741 0.0445646 -0.0372952 -0.0189465 0.294117 -0.134724 -0.578642 0.792974 -0.064271 -0.181448 -0.583005 -0.413705 0.365129 0.303016 -0.0798042 0.628043 0.870872 0.665193 0.762329 0.973031 0.695968 -0.907663 0.444854 -0.42254 -0.131143 0.323594 0.0385668 -0.243251 -0.364106 -0.363239 0.262786 0.264193 -0.871177 0.482026 -0.569144 0.0348777 -0.403094 1.82555 -0.37401 -0.601328 -0.541121 -0.29343 0.5537 0.0470726 -0.097653 -0.00777422 0.393768 -0.115324 0.0123731 -0.255737 0.459782 0.159589 -0.167738 -0.155543 0.0492934 -0.0178298 -0.271042 -0.0844161 -0.011695 -0.0685729 0.357059 -1.05958 0.0920188 -0.179123 0.329608 -0.622816 -0.852816 0.737023 -0.106936 0.291777 -0.410981 -0.307112 -0.331301 -0.324854 0.159375 0.0211991 -0.723313 -0.0283201 0.375988 -0.361087 -0.255477 0.914003 -0.0999134 0.429125 0.320588 -0.342373 0.236577 -0.419436 0.310638 -0.286271 -0.331158 0.812733 -0.23217 -0.0312426 -0.202436 0.251098 -0.933277 
0.178738 -0.281168 0.737355 -0.537391 0.0242525 -0.210942 0.204488 -0.472751 -0.366759 0.701443 0.346509 -0.0544022 0.324864 0.936693 -0.0171016 0.0506979 -0.607516 -0.719347 0.137162 -0.207251 -0.583195 0.23654 -0.0448857 0.0071668 0.640735 -0.940012 -0.0038025 0.263359 0.279912 0.040251 0.275145 0.0884171 -0.403643 -0.0672813 -0.501453 0.579028 -0.464577 0.117344 -0.228037 0.332468 -0.387439 1.82858 1.1825 0.0319092 0.416842 0.32337 -0.93824 0.040366 -0.0345653 -0.0131382 -0.308018 0.236451 -0.200347 -0.547608 -0.261295 0.147653 -0.56255 -0.250156 -0.0403247 -0.52839 -0.400161 0.0168949 0.669472 -0.168116 -0.376758 0.10746 -0.915359 0.462026 -0.474838 -0.262939 -1.05777 0.0766061 0.168147 -0.157404 -0.232094 0.416079 -0.438371 -0.346278 0.0529097 -0.585743 -0.269468 -0.263109 0.647123 0.186424 0.689483 -0.0506529 -0.292106 -0.519961 -0.0509816 -0.0846726 0.0769615 0.746027 0.72423 -0.285797 -0.146791 -0.331041 0.958446 0.256767 -0.0236649 -0.180185 
0.106407 0.199308 0.413793 -0.651442 0.659186 -0.243748 -0.0923927 -0.317023 0.0774044 0.834939 0.396137 0.177017 0.17296 1.06612 -0.384571 -0.00145879 -0.291365 -0.421804 -0.210227 -0.907438 -0.126205 -0.779998 -0.331387 0.058989 0.58989 -0.490713 0.0535265 0.715589 -0.0939143 0.331356 0.347489 0.362036 -0.00821637 0.436039 -0.315794 0.0657336 -0.515026 0.619059 -0.280099 0.536833 -0.549873 1.24739 1.89509 -0.238125 0.27895 -0.292474 -0.44596 -0.0938686 0.0948815 -0.163974 -0.0437852 0.31045 -0.0854725 -0.475729 0.202525 0.329346 0.163485 0.465936 -0.493764 0.502954 0.276335 -0.0684104 0.610097 0.201576 -0.415337 0.132589 -0.712265 0.37656 -0.26352 0.049048 -1.32557 0.712262 0.12496 0.247449 0.277833 0.0523754 0.0103806 -0.793022 -0.205885 -0.212972 0.400529 -0.208901 0.349406 0.379827 0.217412 0.451602 0.29057 -0.323735 0.143536 0.454496 -0.3933 0.284845 0.217835 -0.500661 0.47876 -0.463775 0.214328 0.106687 -0.446677 -0.336397 
-0.239361 0.235049 0.345395 0.154564 -0.194301 0.114826 0.189731 -0.123146 -0.391315 0.75089 -0.771494 -0.858333 -0.0828444 0.21886 1.28529 0.289819 -0.11007 -0.336037 -0.494644 0.352584 0.256601 -0.0338321 -0.424383 0.063913 0.0292613 0.0395524 0.346085 -0.623876 -0.0538671 0.148962 -0.0295134 -0.456615 0.284022 -0.804445 -0.448488 -0.0961423 0.668804 -0.0839687 0.17459 -0.247897 -0.508743 0.0777161 -0.257202 1.95256 0.644428 -0.25352 0.448939 0.128247 0.056822 -0.184007 -0.274769 -0.588075 0.449755 -0.141663 -0.273348 -0.0293708 0.244978 0.218612 -0.331556 -0.672945 -0.124416 -0.0587928 -0.793955 0.176076 0.901736 -0.000460229 -0.100506 0.351087 0.19893 0.421379 0.176291 -0.0428528 0.195381 0.357715 0.1403 0.331858 0.637342 -0.199641 -0.886347 0.463387 -1.0653 -0.352754 0.697294 -0.371397 0.227731 0.419496 -0.725338 0.0181368 0.281653 0.476982 1.10641 -0.209343 0.762306 -0.0012379 -0.421303 0.019586 0.378305 -0.723821 0.668674 -0.233533 
0.301268 -0.22644 0.733917 0.128522 0.191695 -0.0585424 0.215316 -0.0178046 -0.0992117 0.946824 -0.112603 -0.161499 -0.143373 0.743025 0.280248 -0.0407288 -0.274067 0.223586 0.0383381 0.147453 0.440526 0.274639 -0.189221 -0.0214123 -0.000624729 0.0462708 -0.382515 -0.0944982 -0.22563 -0.120013 -0.167304 0.191415 0.34072 -0.114328 -0.554738 0.49448 -0.231487 0.204026 0.0753851 -0.552122 -0.208112 0.515588 0.312812 0.697367 1.14088 0.366067 0.268587 0.0506161 0.162438 -0.201689 0.155114 0.607366 0.183679 -0.202991 -0.832387 0.160681 0.353883 0.0312198 -0.177895 -0.0468748 -0.114569 -0.444525 0.118082 0.0178633 -0.191777 0.160816 0.00917225 -0.109201 0.673538 0.105524 0.122391 0.192284 0.160893 0.45093 -0.392405 0.00413413 0.25187 0.0295972 0.058737 0.353386 -0.618705 -0.39698 0.223275 0.0600095 0.323031 0.528516 -0.705679 0.530038 -0.279087 -0.0756757 0.347914 0.335646 0.364786 0.199209 -0.0253988 -0.517999 0.525396 0.247987 0.514286 -0.461101 
0.441771 -0.306932 0.837889 0.0799217 0.455479 0.532843 1.06992 0.443867 0.496295 -0.0350352 0.493429 0.266633 -0.199242 0.762011 -0.145318 -0.230464 -0.135016 0.331627 0.282116 0.0549774 -0.142651 0.940152 0.0599611 0.363255 -0.514796 -0.107227 -0.605847 -0.550271 0.655793 0.077993 -0.235421 -0.916376 -0.585902 -0.332921 -0.271034 0.130613 0.381397 -0.158451 -0.159805 -0.211801 0.571002 0.354101 -0.326627 -0.268597 0.298051 1.86086 -0.401282 0.0919413 0.026744 -0.00571801 -0.0215216 0.666017 -0.287561 0.506784 -0.0871927 0.213665 -0.0278112 -0.276514 0.508345 -0.16959 -0.0471906 -0.894361 0.209265 0.487317 -0.283992 -0.199706 -0.20383 -0.583613 0.120308 -0.942822 0.564957 -0.664589 -0.339125 0.11641 -0.553481 0.441049 -1.05084 -0.0618178 0.629231 -0.3929 -0.0247229 0.215601 0.715265 -0.0480694 0.287452 -0.598174 -0.0597208 -0.43953 -0.293119 -0.606305 0.344401 -0.251675 -0.311443 0.0532834 -0.577324 -0.454359 0.00717797 0.353685 0.367845 -0.228549 
0.259353 -0.306882 0.359473 1.00484 0.252601 -0.460576 -0.4072 -0.273252 -0.0205116 -0.137248 -0.355648 0.128844 -0.339935 -0.162362 0.171878 0.222607 0.719288 -0.0180069 0.00431785 0.203892 0.477383 -0.563477 0.0267471 -0.049143 -1.03518 0.525021 -0.00442657 -0.0380415 -0.545843 0.0541053 -0.0323296 -0.095186 -0.0347104 -0.269505 0.0757966 -0.0250291 -0.0761833 -1.02254 0.771536 -1.02186 0.0762812 -0.895602 -0.468207 0.44577 0.212478 -0.389375 1.61324 0.134629 0.0504985 0.180484 0.167589 -0.00472325 0.413943 0.00935437 -0.016443 -0.423578 0.418127 0.931613 -0.724258 0.227844 0.270211 -0.28567 -0.553665 0.396504 0.0352292 0.0924129 0.676688 0.408203 0.648708 0.527563 0.396516 0.310649 -0.306663 0.254973 0.237962 -1.03126 0.052807 -0.238499 0.0849575 0.345617 -0.213512 -0.465209 -0.202992 0.658646 -0.300519 0.279306 -0.284169 0.345737 0.329522 0.267804 0.275245 -0.301717 -0.0285233 0.13235 -0.0185348 0.230949 -0.191545 -0.0922392 -0.269446 0.134521 
-0.265509 -0.253665 0.0259261 0.114126 -0.694861 -0.793292 0.430747 0.665248 0.130058 0.242544 -0.073646 0.147086 0.205535 0.0444678 0.232864 0.288564 0.278484 0.0699933 0.281896 -0.381862 -0.45989 -0.127459 0.646048 -0.0342592 -0.193712 0.190123 0.507783 0.195265 0.874695 0.291068 0.459414 -0.16491 -0.56917 0.270318 0.30743 -0.259751 0.0615546 -0.149977 -0.622838 0.429778 -0.0598306 0.0916171 -0.107501 0.133691 0.0031213 0.112462 0.143243 1.40858 0.0676836 0.0675238 -0.254852 -0.329017 0.0284955 -0.0274512 -0.266503 -1.30659 -0.540512 0.303802 -0.0788458 -0.0170025 -0.149215 0.35482 -0.527592 0.535125 -0.172397 -0.522344 0.00203749 -0.0362806 0.300685 -0.118153 0.0625106 0.49663 0.11938 0.312015 0.143114 0.088216 -0.204585 0.0921334 0.349083 -0.0752065 0.33719 -1.2305 0.294519 0.225311 -0.747095 -0.215655 -0.048112 0.595434 0.139096 -0.644754 0.266848 0.110612 0.509623 0.260979 -0.61498 -0.151625 0.29521 0.171057 0.715457 0.355651 
0.142884 0.159694 0.0958452 0.0900732 0.137317 0.0974652 0.0938978 0.13978 0.145633 0.146161 0.123638 0.146267 0.151869 0.115685 0.127503 0.144856 0.113221 0.107177 0.162921 0.11219 0.160763 0.116749 0.113036 0.163747 0.127592 0.151382 0.121136 0.146921 0.0906429 0.153453 0.147169 0.144334 0.173148 0.134707 0.0939226 0.119474 0.127504 0.136416 0.13688 0.0847906 0.0961707 0.0828083 0.147371 0.128389 0.181066 0.113387 0.125235 0.133806 0.199602 0.127142 0.0338051 0.0914469 0.0396075 0.0483384 0.0454787 0.0877252 0.0760802 0.0749138 0.0681887 0.0919506 0.0880875 0.0985273 0.0294286 0.0590346 0.113045 0.0481031 0.106526 0.071484 0.0983672 0.0532249 0.0883338 0.0867148 0.0155544 0.0793281 0.0277471 0.0958131 0.0588228 0.0864243 0.083696 0.0659999 0.0577541 0.0664009 0.0293532 0.0825242 0.0520932 0.100602 0.0546391 0.0547137 0.0543664 0.0898749 0.0714648 0.047797 0.0604628 0.0428035 0.0902077 0.112915 0.0832438 0.0263908 0.0530733 0.129514 
-0.0673944 -0.166754 -0.0201346 0.534218 -0.62197 0.394332 -0.898868 0.292321 -0.463381 -0.606033 0.211529 0.240139 0.355377 -0.178103 0.681561 -0.137862 -0.356174 -0.445064 0.317374 0.686474 -0.455863 0.417054 -0.173856 0.23047 -0.244297 0.690234 0.0852088 -0.0153818 0.751006 0.340975 0.188284 0.34649 -0.246473 0.552581 -0.699971 -0.461774 0.643104 -0.934164 0.105113 0.18501 0.424893 0.0314156 -0.184304 -0.18526 -0.255881 0.00810511 0.182401 0.0608264 0.0543219 1.93692 0.401943 -0.385194 0.609374 -0.0243968 0.630181 -0.215995 -0.138707 0.389069 -0.219619 -0.185615 -0.476867 0.00556419 0.101532 -0.261023 -0.364028 0.330098 0.0988449 0.709145 -0.66274 -0.116218 -0.877393 -0.267427 0.129026 -0.0118637 -0.391452 0.261889 -0.265582 0.579553 0.874125 0.154971 0.279398 0.270154 -0.477127 1.42095 0.117937 0.268438 -0.805816 -0.599813 -0.575003 0.593105 -0.0771734 -0.0576668 -0.201537 -0.526716 -0.417626 -0.0127695 -0.666483 0.620402 -0.097499 0.127705 
0.212983 -0.424154 -0.685825 -0.1349 0.356416 0.00237221 -0.649338 -0.169472 0.184704 -0.357461 -0.10143 0.147537 0.137296 -0.125229 -0.347184 -1.05799 0.104825 0.399106 -0.494788 0.19571 0.0535443 -0.155921 -0.338877 0.044512 -0.0673011 0.12332 0.318681 0.201959 0.0428836 0.231827 -0.833895 0.280636 0.155962 0.302793 -0.758569 -0.0692103 0.306625 -0.0688667 0.104084 -0.285604 -0.178 -0.357265 -0.157916 -0.369823 0.00712097 -0.101499 0.0757052 -0.355349 -0.132815 0.308143 0.957603 0.145236 0.184298 -0.286486 0.23349 0.18945 0.161071 -0.105619 -0.413772 0.692686 -0.427086 -0.730126 -0.0415361 -0.46318 -0.13896 0.137161 0.381484 -0.499495 0.00911584 0.141219 -0.200174 -0.516548 -0.0493035 0.0432717 -0.193758 -0.323553 0.19895 0.121905 0.13916 0.113676 -0.242607 0.206159 -0.160379 0.535003 -0.316036 0.00539095 -0.365211 0.18559 -0.397988 0.0387208 -0.511347 0.253738 -0.429777 0.31008 -0.490442 -0.842991 -0.02003 0.532022 0.234646 -0.16201 
0.661694 -0.333005 0.858693 0.237119 0.791939 0.251247 -0.119913 0.26861 -0.00468105 -0.0657674 0.805502 -0.359274 -0.494197 0.285772 -0.584217 -0.0273937 -0.18451 0.420792 -0.15014 -0.547307 -0.0629801 -0.22417 -0.681191 -0.13093 -0.381119 -0.28309 -0.822609 0.166437 -0.35278 -0.164846 -0.53057 -0.179387 0.41176 0.26451 -0.712539 0.962556 -0.554029 -0.062331 -0.211041 -0.327678 0.00762586 0.245132 0.254248 -0.6252 0.517301 0.643967 -0.0386791 -0.371587 -0.0172452 -0.421067 0.203165 1.65522 -0.448919 0.0303369 -0.822336 0.16124 0.333602 -0.440936 -0.492073 0.162528 0.195875 -0.359906 0.555548 -0.412296 -0.529428 -0.187825 -0.0256592 -0.245021 1.21331 -0.402553 0.506157 -0.0491027 -0.17077 -0.401581 0.188184 -0.00314813 -0.494889 0.0794114 0.592956 -0.256843 0.000304013 -0.0922732 -0.0613391 -0.0403221 0.182439 0.0844829 0.243103 0.235329 -0.606328 -0.309937 0.0140855 0.634648 -0.767472 -0.0273993 0.4793 0.047376 0.116338 0.640968 0.031709 0.166915 
-0.341649 0.351502 0.182599 -0.232843 -0.662594 0.27472 -0.426069 -0.124646 -0.362356 0.18865 -0.880967 0.0831994 0.0396736 0.422825 0.402057 -0.214275 0.119007 0.0562682 -0.277043 0.264569 -0.348211 -0.454012 -0.156871 0.110141 -0.0594499 -0.1148 -0.215813 -0.390702 -0.158363 -0.165174 -0.505568 0.351586 -0.194313 0.482564 0.10717 -0.385137 -0.00165925 -0.48416 0.0991796 -0.384202 -0.312581 -0.243762 -0.193772 0.360532 0.0415175 -0.361707 0.32789 -0.0661713 -0.121182 0.521404 0.190129 -0.501016 1.06832 -0.197139 -0.120353 -0.152647 0.0760627 0.686516 -0.0896283 -0.0944356 -0.385208 0.141152 -0.212014 -0.0122365 0.0746009 0.876431 0.145994 -0.0804138 -0.520625 0.389621 -0.261465 -0.636103 -0.0229807 0.910468 -0.208374 -0.35783 0.00274321 -0.437419 0.100442 0.472795 -0.24334 -0.091294 -0.373566 0.680411 -0.509781 0.41758 -0.496755 -0.341776 -0.630419 -0.207393 0.55206 0.0211853 -0.162185 -0.35592 -0.502438 0.0634893 -0.482217 -0.0669177 0.218737 -0.355951 
0.264589 0.324195 0.0530811 -0.482498 -0.209348 0.116772 0.260644 0.280261 -0.280075 -0.440595 0.133048 -0.135996 -0.755607 -0.294825 0.0862748 0.140013 -0.169525 -0.0214648 0.170625 0.0947156 -0.241931 0.0873949 0.0634915 0.138352 -0.242783 0.22617 -0.372529 -0.346337 -0.389119 0.355952 0.55662 -1.06888 -0.940351 -0.310222 0.318554 -0.467915 -0.0542594 0.16353 -0.579024 -0.14539 0.411712 -0.582249 -0.575254 -0.222111 -0.336378 0.441412 -0.0679242 -0.113344 -0.103677 -0.103592 -0.27188 -0.0129858 -0.188365 1.15347 0.111767 0.0373445 0.548444 -0.0955901 0.0698464 -0.133723 0.410512 -0.494469 -0.325449 0.0625666 0.42424 -0.348079 0.778303 -0.110403 0.0701781 -0.20703 0.519853 -0.21873 -0.0694762 0.218889 -0.440425 0.396317 -0.249256 0.29451 0.792606 -0.4034 0.446287 0.511208 -0.160844 -0.808781 0.0259711 0.452232 0.280976 0.0648978 -0.335418 -0.186639 0.0443374 -0.595651 -0.162535 -0.217268 0.153644 -0.152638 -0.661717 -0.334129 -0.438894 -0.0754983 
0.337197 -0.250415 -0.680952 -0.0692667 0.360072 0.352942 0.0824352 -0.703664 0.59779 -0.604856 0.245025 0.439808 0.370801 -0.186002 0.259839 -0.240568 0.555723 -0.104991 -0.462412 0.21743 -0.282362 -0.179124 -0.204548 0.103709 0.0560145 0.356247 0.789302 0.484788 0.323801 0.435009 0.0620179 -0.680207 -0.692888 -0.245747 -0.265738 -1.04284 0.67896 -0.00993105 0.0765183 0.278877 0.108645 -0.29881 0.100126 -0.35667 -0.968648 -0.155438 -0.0965955 -0.355269 -0.10941 0.548112 0.245221 -0.868532 -0.114452 0.108893 1.84484 0.131253 -0.0418607 0.393116 -0.06965 0.0912011 -0.324954 -0.30761 -0.109571 0.0837621 0.287586 -0.136552 -0.0151365 0.109645 -0.972351 0.0688291 -0.627076 0.00124314 -0.293206 -0.538335 0.183971 -0.161649 0.019497 -0.280742 -0.41504 -0.0839688 0.462218 0.834963 0.347028 0.422334 0.0612848 -0.578398 0.441699 -0.921803 0.576592 0.791869 -0.923692 -0.837658 -0.229809 -0.433654 -0.525654 -0.185338 -0.530658 -0.280601 -0.995491 -0.161502 
-0.0428569 0.433013 -0.3236 -0.373678 0.89702 0.614115 -0.239389 -0.421755 -0.0221283 -0.175709 -0.25136 0.13895 -0.166841 0.193077 -0.635986 -0.783969 -0.768535 -0.378082 -0.0462693 0.103451 0.618328 0.451332 -0.45864 0.145015 0.434465 -0.47968 -0.427188 -0.650812 -0.69706 -0.100374 -0.136832 0.40844 0.644773 -0.61983 0.0134639 0.527775 0.0839189 0.395073 0.841826 -0.122192 -0.176225 0.152594 0.269404 -0.0702364 0.0668764 0.187876 -0.461274 -1.3529 -0.0247071 -0.255607 0.243638 0.1575 -0.104291 0.0769271 0.17371 1.8437 0.540598 -0.519178 0.526024 0.477485 0.631197 -0.792931 0.547156 -0.186256 0.468765 0.427968 -0.0799394 -0.16225 -0.55944 -0.00210101 -0.394154 -0.768776 -0.184166 0.155995 -0.403463 0.301658 0.0296789 -0.176449 -0.278826 -0.0581271 -0.331964 1.26299 0.0053668 -0.403768 0.612333 0.140608 -0.191627 -0.778952 0.171212 0.452161 0.0331949 -0.399583 -0.20234 0.175995 0.463788 -0.211414 -0.201872 -0.139929 -0.487264 -0.0960671 
0.246572 0.264282 0.113383 -0.234521 0.423002 0.258017 -0.206396 0.0417298 -0.148103 0.123741 -0.122976 -0.279599 -0.775547 0.170968 0.0765787 -0.230274 -0.329931 0.132671 -0.389408 -0.244108 0.336779 -0.461659 -0.723508 -0.0453578 -0.223504 0.390195 -0.523041 -0.249916 -0.799698 0.22091 0.0725632 -0.452536 -0.000701775 -0.216542 -0.383099 -0.316432 -0.0937435 0.373172 -0.229128 -0.393037 -0.175733 -0.569312 0.0918396 0.19241 0.248375 -0.0653034 0.368728 -0.598525 -0.0480549 -0.190022 0.203556 0.318159 0.112717 0.576324 -0.0111071 0.528895 1.12675 0.260553 -0.441588 0.443872 0.560535 -0.843829 -0.155604 0.02924 0.283087 -0.0565297 0.574018 -0.159389 0.470946 0.193279 0.0398683 0.114252 -0.0308873 0.498415 -0.203526 0.0726822 0.352033 -0.059999 0.20486 0.299541 0.124366 0.399302 -0.193537 -0.328543 0.00626788 0.906461 -0.116667 0.164104 -0.297352 0.429512 -0.0458054 -0.643385 -0.37226 -0.233738 0.381977 -0.492723 -0.795236 -0.182061 -0.403094 -0.443615 
-0.143268 0.155915 0.571551 0.108405 -0.0359086 -0.24484 -0.0702427 -0.281345 0.0639475 0.33701 -0.368064 0.345079 -0.154941 0.682922 0.16605 0.250706 0.620666 -0.140304 -0.181587 -0.223529 -0.0482584 -0.935205 0.074177 0.179574 -0.686769 0.209559 -0.145669 0.0700573 -0.143094 0.126413 -0.0156082 -0.200669 -0.675132 0.304592 0.228896 -0.902515 -0.119035 -0.646258 0.0896079 -0.476551 0.0279309 -0.258089 0.393119 0.164871 -0.07546 -0.315178 0.881042 0.244617 -0.0503936 0.336582 -0.0643064 -0.457551 0.721998 -0.0688826 0.422697 -0.532053 0.259381 1.46105 -0.587155 0.195026 0.0658767 -0.0966399 -0.319195 0.811804 -0.382653 0.465361 -0.0432313 0.326704 -0.368449 0.244666 -0.42616 0.330578 -0.178502 0.782959 0.174482 -0.868254 -0.191079 -0.994246 -0.0930873 0.234663 0.260387 -0.468441 -0.0180091 0.881596 -0.385673 0.338371 0.0424184 -0.267298 0.0365924 0.224294 0.113027 -0.420676 -0.0827894 -0.623717 -0.13222 -0.111593 -0.58233 -0.281697 -0.348526 -0.620811 
-0.423704 -0.0776933 -0.341538 0.00588496 -0.778793 0.507776 1.00028 -0.0698334 0.439082 0.0711834 -0.603609 0.723347 0.255764 0.0675547 -0.175378 -0.110454 -0.437843 0.33999 0.568677 0.169206 0.0152131 1.17585 0.449135 -0.471438 0.544105 -0.091918 -0.588306 -0.66388 0.105403 -1.08279 0.206666 0.493408 0.095967 -0.406774 1.01409 0.0729269 -0.370212 0.55621 0.174322 0.211605 -0.0459508 -0.055017 -0.57334 -0.392056 -0.291333 0.462922 -0.781588 -0.144789 -0.0638772 -0.278865 -0.379218 -0.515447 -0.060905 0.0897954 -0.0468271 0.50639 -0.449519 -0.593913 1.85398 -0.342185 -0.076302 0.353592 0.556369 0.180012 0.0456148 0.262903 -0.332992 -0.829662 -0.664413 -0.173606 0.123814 -0.296819 -0.171372 0.158267 -0.685132 0.280567 -0.126249 0.283268 -0.145395 0.565225 0.253552 0.490349 -0.221761 -0.40407 -0.105145 -0.839302 -0.158193 -0.452334 0.273776 -0.740812 -0.12156 -0.818307 0.0661323 0.35098 -0.349344 0.411629 -0.362234 -0.0167795 -0.210367 -0.0234255 
-0.35159 0.136066 -0.977287 -0.31048 0.913501 -0.600188 -0.577382 0.43427 0.478578 -0.320681 -0.211383 0.541069 -0.110984 0.0285672 -1.32209 -1.20634 -0.117149 0.0822054 -0.173091 -0.859285 0.511372 -0.628671 0.0176887 0.174747 -0.193325 0.0193322 0.259619 0.00776184 -0.00784513 0.556369 -0.177517 0.629243 0.364953 0.295992 0.126255 -0.0423417 0.14445 0.24899 0.216304 0.214613 -0.275283 -0.519203 0.447258 -0.709564 -0.136433 -0.191133 0.194394 -0.059066 -0.0162354 -0.220981 0.751121 0.163034 -0.0418324 -0.0898937 0.137904 0.481731 0.459822 0.212148 -0.318305 1.79141 0.838448 -0.953718 -0.109504 0.431742 -0.138413 -0.162316 0.313499 -0.537422 0.0815161 0.0173047 -0.495727 -0.0842893 -0.147287 0.693656 0.0965017 -0.291986 0.0158249 -0.338623 0.161406 -0.0870471 0.427725 -0.141811 -0.116724 0.312667 -0.816938 0.166807 0.0879642 0.333307 0.194331 -0.026541 -0.378062 -0.235748 -0.403482 0.622947 0.131777 -1.00827 -0.346176 0.397027 0.208305 0.19834 
-0.60595 0.570644 -0.10251 0.111499 0.643118 -0.40506 -0.248542 0.61332 -0.179796 -0.372854 -0.136912 -0.0772475 -0.73169 -0.179388 -0.89761 -0.111947 -0.689247 -0.750401 0.277687 -1.0494 0.478964 -0.4049 -0.109523 0.00216156 -0.46712 -0.157686 -0.483278 -0.749384 -0.425446 0.235513 0.748466 0.0231771 0.3229 -0.544555 0.641344 0.272348 -0.143161 -0.0976099 0.291838 0.280345 -0.0925394 -0.394855 0.216756 -0.164917 -0.20801 -0.0726159 0.232879 -0.195161 -0.0239807 -0.516115 -0.372534 0.192499 -0.336487 0.450459 -0.282134 0.631561 0.572602 0.0791159 -0.0563043 0.834566 1.60931 -0.488601 -0.111164 0.738676 0.22864 -0.432531 0.00283061 0.26592 0.277461 -0.210261 -0.198021 0.207017 -0.182444 0.429392 0.274541 0.241396 -0.328573 -0.300933 0.133899 -0.298558 0.474347 -0.0860709 -0.0372946 -0.47881 -0.207272 0.326146 0.226745 -0.125514 0.559465 0.194945 0.494652 -0.746606 -0.128212 0.211873 0.870443 0.0960549 -0.628303 -0.252547 -0.263358 0.552421 
-0.564784 0.496891 0.0617561 0.0836009 -1.11065 0.308076 -0.0822294 0.0568947 -0.272304 0.005859 -0.0375008 -0.330703 0.490399 -0.529638 0.414762 1.12168 0.416428 0.16325 0.042803 0.00252877 -0.552488 -0.358387 0.244391 -0.291268 0.498935 -0.250398 -0.0101856 0.348055 0.0994426 -0.797366 -0.126036 0.609911 0.472235 0.809846 0.790786 0.00222664 -0.418933 -0.0220033 -0.273315 0.582978 -0.00932658 0.0326921 -0.117497 -0.0888026 -0.527474 -0.909295 -0.31251 0.319366 -0.00304917 -0.0231925 -0.665082 -0.35279 0.200365 -0.44403 -0.254298 -0.782076 -0.821271 -0.072909 0.384081 -0.947109 -0.478109 2.06603 0.195953 -0.428311 -0.134865 0.40184 -0.591808 0.293347 -0.260533 0.189474 0.300505 0.256702 0.241757 -0.556662 0.756955 -0.0880959 0.207674 0.0460677 -0.563239 0.265019 0.22153 -0.272997 -0.628598 -0.118308 -0.203743 -0.355942 0.710482 -0.0991432 -0.141829 -0.258033 0.154416 0.6115 -0.1515 -0.503187 0.424784 1.62819 -0.00532068 -0.34278 0.0314315 0.325177 
0.121684 -0.411373 0.298675 0.0542695 -0.0220081 0.349965 0.0180711 -0.445942 0.00700536 0.0548018 0.278209 0.31343 0.0607137 0.340226 -0.503528 -0.0940296 -0.536458 -0.00729815 0.180407 -0.222723 -0.191587 0.320573 -0.305933 -0.475361 0.296504 -0.335799 -0.796758 0.110067 -0.261875 -0.803132 -0.101613 0.542914 0.193129 0.117914 -0.15245 0.438518 -0.834768 0.153301 0.0411103 0.0084326 -0.135647 0.615827 0.491569 -0.893407 -0.0343095 0.124889 -0.649947 -0.632488 -0.14159 0.003333 -0.0459344 0.493221 -0.222244 -0.344453 -0.125701 0.48857 -0.202487 -0.364906 0.517416 -0.172337 -0.170114 0.126511 1.06344 -0.351311 -0.721153 0.311847 -0.601706 -0.132666 -0.236799 -0.211853 -0.580526 0.101263 -0.0898456 -0.383164 -0.287998 -0.0694456 -0.285607 0.013016 0.123756 0.127268 0.263125 0.348749 -0.34273 0.277986 0.382648 -0.307722 -0.0546483 -0.490469 -0.181977 -0.116758 -0.589913 0.0605898 -0.321729 -0.244008 0.276459 0.172645 -0.155554 0.483598 -0.666058 -0.202854 
-0.820908 0.0877351 0.279641 0.2827 0.233491 -0.488585 0.686972 0.361716 0.41504 0.2553 -0.311253 0.319608 -0.298897 0.529421 -0.474394 0.0280633 -0.00412988 -0.357374 0.22883 -0.701711 0.480064 -0.0781887 0.465934 0.133864 -0.9247 0.110347 -0.391528 -0.696738 0.424448 -0.069066 0.25917 -0.32844 -0.359812 -0.456355 0.58813 -0.768951 0.203589 -0.379087 0.102777 -0.0356651 0.319739 -0.192008 0.112801 0.106377 -0.104775 0.432694 0.329975 0.459982 -0.0822309 -0.329469 -0.437825 -0.44487 0.00728725 0.073316 0.0973854 -0.215089 0.0121097 0.795846 0.170813 0.398663 0.709479 -0.468 -0.321557 1.52967 -0.561826 -0.203768 -0.672243 -0.0523877 -0.339611 -0.512494 -0.169529 0.403935 -0.168529 0.678085 0.0587769 -0.32816 -0.478677 -0.887843 -0.472393 -0.00666584 0.255512 -0.685562 0.499812 0.108807 -0.226991 -0.358357 0.0480466 -0.164123 0.666415 -0.0545986 0.305453 -0.921704 0.130259 -0.0119417 0.00277152 -0.42648 -0.420774 -0.343771 0.232805 -0.535352 
0.512989 0.446024 -0.460014 -0.510147 0.0399544 0.339377 0.0371685 -0.274892 -0.134311 -0.283039 -0.741514 -0.252641 -0.064861 -0.267482 0.694064 -0.189377 0.115363 -0.137026 -0.530312 0.0725363 -0.592426 -0.406389 -0.526147 -0.00263853 0.785593 -0.463202 0.862027 -0.27061 -0.525834 0.608539 0.369507 -0.630244 -0.200369 -0.744698 0.282481 0.540927 0.330672 0.356178 0.196954 0.212531 -1.04263 -0.346371 -0.449834 0.886316 -0.260136 -0.284335 0.0229792 -0.193261 0.0260591 -0.378194 -0.0593258 -0.507722 0.148404 0.489269 0.355489 0.494211 0.320236 -0.344332 0.0906944 -0.117214 0.253722 -0.120275 -0.637121 -0.507547 2.09429 -0.173072 0.983076 -0.111676 0.158161 0.782513 0.260977 -0.823938 -0.3599 0.202605 0.215096 0.636165 0.213758 0.0899845 0.0937076 -0.0316889 -0.250075 0.617669 0.44199 -0.728058 -0.529853 0.169061 0.0712793 -0.524759 0.347188 -0.0912153 0.832644 -0.434107 0.308102 0.330657 -0.702545 0.551235 0.0251052 -0.604287 -0.336297 1.1486 
-0.21864 0.495139 0.297497 -0.436027 -0.333773 0.479935 -0.358842 -0.59495 -0.276964 0.192188 -0.614935 0.282968 0.18248 0.498365 -0.112413 -0.14002 0.259722 0.11342 -0.0814697 0.564438 -0.0670578 -0.174488 0.11883 0.24013 0.159426 -0.514954 -0.496366 -0.22166 -0.512879 -0.524471 -0.795619 0.673385 -0.00109133 0.589393 0.421492 -0.0987269 -0.339427 -0.347671 0.487693 -0.605843 0.0437123 0.072582 0.0328276 -0.0811449 0.027192 -0.265315 0.0148978 -0.608473 -0.104148 0.250667 0.15153 -0.231384 0.884968 -0.348316 -0.133915 0.388149 -0.0846459 0.438417 0.242718 -0.206381 -0.472714 0.351165 0.330615 -0.214754 -0.238337 1.3016 -0.120037 -0.10191 -0.906536 0.278472 -0.117609 -0.838742 -0.0479116 0.596968 -0.295088 -0.650476 -0.104194 -0.618616 -0.14951 0.205677 -0.389438 0.442637 -0.545651 0.474294 0.0496156 0.202714 -0.111973 -0.528971 -0.649166 -0.234683 0.227348 0.428359 -0.291895 -0.42515 0.0121775 0.284274 -0.150638 -0.136465 -0.0912265 -0.646695 
0.934976 -0.0611916 -0.449557 -0.397061 -0.211429 -0.329361 -0.415571 -0.260573 -0.279661 -0.502835 -0.333032 0.283788 -0.426408 -0.531563 0.124629 -0.342103 0.417894 0.336138 0.0628271 0.604122 -0.268073 -0.25862 0.164767 0.0304261 0.100995 0.253602 0.398246 0.26508 -0.8977 0.605392 0.348445 -0.411004 -0.826704 -0.069837 0.276672 0.179078 -0.335077 0.0442199 -0.00777441 -0.688921 -0.168716 -0.891523 -0.753313 -0.122477 -0.065738 -0.210725 0.657886 -0.0253779 0.0129885 0.0781269 0.454567 -0.0105049 0.213245 0.83678 0.0462144 -0.0610449 0.604616 -0.0114617 -0.294464 0.328147 0.021361 -0.583769 -0.524225 -0.624515 0.976524 -0.0613235 1.87199 -0.223674 0.496315 0.745893 0.568388 -0.445635 -0.203491 0.40545 -0.533617 -0.222548 0.193946 0.61352 1.22486 -0.152616 0.120718 0.43575 -0.512167 -0.26345 -0.528041 0.749516 -0.119187 0.609756 -0.383516 -0.406911 -0.118661 -0.0553127 0.0800096 0.422188 -0.357287 -0.232497 -0.120236 0.0396921 -0.529008 0.532373 
-0.198675 0.0698396 0.396092 0.38644 -0.0918125 -0.50467 -0.911418 -0.29084 -1.01365 -0.377639 0.338421 -0.499079 -0.167465 -0.443778 0.256551 0.624289 -0.316232 -1.40076 0.314241 0.196767 -0.119521 -0.226592 0.0287296 0.130338 -0.395919 -0.126837 0.114093 0.00836276 -0.15311 0.35167 0.723 -0.120744 -0.28958 -0.303477 -0.225291 0.040127 -0.0212083 -1.04858 0.339621 -0.0223101 0.304799 0.450646 0.300296 0.2939 -0.219328 -0.625724 0.354185 -0.0989124 -0.0572702 0.653211 -0.461629 -0.265083 -0.0483788 -0.0871424 0.135779 -0.178572 -0.164008 0.323257 -0.82635 -0.55799 0.249234 0.266169 -0.0904014 -0.0398764 -0.153444 -0.0784128 -0.25889 1.56342 -0.362432 0.0155367 -0.720734 0.377407 0.19338 -0.503993 0.261661 -0.035826 -0.208064 -0.0331128 0.0823285 -0.65311 -0.133852 -0.155695 -0.0697394 0.311147 0.757008 0.446637 -0.201111 -0.356971 0.259581 0.872234 0.253897 0.295592 0.510973 -0.535023 0.632794 0.418384 0.196062 -0.247794 -0.502867 0.232219 
0.667808 -0.745494 0.507125 0.806393 0.314553 -0.173929 0.0804626 0.422819 0.0813865 0.09476 0.267573 -0.620648 -0.644549 -0.194832 0.155279 0.202918 -0.0425218 0.612332 -0.380313 -0.769044 -0.0570982 -0.497309 -0.881086 -0.701227 -0.47926 0.32387 -0.340566 0.139564 -0.395927 -0.170305 -0.0712248 -0.471037 0.504832 -0.29026 -0.744027 0.866276 -0.496858 0.0653501 -0.420382 -0.30372 -0.620609 -0.459202 -0.312767 0.168759 0.590428 0.105213 0.621707 0.26507 -0.00337032 -0.691658 0.0739988 1.22026 -0.461573 0.120456 -0.9192 -0.548745 0.493344 -0.344879 -0.634084 0.0879646 0.287792 -0.260694 -0.167518 -0.300083 0.14341 -0.856022 0.488115 -0.335415 2.08563 0.145817 0.807054 0.633217 -0.181334 -0.374524 0.451678 0.0431972 0.141757 0.491475 0.391963 0.413548 0.000476948 -0.789164 0.0668983 -0.263451 -0.479515 0.134753 -0.0961412 0.878762 -0.0600365 -0.305977 0.204561 -0.00644506 -0.345544 0.412447 -0.007687 0.194466 0.00660997 0.448764 0.148499 0.666926 
0.355513 -0.181017 -0.338278 -0.15783 -0.353123 -0.252859 -0.392151 -0.855443 -0.217337 0.16645 -0.777352 0.103636 0.023235 -0.129702 0.334845 -0.113052 0.304226 0.0504968 -0.372312 0.165713 -0.243613 -0.643508 -0.241579 -0.447589 0.471828 -0.134922 0.406807 0.306497 -0.878213 -0.132036 0.0699293 0.257115 -0.126572 -0.171214 0.15057 0.205117 -0.585252 0.10568 0.248112 -0.415774 -0.895976 -0.29267 -0.0455664 0.345841 -0.0229528 -1.00328 0.455195 -0.199135 -0.0938793 -0.190503 0.160736 -0.440965 0.403306 -0.202119 0.0766137 -0.0367729 0.17031 0.222869 -0.188644 -0.0216134 -0.245297 0.143946 -0.187939 -0.518332 0.722395 0.28362 0.692327 -0.00281325 0.100451 1.0209 -0.231856 0.0474635 -0.125809 0.207111 0.00438955 -0.492335 0.583577 -0.0462747 -0.0850785 0.445268 -0.193578 0.0202502 -0.291136 0.0825608 -0.448095 0.356482 -0.254469 0.114832 0.153663 -0.0269049 -0.0980845 -0.0696597 0.325989 0.153012 -0.348764 0.206808 0.0703899 -0.19494 -0.599383 0.253877 
0.283114 0.216643 0.236531 0.100759 0.0465067 0.34602 0.626197 0.237084 0.25222 -0.313646 0.112876 -0.49532 -0.407617 -0.604815 0.0086091 0.475015 0.968108 1.03344 -0.145252 0.533435 0.297359 0.149436 0.355065 0.203841 -0.57949 0.0346121 -0.299684 -0.23991 -0.346421 -0.344815 -0.88048 -0.837871 0.0659408 -0.0564586 0.50596 0.0573592 0.13455 -0.0577456 -0.0862943 -0.746955 0.729147 -1.05221 -1.3849 0.136037 0.0291983 0.53978 0.359431 0.0168124 -0.0234869 -0.916394 -0.145375 0.503028 -0.212497 0.560047 -0.584008 -0.393543 0.0521827 -0.412674 0.144059 -0.499362 -0.197774 0.29026 -0.521328 -0.140084 0.236143 -0.0771782 0.550105 -0.703801 0.796971 -0.196572 2.17819 -0.565655 -0.13815 -0.337823 0.224935 -0.362024 -0.0407781 0.153341 -0.203855 -0.145938 -0.481473 0.135618 -0.0989649 -1.11055 -0.0459357 -0.379795 0.764088 0.705542 -0.352018 -0.741804 0.376132 0.343509 -0.555336 0.26259 0.152638 0.584624 0.220209 -0.470074 0.562228 -0.130644 
-0.110827 -0.758117 0.0844432 0.635149 -0.273029 -0.781432 0.307484 -0.16043 0.12182 0.632153 0.391462 -0.0965723 -0.248479 -0.137864 0.177188 0.730264 -0.24083 -0.125825 0.137877 -0.702765 0.359164 -0.243374 -0.064079 -0.860998 -0.21755 0.832262 -0.201686 0.640769 -0.118489 -0.444128 0.921315 -0.0424551 0.00781705 -0.292801 -0.267027 -0.559486 -0.753426 0.458578 -0.622793 0.190086 -0.116439 0.080532 0.651304 -0.0847338 0.0974639 -0.691394 0.271937 0.449305 -0.0267329 -0.308055 -0.463376 -0.0538583 -0.588762 -0.180163 0.0426842 -0.769791 0.124939 0.342438 -0.278201 -0.089551 0.205638 0.24483 0.158834 0.431753 -0.8504 -0.799938 -0.465545 0.392714 0.621506 0.0811199 -0.567282 2.07123 0.305763 -0.492583 0.20971 -0.255681 0.673211 0.203496 -0.462917 0.531765 0.63568 -0.877946 -0.0979352 -0.0439209 0.190154 0.144506 -0.0134419 0.793249 0.711768 0.582235 -1.0217 -0.626113 0.45369 -0.196134 0.593978 -0.229119 -0.191925 0.00344125 -0.628056 -0.472506 
-0.579889 0.101638 -0.347461 -0.419715 -0.537637 -0.284125 -0.360688 0.148221 -0.543189 0.122302 0.0146412 -0.556775 -0.116094 -0.37327 0.0497243 -0.0158548 -0.46124 -0.220672 -0.0707344 0.117603 0.0841537 0.0736351 0.097665 -0.0485198 0.0838143 0.0853606 -0.0782508 -0.0501063 0.0806219 -0.0805768 -0.0735466 0.114201 0.0292882 0.18732 -0.298737 -0.50382 0.0140422 0.203279 -0.581871 0.165254 0.21076 0.100559 -0.007512 0.0819863 -0.00544159 -0.437444 -0.416889 0.000541092 -0.169407 0.0168837 -0.067645 -0.24704 -0.0471533 -0.102423 -0.323279 -0.256696 -0.0917139 -0.238157 -0.224268 -0.224063 -0.255337 0.158372 -0.103789 -0.212225 -0.457876 -0.0806221 -0.294915 0.137172 -0.264559 -0.163667 -0.211291 0.234249 0.54614 -0.0882952 -0.176389 0.182031 0.457172 0.248819 -0.275847 -0.0937621 -0.1891 -0.219058 -0.268353 -0.382487 0.293259 0.380567 -0.213362 0.511093 -0.373924 0.173471 -0.254693 0.348455 0.213633 -0.16698 0.344081 -0.486687 0.0902266 -0.0995646 0.435401 -0.634317 
-0.545944 0.685104 0.139132 -0.815974 -0.403472 -0.234516 0.0568673 0.35552 -0.187079 0.625308 -1.13656 0.436491 -0.348838 0.951345 -0.206092 -0.577135 -0.281775 0.00799601 0.0466444 -0.339943 -0.03173 -0.439734 0.228778 0.271269 -0.0170366 -0.224194 -0.431029 -0.731858 -0.260247 0.178201 0.0589403 0.299468 -0.495361 0.293656 0.666716 -0.406885 -0.226142 0.12062 -0.145285 -0.261517 -0.427908 -0.160901 0.179068 0.30841 0.348686 0.0821817 0.208838 0.257266 -0.041543 -0.059915 0.0890209 -0.41376 0.950386 0.250033 -0.504318 0.147556 0.501679 0.787395 0.169462 0.680971 0.420589 -0.575957 -0.333017 0.69848 0.16872 0.628348 0.378117 -0.49611 -0.393658 0.233344 -0.346874 -0.500006 -0.0242045 1.87541 -0.615848 -0.0997043 -0.131653 -0.670797 0.47469 0.296678 0.0773448 -0.356071 -0.144782 0.192604 -0.825973 0.818473 -0.516492 0.0470491 -0.497114 -0.642519 0.748433 -0.393384 0.152751 0.0390654 -0.372018 -0.723113 -0.557325 -0.116342 0.449331 -0.475076 
-0.340721 0.184983 -0.0626203 0.293558 0.480558 0.0363267 -0.329881 0.137487 0.14985 -0.398108 0.195575 -0.691356 0.0381056 -0.395618 -0.150721 0.336415 0.512347 -0.081137 -0.804024 -0.910446 -0.287459 -1.20427 -0.592383 -0.112172 -0.306166 -0.382086 0.365225 0.192285 0.154213 0.020871 -0.540168 -0.245597 0.578044 0.159547 -0.131452 0.0555972 0.262052 -0.358198 -0.0716499 0.489159 -0.375875 -0.287428 0.157614 0.0391579 -0.546486 -0.639547 0.13999 0.0365283 -0.144961 -0.491341 -0.199846 0.124168 -0.220293 -0.461119 0.166152 -0.463739 -0.252099 0.127081 -0.725774 0.0319792 0.213901 0.685823 -0.289688 0.0273339 0.129374 -0.315545 -0.612788 0.217706 0.380707 -0.0212148 0.164048 0.15045 -0.164136 -0.667685 1.40659 -0.207624 -0.0715214 -0.622996 -0.899479 -0.139613 0.0415869 -0.459542 0.279146 -0.032307 -0.443293 -0.529345 0.868148 -0.299164 0.391914 0.262503 0.276661 0.224065 -0.564549 -0.251776 0.236763 0.832035 -0.0628784 -0.32525 0.113105 0.552374 
-0.280855 0.333362 -0.189574 -0.424505 -0.358072 0.550326 0.113374 0.892914 -0.392917 -0.129763 0.186294 -0.653124 -0.134414 -0.130678 0.547388 -0.115607 -1.21406 -0.365469 -0.0809787 -0.385975 -0.576636 0.468552 -0.655501 -0.0451717 0.602799 -0.0271834 -0.0180998 -0.539267 0.616285 0.369617 0.561638 -0.407709 0.128546 -0.240371 -0.539676 0.103572 0.56047 0.607005 -0.843552 1.10842 -0.33166 0.429149 0.000560972 0.29912 -0.0815425 0.423388 -1.06082 0.0500342 -0.00849109 0.230404 -0.261237 0.00123979 -0.301345 0.444027 -0.111064 0.309786 0.0925132 -0.847251 0.308329 -0.288104 0.24916 -0.0908236 -0.00273111 -0.291198 0.618847 -0.602529 -0.233314 -0.011376 0.0406305 -0.449535 -0.354507 -0.246537 0.262688 -0.0831374 -0.139219 1.62954 -0.0324941 0.665715 0.360343 -0.110333 0.22138 0.259579 0.323481 -0.626478 0.086845 0.200891 -0.272404 -0.377059 -0.289263 0.109567 0.4823 -0.314779 0.0641889 -0.12131 -0.157648 -0.0774852 -0.358948 0.0706259 0.395465 0.477808 
-0.26689 -0.0676102 -0.913906 -0.251647 -0.406195 -0.11351 -0.270562 -0.372396 -0.11351 0.44992 -0.422682 -0.494456 0.0114296 -0.565156 0.479062 -0.110505 -0.130463 0.334375 -0.538794 0.272132 0.528789 -0.139894 -0.282189 -0.456485 0.520482 0.555896 0.320225 0.282944 -0.462503 -0.288076 -0.165703 0.312893 0.57762 -0.100013 -0.394175 -0.585828 -0.0093549 0.896403 -0.347992 -0.0206952 -0.362388 -0.462475 -0.078608 0.56743 0.129019 -1.10568 -0.0139351 -0.279941 -0.0826555 -0.33424 0.224092 -0.527675 0.0220541 -0.23872 0.0329075 0.000632843 0.334689 -0.20725 -0.135662 -0.0174675 -0.357983 0.167772 -0.256067 -0.47889 0.159266 -0.0934214 0.146006 -0.220788 0.102016 0.589203 -0.0704357 0.64518 0.500655 -0.152261 -0.0402913 -0.0696683 1.44385 0.409154 -0.937576 0.749671 -0.330133 0.0526511 -0.353686 -0.574452 0.0847692 0.481762 -0.278063 0.832322 0.0661255 0.561979 -0.692433 -0.146131 0.280444 0.112881 0.223849 -0.449306 -0.0125551 -0.345274 0.0737512 -0.682028 
0.166184 -0.59696 -0.669994 0.37825 -0.814982 -0.00831395 -0.363341 0.354465 -0.434154 -0.555316 0.253469 -0.245556 -0.0763019 -1.0908 0.408006 -0.096312 -0.718089 0.096572 0.3895 0.549843 -0.123291 0.9323 -0.0870224 -0.502787 0.237277 0.716264 0.0154204 0.0242009 0.126275 -0.150968 0.467944 0.137328 0.165155 -0.174055 -0.501304 0.221625 -0.0159188 0.199533 -0.405655 0.194187 0.14958 -0.342644 -0.854272 -0.241814 -0.0655149 -0.0889146 -0.277503 0.0445161 -0.0273155 0.538633 0.174786 0.0743638 -0.39037 0.332785 -0.239593 -0.177756 -0.0496036 -0.982678 0.301594 -0.344177 -0.302605 0.0339045 0.0702949 -0.860318 0.0632311 -0.580104 0.593318 -0.0180983 0.479473 -0.0129103 0.151422 0.203204 0.320041 -0.663665 -0.564027 0.656279 0.436893 1.56918 0.736563 0.214797 0.13079 0.211967 -0.60342 -0.281766 0.167529 0.14081 -0.637335 0.641352 -0.31542 0.0130741 -0.499572 -0.044306 0.120661 0.382825 -0.0663741 -0.0697787 -0.113991 0.533405 0.00718162 0.449559 
0.763535 -0.28726 0.39651 -0.217602 -0.556383 -0.257761 -0.460955 0.424186 -0.642094 -0.633028 0.240106 0.481396 -0.484156 0.0406945 -0.166263 -0.270881 -0.476835 -0.176183 0.678642 0.0391914 -1.02469 0.112708 0.0760229 -0.00321197 -0.130454 -0.00119722 -0.395298 0.019976 -0.171292 0.522509 0.776208 -0.244246 -1.20198 0.363289 -0.000740156 0.532668 -0.681176 -0.495677 -0.452177 -0.188108 0.00866246 0.0538018 -0.269877 -0.931262 -0.0391169 0.599393 0.0432123 0.298724 -0.0327855 0.830463 0.189299 0.585167 0.144749 0.828139 -0.376633 -0.282875 0.212514 -0.0842614 -0.129811 0.15311 0.129486 -0.578144 0.178293 -0.447609 0.0642124 -0.11374 1.20192 0.0946012 0.377219 -0.0544559 -0.208516 -0.465951 -0.207366 0.479079 -0.843252 0.348166 -0.912579 0.733821 2.344 -0.535662 0.728729 0.0452595 -0.568126 0.495143 -0.444208 0.656067 -0.439276 0.0399668 -0.932429 -0.795012 0.125343 0.140486 -0.118358 0.0103521 -0.385004 -0.205103 -0.421344 0.864938 -0.47038 0.797489 
-0.256364 -0.460591 -0.0984598 0.716598 -0.677423 0.622983 0.274655 -0.0815532 0.377733 0.565146 -0.800659 0.0939385 0.0543233 0.220263 0.732518 -0.0595904 -0.248912 0.745061 -0.422556 -0.191076 0.154332 0.0233997 -0.800974 -0.895892 0.103754 0.761818 -0.538859 -0.280954 -0.128296 -1.04923 -0.309922 0.544426 0.766792 -0.0704103 -0.322776 -0.330025 -0.217402 0.384267 -0.0832841 -0.121987 -0.753634 -0.602635 -0.294748 0.400688 0.237748 -0.440523 0.286087 -0.14335 -0.0682657 0.0935256 0.146031 -0.282416 0.499319 -0.38565 -0.0633456 -0.0799604 0.289411 0.225705 0.563026 -0.113127 -0.320755 0.23233 0.164021 0.000334065 -0.0789682 0.223662 -0.193344 -0.658621 0.38102 0.458107 -0.168383 0.510947 -0.0430658 0.283283 -0.10117 -0.140294 0.756883 0.194271 -0.553446 1.66862 0.072503 -0.187977 -0.382255 0.460743 -0.549483 -0.0951589 -0.700879 0.0175845 0.0202821 0.0952213 -0.187033 -0.984244 -0.321166 -0.0332337 -0.484433 0.213798 -0.920671 0.173708 -0.0927969 -0.360382 
-0.0556382 -0.0146223 -0.200088 -0.104574 -0.348245 -0.029302 0.121003 0.41862 0.233805 -0.379576 0.317827 0.488683 -0.214057 -0.0716784 -0.34683 0.149846 -0.200616 0.078957 0.197478 -0.883956 -0.59446 -0.426435 -0.0811359 -0.369819 0.00750382 0.349629 -0.308364 0.296835 0.129395 -0.0176883 0.744838 -0.121614 -0.544315 0.420725 0.420541 -0.51267 -0.507966 0.308885 -0.749361 0.682086 -0.0669276 -0.294647 0.310466 -1.13628 -0.742629 -0.0806323 -0.281328 0.26076 -0.0847983 0.209665 -0.218539 -0.0335562 -0.225103 0.455749 0.474555 -0.362084 0.105949 0.243142 0.243065 0.393358 0.443863 0.180554 0.291592 0.254225 -0.305641 -0.379739 0.0717038 -0.14765 -0.040338 -0.189026 -0.512205 0.606575 -0.146691 0.0556636 0.071743 0.183132 -0.331207 0.101977 0.702658 0.0642162 1.40114 -0.019068 -0.435669 0.197268 -0.629117 -0.0448306 0.54089 -0.206255 -0.00677957 -0.16645 -0.64532 -0.760032 -0.488689 -0.373172 0.159062 0.159211 -1.09773 0.250998 -0.814907 0.299796 
0.467404 0.413181 -0.416003 -0.560125 0.342519 1.04262 -0.141185 -0.631238 -0.0038106 -0.643328 0.164243 0.120441 -0.0505254 -0.297083 -0.0188554 -0.317494 -0.0700048 0.0822263 -0.155322 0.797082 0.0387806 0.456598 -0.314708 0.250312 0.490366 -0.0904182 -0.160286 -0.100805 -0.609577 0.00123093 -0.236809 -0.282895 -0.10844 -0.203389 0.0159526 -0.163871 0.235129 0.369289 0.327649 -0.170396 0.34607 -0.279598 -0.290273 -0.415049 -0.512215 0.168381 -0.524336 -1.29824 -0.0674617 0.209111 0.238917 -0.117444 -0.0643674 0.52936 0.855989 1.24156 0.389575 -0.476996 0.488552 -0.167488 -0.107865 -0.305283 0.385905 -0.678159 0.570792 0.461025 0.395425 -0.160804 -0.821289 0.0334918 0.113576 -0.898361 -0.167959 -0.369062 -0.420696 0.230021 0.0602668 0.191844 0.0278784 -0.187574 -0.0103782 1.77707 -0.303312 -0.468268 0.660866 0.0272168 0.335517 -0.829649 -0.264657 0.440441 -0.480208 -0.323545 -0.525305 -0.335266 0.238788 0.161216 -0.486324 -0.307082 -0.919734 -0.244511 
0.165779 -0.438745 0.27044 -0.116267 0.656512 -0.145703 0.747688 -0.259543 0.379541 0.247023 0.0227741 -0.291174 0.028927 0.560497 0.148686 -0.255584 0.0770695 -0.308357 -0.557022 -0.449887 -0.269804 -0.0779384 -0.314001 0.0794301 -0.157518 -0.538261 0.499466 -0.210812 0.524325 0.388137 -0.15329 -1.06013 -0.470599 -0.892756 -0.578041 -0.0012165 0.53549 -0.0610378 -0.112149 0.134234 -0.428236 0.593403 0.230802 0.597766 0.0708086 0.630814 -0.29935 0.189547 -0.141741 -0.575401 -0.164853 -0.123741 -0.383871 -0.179924 0.330822 -0.0532953 -0.240496 -0.0637961 -0.26079 -0.179633 -0.0963207 -0.698116 -0.342805 0.469983 0.357882 -0.564494 -0.589723 -0.11208 -0.00245863 -0.315126 -0.158239 -0.155582 -0.254486 -0.195006 0.28076 0.256691 -0.383302 -0.660775 -0.622739 -0.419084 -0.464212 -0.340544 1.37595 -0.231173 0.0969021 -0.680589 0.0017543 -0.498329 0.628207 0.0044025 0.367517 -0.231335 0.39176 0.123629 -0.809422 -0.525171 0.600869 -0.257208 0.285506 -0.0331437 
0.0662095 -0.75772 0.336762 0.932706 -0.0926572 0.0366949 -0.695042 -0.179047 0.135965 -0.21024 -0.114026 0.707632 0.496135 0.549596 0.0855294 -0.419187 0.137417 -0.157465 -0.0202991 -0.0763268 -0.46157 -0.287069 -0.362843 -0.136484 -0.538852 0.256104 -0.00209461 0.201611 0.598697 -0.0886261 -0.347202 0.716855 -0.0583558 0.566672 -0.668981 -0.0187589 0.0583557 -1.21412 0.528795 -0.189334 -0.269191 0.186139 0.314657 -0.41749 -0.0390221 -0.0790856 0.615723 0.173774 -0.035135 1.37611 0.583964 -0.0492891 0.723541 -0.774425 0.459564 -0.408995 -0.322067 0.889244 -0.389663 0.303194 -0.484401 -0.134391 0.331346 0.132413 -0.758731 0.508886 -0.287571 0.322242 -0.279372 0.112006 -1.11639 -0.0481324 -0.315185 0.195816 0.0227423 -0.639833 -0.550633 -0.285686 0.493965 0.477349 0.222162 -0.452064 -0.177738 2.13782 -0.486909 -0.289623 -0.762708 -0.712888 -0.151396 0.183991 -0.113417 -0.0316631 -0.365907 -0.270064 -0.814155 -0.0228369 -0.429927 0.920762 -0.197752 0.199783 
0.0992153 -0.161065 0.434972 0.0115305 0.286292 0.119878 -0.0448298 -0.689672 -0.545474 0.0407842 0.675201 -0.527133 -0.212471 -0.171383 0.0758249 0.357574 -0.440996 -0.677604 0.253136 0.823745 0.547769 0.853189 0.0822026 0.167098 -0.171356 -0.078321 -0.452083 -0.0899222 -0.314336 -0.21771 0.0318252 -0.402428 -0.10464 -0.629582 -0.576178 -0.128678 0.0130658 -0.174142 0.220338 -0.476447 0.869706 0.658615 0.12166 0.151057 0.193417 0.225854 -0.374024 -0.829214 -0.0961482 0.0425153 -0.297657 0.14289 -0.497233 0.0297446 0.0679322 0.576523 -0.0178384 -0.408607 -0.12132 -0.856993 -0.243445 -0.250407 0.405425 -0.233967 -0.591108 0.0536255 -0.582745 0.737521 -0.526019 -0.449232 -0.0823564 0.15536 0.329979 -0.853343 -0.418826 0.0429078 0.0780062 0.133027 -0.475967 -0.563458 -0.634806 0.646487 0.119755 -0.517492 1.68863 0.115359 -0.154113 -0.151374 0.0138408 0.800619 -0.418847 0.30496 0.350264 -0.438088 0.793935 -0.264496 0.522265 -0.30893 -0.371234 -0.969102 
-0.00503706 0.673539 0.185779 -0.799988 -0.324566 -0.254651 -0.861565 0.134684 -1.04704 0.377198 -0.201088 -0.502524 -0.692192 0.0912533 0.286816 0.0251816 -0.591279 -0.378198 -0.0385526 0.10906 0.0542119 -0.584503 -0.261496 0.193993 0.150653 0.172861 -0.350688 -0.0327337 -0.872879 0.522702 0.455441 0.00875841 -0.300022 0.356312 -0.247984 -0.294178 -0.386547 0.261837 -0.523006 -0.288027 -0.0954606 -0.0327713 0.4046 0.391571 0.447652 -0.611023 0.254551 -0.249025 0.00110947 0.241766 0.0725193 0.093683 0.478877 0.504755 -0.523001 0.153548 0.931105 0.364186 -0.806728 0.175501 0.338722 -0.353857 -0.236196 -0.316583 0.156555 0.255473 0.743562 0.475899 0.136998 0.404094 -0.367467 0.158462 0.466037 0.839852 -0.456129 0.205703 0.523749 0.155058 0.673056 -0.0603853 -0.00177028 0.0615873 -0.608987 -0.271456 0.164108 1.74352 -0.410519 0.578228 -0.84893 0.36732 0.182087 0.22559 0.221477 -0.441959 0.677941 -0.584154 -0.36535 -0.178075 -0.0992802 -0.517317 
0.0882533 0.642391 -0.083593 -0.679205 0.513998 0.160814 0.318488 -0.0621344 0.428836 -0.425531 0.621615 -0.156804 -0.0912839 -0.281718 -0.65621 0.514285 0.95081 0.388051 -0.393817 -0.521457 -0.269373 -0.905201 0.212899 0.284242 0.0110241 -0.502372 0.136358 0.570178 -0.214705 0.106554 -0.365687 -0.66725 -0.282995 0.493908 0.744904 -0.371387 -0.14899 0.357287 -0.441779 0.341999 0.387387 -0.320415 0.197377 -0.799454 -0.832734 -0.118761 -0.355116 -0.127672 -0.0910438 -0.878679 -0.344274 0.206112 -0.481648 0.287308 0.450905 -0.224878 -0.138215 0.0220429 -0.17181 0.0504673 0.19313 0.666375 -0.0293125 0.0436292 0.0125827 -0.105405 -0.171332 -0.21804 -0.140087 -0.253048 0.730226 -0.0456771 -0.174083 -0.541304 0.895173 -0.313782 -0.282268 -0.669278 -0.468478 -0.712296 0.53776 0.323697 0.0271658 -0.790731 -0.151555 -0.45671 1.76034 -0.148231 0.0706041 -0.211632 -0.365082 0.292708 -0.702287 -0.43728 0.656797 0.638847 -0.0908587 -0.611374 -0.398735 -0.00593997 
-0.174704 -0.377022 -0.590129 -0.22401 -0.415516 -1.12489 -0.179467 0.24363 -0.232265 0.28134 -0.000210624 -0.381243 -0.396751 -0.710078 -0.354272 -0.0926628 0.0807033 0.487765 0.084319 0.101137 0.585938 -0.0488305 0.601529 -0.262539 -0.249431 0.483303 0.0702598 0.364453 -0.317572 -0.0646291 -0.087599 0.105134 0.00600243 0.176875 -0.0636263 -0.281059 -0.459581 0.465727 -0.679893 -0.429877 0.278925 -0.548195 -0.416854 -0.0559043 0.403057 -0.498495 0.274865 0.515948 -0.0908941 -0.672601 0.206603 0.198413 -0.326595 0.0713048 -0.912522 -0.812127 0.142631 -0.287598 -0.465876 0.295885 -0.159053 -0.143175 -0.465058 -0.168466 -0.583381 -0.522327 0.557686 -0.373825 0.834891 0.116328 0.671755 0.761089 0.550447 0.0223123 -0.272064 -0.418362 0.828193 0.609484 0.0108405 0.00624219 -0.209311 -0.841394 -0.472843 -0.740837 -0.14874 0.532112 -0.148156 1.91499 -0.279509 -0.375633 -0.628978 0.551138 0.369596 0.605289 0.400946 -0.941957 0.531479 0.100502 0.700825 -0.579278 
-0.227817 -0.599038 -0.495444 0.681292 0.486 -0.686105 0.429312 -0.605754 0.492713 -0.136723 -0.277049 0.272788 0.11187 -0.314082 -0.336579 -0.00325912 0.0918211 -0.622962 0.0455 -0.474467 0.42662 0.0419103 0.182985 -0.474239 -0.195082 -0.0899379 0.526903 -0.11393 -0.0158825 -0.18861 0.592741 -0.127263 0.0845794 -1.27074 0.392878 0.111075 -0.0100463 -0.148932 0.715162 0.117663 -0.384385 -0.0795649 0.0500684 0.207263 -0.406416 -0.352433 0.258301 0.0592611 -0.0915906 -0.64814 -0.377324 -0.643592 -0.615587 -0.32936 0.585524 0.137687 -0.319173 0.0159428 0.259885 0.15656 0.525576 -0.186209 -0.156915 0.661724 0.288217 -0.642871 -0.435935 0.242378 -0.104256 0.15481 -0.386154 0.679259 -0.334919 -0.5222 0.418666 -0.330916 0.0616469 -0.347637 -0.961905 0.00859076 -0.0101841 -0.276751 0.653345 -0.179693 0.0161253 -0.895395 0.07033 -0.279858 1.6275 0.368422 -0.241022 -0.88695 0.61078 0.538979 -0.125167 0.140402 0.300279 -0.391242 -0.587715 0.453185 
-0.200196 0.0215181 -0.257694 0.424244 0.535443 0.211916 -0.700517 -0.300315 -0.25405 -0.199081 0.389385 -0.562739 -0.0799758 -0.40847 0.427853 0.0986177 -0.354828 -0.697029 -0.377887 0.14979 0.565564 -0.133278 -0.678241 0.0385585 -0.242738 0.590969 0.18161 0.0788754 -0.0541263 0.280011 0.152293 -0.154962 0.474215 -0.393695 -0.943493 -0.638611 0.670341 -0.1686 0.243215 0.134459 0.23025 -0.0775709 0.396714 0.438276 -0.16732 -0.629934 0.232268 -0.688904 -0.020397 0.555653 0.0950692 -0.311516 -0.156876 -0.144896 0.836486 0.454322 0.443375 0.23933 -0.719018 -0.0286269 0.196741 -0.266728 -0.0560113 -0.0236051 -0.114501 -0.192703 -0.423645 0.890716 -0.314511 0.00992732 -0.740255 0.585411 0.248161 -0.631919 0.32494 0.103599 0.593185 0.0165419 -0.788803 0.119215 -0.13417 0.464032 0.065225 0.191378 0.838588 0.35654 -0.176221 -0.340297 0.404107 1.60961 -0.460727 -0.437797 -0.0340753 -0.541734 0.623259 -0.194452 -0.384987 -0.308911 -0.486683 -0.45586 
-0.569943 0.719423 0.780716 0.0588607 -0.197182 0.227048 -0.108835 0.626417 -0.663797 -0.0236076 -0.770299 -0.664528 -0.338501 0.324484 0.342955 0.137548 -0.326411 -0.58983 -0.128157 -0.320225 -0.433515 -0.326118 -0.31712 0.306696 -0.35827 -0.806514 -0.305076 -1.25315 0.0743605 0.125846 -0.167144 -0.256509 0.147461 -0.318456 0.293969 0.646434 0.360381 -0.881928 0.288505 -0.0270133 -0.444265 0.0655616 -0.469584 1.0492 0.237768 0.30227 0.221208 0.204197 -0.0573088 -0.133127 -0.4735 -0.00599597 0.584076 0.0675787 -0.897577 0.0168537 -0.0504438 0.109561 -0.118267 -0.39865 0.477947 0.127219 -0.547668 0.317945 0.790857 0.250826 -0.153897 0.253878 0.177525 -0.079754 0.35918 -1.03702 -0.198504 0.740531 0.320596 0.457831 -0.679728 -0.514606 0.113051 -0.181541 -0.631541 -0.475119 0.409838 -0.124532 -0.399379 0.152806 -0.348173 -0.612143 -0.223839 -0.479228 1.99965 0.130337 0.0610157 -0.0132334 -0.332167 0.72882 -0.011755 -0.356281 0.854577 0.684607 
0.062948 0.147195 0.112463 -0.729449 -0.022429 -0.468542 -0.884803 -0.188608 -0.710177 -0.116085 0.425487 -0.58487 0.27813 -0.24779 -0.512194 -0.0623089 0.382876 -0.0662966 -0.154012 0.424578 -0.373513 -0.379818 0.404231 0.463977 0.199664 -0.994007 0.343703 0.589549 -0.0456512 0.210223 -0.964483 0.393201 0.0289778 0.934014 -0.293668 0.638047 -0.253898 -0.407526 -0.147441 -0.217551 0.262024 0.710841 0.184776 -0.290335 0.201715 -0.317591 -0.37954 0.0241758 -0.104762 -0.137406 0.2678 0.590781 0.0294156 -0.596195 -0.835328 -0.43971 -0.671809 -0.447928 -0.8388 -0.280121 -0.787097 0.560518 0.0790495 -0.932997 -0.499679 0.428052 -0.114334 0.271787 -0.0572665 -0.0751145 0.302771 -0.665224 0.380858 -0.425072 0.244215 -0.363034 -0.157211 -0.0831252 0.104408 -1.00254 -0.770038 -0.342241 -0.212799 -0.0665628 0.300642 0.172523 0.285832 0.544187 -0.893552 -0.480084 0.106551 2.13733 0.0442127 -0.00346764 0.303169 -0.059516 1.33747 0.23713 0.820087 -0.067066 
-0.119147 -0.416399 -0.175054 -0.291725 -0.559532 -1.10545 0.185125 -0.636375 -0.524823 0.516613 -0.500804 0.00962487 0.0549934 -0.0190727 0.240412 0.0376814 -0.348336 -0.865202 0.398346 0.329185 0.0027053 0.406095 0.67408 -0.203996 0.347513 -0.312678 0.543102 -0.0437064 -0.140219 0.132016 0.88375 -0.0666934 -0.724779 -0.879991 0.202716 0.0847122 -0.365158 0.0266572 0.0645997 -0.154858 -0.322156 0.701774 0.130495 0.694043 0.243584 -0.36463 -0.0936171 0.435916 -0.0793673 -0.268547 -0.402987 -0.79861 -0.141226 -0.15035 -0.21475 -0.229738 -0.387955 -0.0973122 0.0583681 -0.435127 -0.155974 -0.189753 -0.290541 0.131694 0.255258 -0.279474 0.0337172 0.499897 -0.383637 0.333263 -0.583345 0.427307 0.258765 0.133792 -0.531671 0.0286629 0.282092 0.0945702 -0.141707 -0.326731 -0.485967 -0.531272 0.423024 -0.388078 0.358675 0.181139 -0.696434 0.375374 0.616907 -0.0636335 0.0499591 0.0569414 1.49316 0.412877 -0.321002 -0.572352 0.981203 -0.301686 -0.0269668 -0.0999912 
-0.150136 -0.613261 -0.890394 0.16966 0.130002 -0.787343 -0.012898 -0.0375523 0.205874 -0.290112 -0.532906 0.248045 0.0333743 -0.505925 -0.729593 -0.849614 -0.150597 0.0333552 0.139698 -0.0809666 0.341417 0.394252 0.379996 -0.317383 -0.0217438 -0.223161 0.40378 -0.302299 -0.0316819 -0.0994925 -0.0805662 0.385774 0.25582 -0.655269 0.22343 0.661083 -0.0856978 0.0114452 0.447539 -0.187436 -0.384791 -0.326001 -0.605748 -0.0872485 0.0602596 -0.0176509 0.0495091 0.169524 -0.114774 -0.611474 0.319123 -0.0762845 -0.352709 -0.22283 -0.436343 0.13085 -0.26718 -0.655987 0.325469 0.573555 0.166364 -0.559188 -0.230567 -0.0282536 0.260066 -0.430476 0.358148 -0.563846 0.356607 0.142539 0.216833 -0.240264 -0.139595 0.00235924 -0.236645 -0.174583 0.0967819 0.338988 -0.0307437 -0.0565454 -0.388197 -0.35898 0.137146 -0.309982 -0.447424 -0.500044 -0.449175 0.593319 0.527359 -0.589039 -0.0420372 -0.00848602 0.39513 1.20843 -0.466147 -0.507661 0.619793 0.285356 0.438144 0.563817 
-0.61158 0.796265 0.0584454 -0.161775 0.369459 -0.207328 -0.639462 0.187524 -0.599889 -0.167688 0.592406 -0.574023 -0.591803 -0.598978 -0.831732 0.586714 -0.406501 -0.498656 0.329821 -0.241326 0.846595 -0.258864 0.18947 0.136623 -0.277591 -0.0315399 -0.80154 -0.0279813 -0.786332 -0.241601 0.209456 0.359983 0.642955 0.233813 0.429957 -0.0936121 -0.484856 0.133477 0.0163724 0.00116281 0.80674 -0.139355 0.421313 -0.459674 -0.116709 -0.600618 -0.0537359 -0.658795 -0.0197297 -0.454744 -0.433759 0.478055 -0.451586 0.195721 -0.480703 0.466283 0.396174 -0.11685 -0.327215 0.130025 0.872574 0.416423 0.337541 0.0340996 -0.725496 0.0544914 -0.373687 0.651611 -0.015887 -0.311597 0.154521 0.597488 0.419105 -0.361085 0.299534 -0.163281 0.25539 -0.0625718 -0.37846 -0.460105 0.191677 0.262713 -0.748265 -0.806433 0.832239 0.667495 0.692543 0.436616 -0.0891471 0.623594 -0.313331 0.34579 -0.291109 -0.418507 1.97054 0.306107 -0.216591 -0.426396 -0.313041 -0.50271 
-0.0262708 0.405678 0.598169 0.790396 -0.486976 0.789701 -0.0420389 -0.0817487 -0.202784 -0.526077 -0.0791016 -0.244706 0.123082 -0.489553 0.442331 1.17393 0.410394 -0.0495785 0.069528 -0.109479 -0.615505 -0.364172 -0.319363 -0.370821 0.0740241 -0.389457 -0.35615 -0.157026 -0.355896 -0.805817 0.0395983 0.170279 0.556857 0.0847716 0.846042 0.751526 -0.413962 -0.640749 0.488174 0.197853 -0.215343 -0.300785 -0.498403 0.00403537 -0.586488 -0.454833 0.218568 -0.17262 0.0257977 -0.027067 -0.763488 0.0689508 0.137161 -0.0877408 -0.117567 -0.186099 -0.455705 -0.0734034 0.456577 -0.987202 0.121006 1.64265 0.256547 -0.372332 0.551104 0.349408 -0.226077 0.460021 0.209087 0.266795 0.609327 -0.202789 -0.388843 -0.68936 0.917626 -0.0602983 -0.394945 -0.0431563 -0.175739 0.260946 0.214646 0.207961 -0.441194 0.00770492 -0.203372 -0.571779 0.697413 -0.883467 0.199241 -0.171297 0.770476 0.00592562 -0.519639 -0.437201 0.328927 2.37621 -0.397704 -0.360767 -0.640986 1.15156 
0.338293 -0.518766 -0.0391419 -0.365634 0.302924 -0.963858 0.0493883 -0.778158 -0.190428 0.293232 0.126433 -0.206054 0.401637 -0.0714626 -0.354516 -0.135227 0.409111 -0.313453 0.0563996 0.512785 0.0725232 0.26587 0.729335 0.184378 0.300611 -0.93797 0.835588 0.475581 -0.0220464 0.1939 -0.316441 0.00954759 -0.223333 -0.384124 -0.132145 0.819979 -0.198748 -0.133119 0.347917 -0.392627 -0.0442337 0.958883 0.149882 0.332936 0.427088 -0.023115 -0.233745 0.244397 -0.0336921 -0.710599 0.0296545 0.108094 -0.438364 -0.626638 -0.492705 -0.206375 -0.788037 -0.573959 -0.347104 -0.354926 -0.63317 -0.0206801 -0.101471 -0.396445 -0.00484446 -0.115322 -0.143634 0.20788 -0.0085885 0.100558 0.215094 -0.195413 0.158252 -0.55339 -0.00710584 -0.371579 0.0119872 -0.117188 -0.421798 -0.903341 -1.07212 -0.469398 0.655028 -0.429204 0.55357 -0.382794 -0.0621118 0.560151 0.3293 -0.391651 8.26461e-05 1.3731 1.0041 0.660434 -0.22359 -0.427523 1.97203 -0.0421506 0.54238 0.0361578 
0.170665 -0.919074 -0.0764277 0.410649 -0.137104 -0.14599 -0.427118 0.199192 -0.00626877 -0.323588 0.199811 0.283541 0.0720022 0.0419645 -0.413051 -0.682204 -0.507201 0.135478 0.086427 -0.291089 -0.416033 0.221792 -0.351815 -0.429434 -0.178014 0.0753271 -0.273373 0.099024 0.371629 -0.215812 -0.236837 0.477543 0.0669785 0.287977 -0.753147 0.47451 -0.320071 -0.344593 -0.161146 0.0175257 -0.272563 0.200069 -0.0148949 -0.826326 0.092543 0.266257 -0.191575 0.0631078 -0.147681 0.51915 0.524571 0.575589 -0.0802001 -0.356185 -0.299784 -0.201569 -0.231998 -0.330461 -0.0587851 0.331141 -0.31455 -0.415275 0.480546 -0.376578 -0.691372 -0.158286 -0.0408417 -0.293111 0.37643 -0.221908 -0.532325 -0.0571826 -0.0886744 -0.169542 -0.326613 0.000858554 -0.377867 0.473073 0.807348 0.133902 0.219479 -0.347291 -0.260185 0.86435 -0.33476 -0.252655 -0.639763 0.0720386 -0.419357 -0.37271 -0.401579 0.215617 -0.335927 0.268861 -0.49053 -0.447722 -0.0992863 1.09552 0.100102 0.312372 
-1.12186 0.298648 -0.339913 -0.258914 -0.259878 -0.219307 -0.138608 1.13494 -0.159816 0.148483 -0.324673 -0.768228 0.13533 -0.116191 -0.141618 -0.555079 -0.237076 0.2203 -0.311958 -0.100089 0.213694 0.173639 0.225141 0.438043 -0.351753 -0.202407 0.154253 -0.710438 1.05313 0.133404 -1.06731 0.236793 0.631668 0.432684 -0.387593 -0.187062 0.966689 -0.173559 -0.437839 0.290599 0.207786 -0.0535478 -0.541443 0.592984 0.385657 0.307231 -0.341966 0.634323 -0.0941832 -0.171936 0.25401 -0.00685529 0.232269 -0.434136 -0.987858 -0.522088 -0.426215 -0.370475 -0.225558 0.169234 -0.298547 -0.0142485 -0.642296 0.226814 -0.396568 -0.0862316 -0.582727 -0.521369 0.10298 -0.599536 0.526792 -0.661865 0.473106 0.422945 0.138557 0.352513 0.0679731 -0.0263351 -0.501155 -0.105788 -0.819611 -0.933128 0.309344 -0.227349 -0.370249 -0.147045 -0.400308 0.699176 -0.589015 -0.523668 0.836094 0.82539 -0.0343931 0.448465 -0.35036 -0.701125 0.51206 0.126917 2.16785 -0.348401 
0.282383 -0.186342 -0.358816 0.596147 0.0581241 -0.193048 -0.529555 0.392176 -0.134569 -1.0239 -0.106994 0.0934829 0.164172 -0.697733 -0.162551 -0.112992 -0.147883 -0.469355 0.150505 -0.633243 -0.86395 -0.334961 -0.338351 -0.331561 0.250801 -0.494816 0.668959 -0.0685867 0.133056 0.37009 0.63316 0.223818 0.287757 -0.300514 0.326806 1.45567 -0.056786 -0.567877 0.474666 0.680644 -0.899769 -0.133248 -0.354343 -0.232402 -0.51291 -0.212342 0.138821 0.351337 0.0590775 0.130088 -0.0658258 0.205171 -0.265598 0.00608036 -0.0770498 -0.054071 -0.389916 -0.56594 0.0382042 0.236089 0.594053 0.356317 -0.102271 -0.464522 1.16515 -0.56488 0.555475 0.290537 0.698227 0.330545 -0.08926 -0.429495 -0.519791 -0.424641 0.654646 0.511676 -0.610986 0.492863 0.843534 -0.296552 0.371913 -0.181085 0.0675145 0.247006 -0.891297 -0.488261 0.0693067 -0.504107 0.528706 -0.416025 0.742945 0.0150567 -0.0305972 0.650958 -0.463209 1.16825 0.0826576 0.416007 -0.271581 2.32694 
