2.01798 0.114614 -0.0532219 -0.770834 -0.183348 0.401095 0.730002 -0.47279 0.248015 0.222322 -0.738443 0.0213571 -0.462681 0.500938 -0.656451 -0.826216 0.106228 0.228074 -0.95437 -0.210203 1.09661 -0.115254 -0.188167 -0.272234 0.0754538 0.137336 -0.727276 0.459085 0.00352739 0.693943 0.225296 1.04748 -0.1642 -1.32899 0.1793 0.276924 -0.156635 1.08036 1.01638 -0.110191 -0.285885 0.43786 -0.0571093 0.276924 0.0547626 -0.503517 -0.132081 0.419867 -0.799835 0.536418 -0.102218 -0.255669 0.191377 0.566244 0.571613 0.614499 0.287121 -0.130735 0.588162 0.0219694 -0.414924 1.31801 -0.437782 0.981053 
0.0260546 2.92339 0.254036 -0.810086 0.315366 0.395145 -1.51609 0.336953 0.209818 0.0601059 0.504224 0.0634889 0.556085 0.179038 0.954085 0.250741 -0.951246 0.299028 -0.758694 0.684526 -0.0846237 -0.604783 -0.708581 -0.174293 -0.397235 -0.158587 0.0597561 0.573535 -0.122431 0.853239 0.295459 -0.297274 -0.241518 -0.931996 0.193218 -0.181388 0.756925 0.735249 -1.51088 1.28613 -0.579381 0.422793 -0.400811 -0.181388 0.398369 0.526963 0.428456 0.0250067 -0.360229 -0.225849 0.828859 -0.586117 0.140216 -1.29795 -0.00577631 0.483501 -0.54985 0.743625 0.530732 0.536411 -0.932418 -0.744266 -1.95958 0.0119207 
-0.0316553 0.364162 1.21133 0.811201 -0.433445 0.718787 0.241052 0.469801 -0.138196 0.151418 -0.392625 0.127805 -0.170996 0.234919 0.95273 0.628901 -0.0586133 0.145627 -0.372175 0.697574 -0.143043 0.346522 0.0866766 -0.167236 -0.110003 0.0784021 0.806786 0.575114 0.0543921 0.317738 0.72098 0.161736 -0.506952 0.458763 0.104441 0.204257 0.105609 0.516724 -0.612328 0.286817 -0.320959 0.0511671 0.34351 0.204257 0.627353 -0.651881 0.463266 0.790488 0.428756 -0.239757 0.113594 -0.489726 0.183646 0.269923 -0.704176 0.00915265 0.155131 -0.538472 -0.497046 -0.806048 -0.221177 -0.310007 0.399421 -0.0862123 
-0.869108 -0.8198 0.69136 3.29609 -1.08134 -0.250812 0.0951554 0.323115 -0.734438 1.04577 -0.0179525 -0.328285 0.510939 0.38088 0.294805 -0.336027 0.74732 0.435209 -0.237221 0.788311 -0.558868 -0.145888 -0.387951 -0.0489366 0.0136301 -0.894452 1.08762 0.0543711 0.479955 -0.20811 1.37934 -1.13046 -0.00657825 0.631998 -0.283923 -0.678163 0.699457 -0.653094 -0.188833 0.111557 -0.536675 -1.08516 0.279448 -0.678163 -0.36432 -0.799848 0.888739 -0.808296 0.135013 -0.367369 -0.267369 0.463067 -0.481599 0.682893 0.685897 0.513497 0.0542166 -0.458547 -1.56025 -1.65478 1.37108 -0.249153 0.757258 0.221161 
-0.224155 0.363119 -0.495818 -1.02387 2.71674 -0.927075 -0.760255 0.0871895 1.29323 -0.461352 -0.466568 0.726897 -0.666256 -0.714281 -0.173797 0.32461 0.308603 0.410929 0.577101 0.72552 -0.435343 -0.2476 -0.0406426 0.973739 0.0824855 1.10127 -0.280462 0.780875 0.774051 -1.10818 -0.89554 -0.467523 0.681613 -0.0577124 0.258675 0.761932 0.20841 -0.218282 0.641763 -0.415786 -0.254462 -0.288566 -0.204498 0.761932 -0.75561 1.74815 -0.127287 -0.357001 0.028835 -0.775073 0.465728 -0.0388528 -0.66076 0.130059 -0.359084 0.54818 0.596531 0.233972 -0.261928 1.13719 -0.753772 -0.573639 -0.485648 0.152668 
0.361035 0.443645 0.657161 -0.192597 -0.926329 3.43241 0.509555 0.559177 -0.0121101 -0.531674 -0.39826 -0.0841582 0.0302993 -0.332592 0.948638 0.191543 0.259678 -1.45468 -0.684868 -0.383042 1.44715 0.131965 0.267425 -0.908237 -0.366402 -0.860156 1.39707 -0.0200377 -0.479678 1.2238 0.0718662 -0.761673 0.423397 0.734975 -0.724062 0.0367158 0.773143 0.348564 0.0483057 0.804945 -0.423147 1.11465 -1.43137 0.0367158 0.30113 0.793532 -1.47391 0.380355 0.273386 0.364008 -0.739072 -0.638333 0.594462 -0.562362 -0.311849 -0.626924 0.343013 -0.815875 0.313504 -0.714015 -0.588999 0.188884 0.377519 0.935879 
0.710424 -1.44711 0.199907 0.173852 -0.739026 0.530038 2.87849 -0.604597 -0.149978 0.434903 -0.771745 0.333092 -0.598739 -0.643157 0.455026 0.126148 0.97679 0.160014 -0.0301215 -0.585239 -0.12652 0.121016 0.404703 -0.664131 0.200638 0.10189 -0.0650137 0.256607 -0.491125 0.510923 -1.20435 0.891944 0.767081 0.123642 -0.452233 -0.208104 -1.08182 1.19863 0.0651389 -0.837761 0.316786 0.171235 -0.0388658 -0.208104 -0.682383 -0.472916 0.803708 -0.183479 0.702522 0.511566 -1.46753 -0.0417789 0.646873 0.384391 0.415818 0.105783 0.606058 0.0109779 1.19712 -0.990045 0.561579 0.520216 1.4377 -0.243407 
-0.495539 0.402764 0.425486 0.39864 0.105247 0.576488 -0.607768 2.32824 0.0356184 -0.023966 0.901015 -0.504047 0.778313 -0.227824 -0.457354 0.772767 -0.801841 -0.721273 0.988454 0.445174 -0.542374 -0.138152 -0.360142 -0.118464 0.301959 -0.121669 0.540568 -0.276485 -0.241165 0.914241 -0.0392001 -1.18426 0.0691104 -0.246782 -0.0438543 -0.287688 0.0737972 -0.124285 -0.749988 -0.182219 0.181577 0.513634 0.481675 -0.287688 0.541356 0.615023 0.570981 -0.242857 0.0922499 -1.06469 0.561045 0.491944 0.390572 0.46188 -0.988387 -0.173503 0.611478 -0.826044 -0.917678 0.261537 -1.16064 0.87426 0.894042 1.33768 
0.20502 0.255382 -0.202758 -0.679159 1.29104 -0.015046 -0.173396 0.0153716 2.74878 0.827331 -1.1675 0.497522 -0.652045 -0.367124 0.714536 1.19722 0.0209692 0.58956 -0.22606 -0.402686 0.710503 -0.293949 0.155098 -0.493877 -0.100277 0.635373 0.151251 -0.460444 0.0215833 -1.6111 -0.227397 -0.130595 -0.27748 -0.071383 -0.626381 -0.532837 0.797154 -0.555072 1.24748 -0.623764 1.30408 0.62645 -0.850047 -0.532837 0.200811 1.02778 0.928859 -0.425521 0.0883905 -0.48092 0.000883367 -0.434641 0.0873293 0.59954 -0.166319 0.588443 -0.756711 -0.116764 -0.117848 0.757839 -0.926344 -0.00310308 -0.75632 0.651338 
0.181933 0.108276 0.0894625 1.10366 -0.460934 -0.532004 0.414092 -0.0416061 0.829938 1.97344 -0.245162 -0.355751 -0.105448 1.05877 0.00684451 0.813139 0.433927 1.08132 -0.272543 0.117898 0.456142 -0.212165 0.0797936 -0.18373 0.209342 -0.390875 -0.0388631 -0.695524 -0.0440158 -0.772229 0.233753 -0.0134906 0.227232 -0.738969 -0.422242 -1.46632 0.317691 0.0215476 -0.273381 0.571945 0.106942 -0.382144 0.213486 -1.46632 -0.506096 -0.0572463 1.52814 -0.348186 -0.0018248 0.232338 -0.47766 0.475333 0.158142 0.52426 0.297996 0.719281 -0.957469 0.433905 0.106897 -0.43646 -0.0469389 0.404856 -0.225227 0.291147 
-0.774649 0.556578 -0.450397 0.0441159 -0.461968 -0.394406 -0.788372 0.887558 -1.16071 -0.240979 3.03296 -0.326712 1.94408 -0.0158132 -0.389461 -0.450011 -0.574648 -0.710248 1.10069 0.146716 -0.0487869 0.473166 -0.611656 1.07028 0.179354 -0.616022 -0.114881 -0.762147 -0.018604 1.33456 0.100708 0.17124 0.619202 -0.155642 -0.0200645 -0.0924715 -0.734062 -0.863822 -0.848895 0.659617 0.657631 0.402632 0.53428 -0.0924715 -0.0407663 -0.352635 -0.245504 -1.18555 0.267116 0.139779 0.556347 1.00273 0.141097 -0.129231 0.216376 -0.806617 -0.738509 0.743661 0.569579 1.41481 0.548287 -0.436135 0.187178 -0.129707 
0.0404258 0.171117 0.125307 -0.210942 0.786773 -0.0250293 0.371739 -0.462229 0.559587 -0.296293 -0.271437 1.26084 -0.0355384 -0.404156 0.779574 0.208411 0.27818 0.897891 0.620119 -0.0899516 -0.239578 0.265592 -0.55935 0.0503331 -0.214791 -0.033561 0.0914624 0.778956 0.286232 -0.327123 0.465484 0.172042 0.0873503 0.70571 0.166382 0.45114 0.0891504 0.684501 0.593184 -0.77842 0.472034 0.0331249 -0.555201 0.45114 0.223887 0.306052 -0.101785 -0.455077 0.304724 -0.254912 0.00862772 -0.966269 -0.0531897 -0.504583 0.602445 -0.110745 0.618199 0.260372 0.450675 0.46556 0.589946 -0.3644 -0.236064 -0.766309 
-0.454187 0.653139 -0.184069 0.617707 -0.616956 0.0788531 -0.570667 0.809556 -0.600555 -0.0565653 1.98878 -0.0461134 2.55583 -0.56284 0.21688 -1.08979 -0.234088 -0.286319 0.309244 -0.243711 -0.652752 -0.202207 -0.548993 -0.261849 0.835111 0.237428 0.579998 -0.864357 0.305209 1.35687 -0.0307103 -0.0611774 0.310383 0.532684 0.0282513 -0.429496 0.810319 -0.787327 -0.609976 0.051589 1.0876 0.131375 0.406159 -0.429496 0.599462 -0.291849 0.0296085 -0.52114 -0.412592 0.35777 0.539821 0.25788 -0.0933169 -0.780987 1.47422 -0.283854 -0.228819 0.233684 -0.147034 0.917705 0.665082 0.468228 -0.292213 0.210114 
0.465072 0.231732 0.177487 0.443289 -0.70934 -0.328398 -0.659444 -0.24094 -0.359993 1.0633 -0.0154728 -0.45909 -0.607199 3.17038 -1.21202 0.658462 -0.211741 0.963152 0.647188 -0.11154 1.31171 0.767468 0.939462 0.478441 0.322933 -1.0841 -1.04848 -0.396682 -0.113285 -0.805385 1.8666 -0.196738 -0.77261 -0.785774 0.48212 -0.432126 0.0924358 0.25697 -0.047816 1.12368 -1.12932 -0.643648 0.0834052 -0.432126 0.387788 0.161629 -0.38407 1.01329 -0.0944972 0.438077 0.0987608 0.990253 0.236459 -0.444785 -0.684817 -0.136299 -0.378878 0.299993 0.0393993 -0.513268 0.42239 0.979625 -0.614809 -0.616706 
-0.708054 0.991042 0.87956 0.341476 -0.184593 0.937095 0.423001 -0.486208 0.705929 -0.00436925 -0.404858 0.708903 0.156784 -1.22776 3.0173 0.385283 0.0849886 -0.050536 -1.18952 0.21232 -0.276871 -0.122058 0.206366 -0.789299 -0.192456 0.421685 0.996061 0.502372 -0.227656 0.23755 -0.0665496 0.281392 -0.491093 1.11603 -0.663371 0.324037 0.542984 -0.197738 -0.74937 0.153598 0.576595 0.638477 -0.934538 0.324037 0.354822 -0.414351 1.13895 -0.369258 1.31502 -0.267494 -0.312418 -0.705177 0.319355 -0.580561 3.59946e-05 0.441726 -0.866237 0.0336551 0.320953 -0.48583 0.486622 -2.04483 -0.687336 -0.941264 
-0.982362 0.183154 0.451188 -0.393899 0.20927 0.0754562 -0.0104205 0.63937 1.08407 0.697381 -0.569951 0.0331955 -1.25443 0.538181 0.28074 3.09713 -0.547256 0.595825 1.19427 -0.0116027 -0.120079 0.453325 0.0792943 -0.00946591 -1.07855 -0.66768 0.484021 -0.379091 -0.693944 -1.59751 -0.0682781 -0.506758 -0.0753742 0.243282 -0.252141 -1.1726 -0.644759 0.610574 -0.87034 0.173125 0.47715 0.174081 0.0753386 -1.1726 0.315813 0.743649 0.633714 0.406077 0.576354 -0.549225 -0.146978 -0.729217 0.576555 0.13948 -1.89192 -0.928541 -0.410127 0.22276 0.291969 -0.128273 -1.33184 -0.505761 0.739626 -0.550889 
0.0383599 -0.930554 -0.148048 0.777726 0.281542 0.23187 0.9285 -0.846959 -0.0039026 0.406448 -0.60631 0.191244 -0.310449 -0.243744 0.0687238 -0.458978 1.78072 0.355557 -0.374971 0.213258 0.416531 -0.0798441 -0.138576 0.281462 0.662541 -0.126173 0.329656 -0.316659 0.577322 -0.587925 -0.637359 0.129144 1.40002 0.926529 -0.182966 -0.123571 0.629932 -0.145627 0.414917 0.52006 -0.846167 -0.789717 0.0130256 -0.123571 -1.56456 0.184297 -0.576092 -0.110992 0.474944 0.550199 -1.20326 -0.342771 -0.518153 0.246844 0.774085 0.362721 0.161714 -0.2233 0.00712675 -0.103621 0.217451 -0.231994 0.401951 -0.16621 
0.187048 0.346562 0.0830343 0.492458 0.41071 -1.45564 0.138566 -0.73955 0.59153 1.08068 -0.715068 0.837796 -0.335839 0.957991 -0.039959 0.710945 0.382399 2.42766 0.630017 0.066432 -0.553506 -0.0765111 -0.983434 -0.0931134 0.247426 -0.421115 -0.640889 0.165999 0.286116 -1.26703 0.903535 0.326873 -0.0834525 0.0301012 0.622039 -0.692122 0.449798 1.22077 -0.0817643 -0.29792 -0.116257 -0.977153 0.452181 -0.692122 -0.0794015 -0.238232 0.932741 0.03321 -0.0578791 -0.148526 -0.0960038 -1.11983 -0.173263 -0.471305 0.819531 0.46507 0.251602 0.472399 0.213009 0.299801 0.206023 0.358498 -0.7291 -1.11329 
-1.03084 -0.746607 -0.470215 -0.215419 0.541434 -0.721281 -0.0870166 0.93473 -0.259537 -0.308627 1.06042 0.524577 0.224278 0.60658 -1.21439 1.27395 -0.383576 0.59457 3.21101 -0.667264 -0.714687 0.675802 -0.330788 0.478753 0.270594 -1.05259 -0.728056 -0.426437 -0.357388 -0.580749 0.356666 -1.06411 0.380492 0.617354 0.420577 -0.21129 -0.733354 0.351418 -0.0930117 -1.02081 0.45415 -0.248194 0.0770676 -0.21129 0.223341 1.19116 -0.404008 -0.69131 0.656915 -0.81362 0.0262919 0.298377 0.399346 -0.746397 -0.537873 -1.19572 1.1706 0.12455 0.270538 0.926245 0.365001 0.819448 1.04056 -0.957683 
-0.253792 0.729496 0.632418 0.842996 0.722737 -0.386571 -0.609251 0.424334 -0.403279 0.114697 0.139332 -0.15261 -0.295794 -0.119264 0.220333 0.100954 0.237536 0.0638686 -0.63438 1.86493 -0.41363 -0.0669705 -0.545055 1.16554 -0.579999 0.206642 0.689537 1.11226 0.730414 0.161736 0.141001 -0.102226 0.490496 -0.43242 0.209507 0.349624 -0.211027 0.164802 -0.735621 0.945212 -1.20479 -0.523433 0.738347 0.349624 -0.739367 -0.211126 0.36149 -0.0360991 -0.0892225 -0.413135 0.493144 -0.0393803 -0.622688 0.927734 -0.602656 0.531292 0.0109781 0.120733 -0.686603 -0.346548 -0.551842 -1.17069 0.156149 0.476797 
1.0376 -0.055071 -0.223617 -0.519601 -0.453543 1.4282 -0.165949 -0.578632 0.694491 0.437524 -0.071588 -0.317654 -0.720252 1.28857 -0.284275 -0.0229395 0.425392 -0.571487 -0.697221 -0.429047 3.09769 0.633929 0.178789 0.428498 -0.135812 -1.31979 -0.389825 -0.803133 -0.220166 -0.296183 1.14369 0.405391 0.032829 -0.439462 -0.614466 0.123365 0.239732 -0.631416 1.55581 1.2452 -0.433439 0.878837 -1.12859 0.123365 -0.439937 0.00381027 -1.29733 -0.279554 0.432838 0.565878 -0.645367 0.238231 0.297056 0.832808 -0.417699 -0.0730405 -1.21868 -0.349722 0.559826 0.544228 -0.317101 0.00936717 -0.560918 0.700056 
-0.0916775 -0.492647 0.348532 -0.0240373 -0.183217 0.195601 0.16417 -0.0918266 -0.227377 -0.1482 0.532948 0.270099 -0.187125 0.826909 -0.046879 0.633047 0.0115997 -0.0119091 0.775851 0.000194972 0.716512 1.18473 0.485018 0.836392 -0.319614 -0.277631 0.146183 -0.0195432 0.11632 -0.351538 0.817166 0.611002 -0.181159 0.557023 0.108248 0.359817 -0.746906 -0.145883 0.399848 0.192125 0.314743 0.122898 0.155418 0.359817 0.453655 -0.3334 -0.772253 0.445425 0.428524 0.335681 0.105318 0.1192 0.125737 0.330893 -0.721568 -0.973112 -0.233773 0.141033 0.266262 0.171854 0.476019 -0.305999 0.649018 -0.65775 
-0.271169 -0.703022 -0.0178915 -0.372678 -0.0828376 0.224484 0.34128 -0.420395 0.115092 0.0371813 -0.658452 -0.66142 -0.640489 0.892326 0.174968 0.152439 -0.153709 -1.02541 -0.337316 -0.584467 0.154795 0.37844 3.75857 -0.188135 0.423756 1.78174 -0.119517 -0.100854 -0.170172 -0.613796 -1.12677 -0.288664 -0.796248 -0.0652313 -0.372269 0.266685 -0.277953 -1.27368 -0.198434 0.154299 0.0913716 -0.177924 -0.559894 0.266685 0.550185 1.26941 -0.0205722 1.59068 0.0411615 0.864582 -0.0163908 2.48587 0.199073 -0.800355 -1.0804 -0.074574 -0.491662 0.539633 0.00575932 -1.67741 1.01804 0.0708988 0.0426638 -0.547055 
-0.313814 -0.127313 -0.230383 0.00775763 0.972965 -0.909757 -0.686133 -0.137295 -0.492461 -0.184921 1.0649 -0.0103157 -0.311922 0.472726 -0.779276 0.105101 0.307749 -0.0936674 0.513646 1.16755 0.445925 0.771236 -0.146714 2.16917 -0.789609 -0.149391 0.0289335 0.517599 0.792341 -0.507541 0.237187 0.34704 0.816289 -0.33416 0.213314 0.505185 -1.06354 -0.497805 0.276554 0.85052 -0.569092 -0.451701 0.550255 0.505185 -0.913064 0.107355 -0.874028 -0.381162 -0.0894542 0.162303 0.484868 0.569546 -0.680597 0.988704 -0.620048 -0.450973 -0.377927 0.800238 0.0767057 0.631354 0.145355 -1.16668 0.405746 -0.0947411 
0.0646302 -0.319499 -0.142394 0.101081 0.112468 -0.337165 0.209392 0.313884 -0.0681051 0.238908 0.204736 -0.244683 0.815794 0.347975 -0.151676 -0.933231 0.719586 0.277628 0.336244 -0.547233 -0.0876281 -0.354014 0.495934 -0.758853 3.49174 0.647842 -1.50959 -1.61589 -0.147795 0.437337 -0.667412 0.222574 0.0450328 0.864964 0.456661 0.524687 1.4423 -0.691166 -0.525751 0.117927 -0.7828 -0.330439 0.694497 0.524687 -0.462113 -0.102934 0.586434 0.58955 1.69171 -0.313452 -0.866952 0.780558 0.321052 -0.687353 0.164718 1.11761 0.248221 -1.4873 -0.494556 1.09216 -0.31473 1.25662 -0.497019 -0.571171 
0.136081 -0.0712826 0.0555806 -0.797433 1.14082 -0.821351 0.120213 -0.100175 0.677114 -0.351741 -0.581071 -0.0538846 0.227679 -1.04949 0.472033 -0.512788 -0.05956 -0.381344 -0.977369 0.248977 -1.26204 -0.302462 1.86349 -0.109066 0.65741 3.26699 0.375681 0.271141 0.699685 -0.224756 -2.02952 0.939727 -0.345395 0.100988 0.216676 0.5156 0.121687 -0.805244 -0.182459 -0.571339 0.906032 -0.233942 0.88205 0.5156 0.566324 0.260237 0.647822 1.64808 -0.749683 0.566908 0.75972 0.677889 -0.50729 0.0322066 -0.0557453 0.466321 -0.113289 0.276431 -0.501031 -0.149371 -0.254854 0.0213464 -0.158496 0.135552 
-0.799858 0.0757336 0.712638 1.11331 -0.312238 1.36455 -0.118018 0.490735 0.121664 -0.0710562 -0.151257 -0.000188596 0.498922 -1.08519 0.975082 0.567585 0.324941 -0.672446 -0.724165 0.660544 -0.4034 0.0500248 -0.109098 -0.0020687 -1.57135 0.304353 2.79827 0.30331 0.64811 -0.168344 -0.216419 -0.575823 0.609915 1.12791 -0.551461 -0.814764 0.494768 -0.404151 -0.206055 0.401271 0.72691 -0.0958884 -0.0386935 -0.814764 0.375385 0.209463 -0.699105 0.395852 -1.05673 0.544371 0.323291 -1.00661 -0.59837 0.319146 0.247236 -0.935845 -0.142759 0.21625 -0.754514 -1.00306 -0.145869 -0.873656 0.922001 0.791337 
0.384868 0.587878 0.479331 0.0784288 0.747465 -0.0541942 0.201969 -0.327952 -0.491665 -0.729352 -0.800157 0.685671 -0.947067 -0.435033 0.479758 -0.297161 -0.323008 0.132809 -0.42418 1.08163 -0.818342 -0.117336 -0.0920696 0.484962 -1.67928 0.19818 0.301676 2.77278 0.338052 0.549008 0.445255 -0.43003 -0.258911 -0.948337 0.222961 1.02233 -0.963467 1.38238 0.0579606 -0.584492 -0.832108 -0.152705 -0.651518 1.02233 0.0588771 0.374402 0.18279 -0.396079 -0.682926 -0.511396 0.661175 -0.112344 -0.291581 -0.0729414 -0.0392664 0.410312 1.21668 0.737858 0.146824 -1.41467 0.756872 -0.871892 -0.0443358 0.0794097 
0.00664696 -0.0307517 0.035945 0.581349 0.817977 -0.436498 -0.468427 -0.215297 0.0676988 -0.00050712 0.0207214 0.270282 0.299835 -0.0743001 -0.172934 -0.534678 0.648309 0.330261 -0.277795 0.777123 -0.158039 0.0958631 -0.0840507 0.837041 -0.133852 0.704059 0.723812 0.415388 1.11615 -0.485227 0.105768 0.114623 0.50747 0.354167 0.261629 0.16816 0.480839 -0.42131 0.515474 0.242492 -0.139125 -0.722958 0.422135 0.16816 -0.272836 0.168141 -0.598916 0.283243 -0.769162 0.380295 0.468342 -0.1753 -0.915011 0.336948 0.637795 0.0717897 0.131764 0.290261 -0.639907 0.134246 0.262149 -0.262317 -0.0736453 0.24508 
0.641021 0.888876 0.243249 -0.162759 -1.12029 1.21094 0.477579 0.884067 -1.62102 -0.784763 1.31784 -0.399114 1.29546 -0.822442 0.236231 -1.49428 -0.57298 -1.27892 -0.557198 0.152402 -0.290099 -0.428037 -0.583718 -0.518883 0.395238 -0.276424 -0.148684 0.570302 -0.54127 3.13909 -0.374037 0.113472 0.19825 -0.847113 -0.00598601 0.641853 -0.442617 0.796682 -1.11812 0.198135 -0.510829 0.912355 -0.003435 0.641853 0.122778 -0.678744 0.185723 -0.557215 0.0902875 -0.0750861 0.0319309 0.455465 0.630329 -0.421899 0.453757 0.285127 0.633942 -0.267888 0.606331 -0.154114 0.0585835 0.460551 0.125824 0.812347 
0.135245 0.293968 0.609363 1.38757 -0.944784 0.021876 -1.27482 -0.106501 -0.274451 0.184092 0.0468639 0.356365 -0.129254 1.81241 -0.104997 -0.00218195 -0.659541 0.854511 0.343089 0.0945402 1.11264 0.70354 -1.13381 0.188717 -0.746639 -2.11831 -0.233887 0.429421 0.0125986 -0.411165 3.83017 -0.513848 -1.68446 0.0350779 0.328857 0.342972 0.441365 0.06034 1.14368 -0.0331656 -0.347146 -0.0116105 -0.62347 0.342972 1.187 -1.16132 -0.427901 -0.595462 0.0368525 -0.732553 0.672177 -0.551092 0.00220513 0.273292 0.0156481 -0.176476 -0.117108 -0.546475 -0.901441 -0.270668 1.08949 -0.054149 -0.709484 -0.317012 
1.00934 -0.246857 0.102027 -1.07033 -0.464858 -0.759755 0.87338 -1.19965 -0.125741 -0.0112433 0.169304 0.114832 -0.107813 -0.199015 0.294853 -0.388753 0.15887 0.329757 -1.02577 -0.0967787 0.426256 0.549285 -0.243805 0.350479 0.195256 0.90284 -0.541382 -0.393955 0.0733614 0.128252 -0.46194 2.94434 -0.248918 -0.036993 0.344789 0.383812 -0.946368 0.311874 0.153445 0.228139 0.74862 0.315141 1.31151 0.383812 0.113591 -2.29641 0.131589 1.01514 0.108081 1.06782 -0.0852151 -0.910655 0.0452593 0.950025 0.12036 -0.176716 -1.11179 0.210602 0.955453 0.969617 -0.379427 -0.408383 -0.0586106 -0.698104 
-0.264679 -0.253437 -0.628999 -0.00878358 0.62194 0.362977 0.686179 -0.0086201 -0.334964 0.167141 0.554928 -0.032198 0.20141 -0.837224 -0.53997 -0.0197073 1.36741 -0.142906 0.356485 0.433606 -0.00864365 -0.305215 -0.813726 0.75739 -0.0446232 -0.44462 0.582018 -0.285174 0.403871 0.150694 -1.69489 -0.311256 2.53732 0.218101 -0.283904 -0.690413 -0.0822127 0.323594 -0.445744 0.846996 -0.698011 -0.477406 0.163555 -0.690413 -2.02616 1.06922 -0.818837 -0.769375 -0.0563319 0.54594 -0.963555 -0.302097 -0.409926 0.0314498 0.677892 -0.218056 0.362161 0.560305 0.762565 0.554286 -0.572482 -0.229515 0.794334 0.426541 
-1.52238 -1.03683 0.243798 0.536874 -0.210305 0.581636 -0.0501791 -0.417431 -0.221786 -0.891979 -0.312835 0.493243 0.330792 -0.943307 0.974239 0.20603 0.800998 -0.122272 0.500428 -0.582229 -0.573854 0.340049 -0.175629 -0.485978 0.682389 -0.091156 1.0071 -1.06752 0.157648 -0.98759 -0.0682705 -0.19225 0.125182 3.09703 0.0845716 0.200808 1.14526 -0.941375 -0.0276487 -0.197612 0.329782 -0.486489 0.0677522 0.200808 0.182203 -0.326967 -1.30389 0.682898 1.07359 0.0401552 -0.643824 -1.45862 -0.349542 -0.784346 0.0854559 -1.03122 0.174741 -1.04173 -0.799345 0.333292 0.27866 -0.871572 0.604342 -1.48438 
-0.0353103 0.067168 -0.131735 -0.400258 0.0848714 -0.898612 -0.647265 -0.235715 -0.797995 -0.596463 -0.198469 -0.0672965 -0.194852 0.303375 -0.826378 -0.310604 -0.329708 0.448455 0.28244 0.038486 -0.770069 -0.129938 -0.503878 0.0402836 0.252875 0.00332127 -0.693489 0.0825676 0.0438999 -0.167673 0.204298 0.168321 -0.398035 0.0633604 0.877898 0.323059 0.0429571 0.514722 -0.401567 -0.0914456 -0.695233 -0.628134 0.793896 0.323059 0.202807 -0.487038 -0.493615 0.836473 -0.360778 -0.125952 0.373029 -0.628892 -0.278215 -0.490983 -0.0809101 -0.143466 0.590872 -0.221878 -0.344563 0.270701 -0.336984 0.318043 -0.267809 -0.638131 
0.137624 -0.232128 0.0433904 -0.719188 0.663438 -0.0625239 -0.327826 -0.404239 -0.629141 -1.56523 -0.195565 0.292772 -0.57729 -0.535561 0.23634 -1.15575 -0.195003 -0.790396 -0.274116 0.253914 0.0430719 0.196941 0.210387 0.407465 0.396211 0.377556 -0.881481 0.957245 0.0257406 0.555476 0.293723 0.282654 -0.729233 0.254907 0.398369 2.11706 -0.358337 -0.293155 0.591567 -0.439473 -0.866107 0.290252 -0.328556 2.11706 0.0100133 -0.419684 -0.682527 -0.00564237 0.882497 -0.69124 0.220537 0.238138 -0.109436 0.0928141 -0.668953 0.354888 0.586153 -0.791206 -0.322915 0.234879 0.35296 -0.810988 -0.258919 -0.472474 
-0.358249 0.643871 -0.117572 0.596117 0.0476026 0.611589 -1.26386 -0.105068 0.638536 0.156466 -0.89947 -0.131532 0.600212 -0.0733129 0.392973 -0.690226 0.496186 0.28921 -0.858495 -0.369052 0.0971251 -0.972096 -0.396565 -1.22358 1.25151 -0.0786718 0.365736 -1.09086 0.276106 -0.591308 0.329801 -1.10984 -0.183347 1.13705 0.0559529 -0.420651 2.7753 -0.846448 0.0732231 0.507301 -0.59386 -0.50925 -0.498364 -0.420651 0.0308851 0.549858 -0.505772 0.45365 -0.138124 -0.123671 -0.220595 -0.870538 -0.484429 -1.12625 0.978315 0.70791 -0.0664181 -1.03452 -1.2667 0.25507 -0.489483 0.414471 -1.44149 0.171938 
0.962699 0.706151 0.3775 -0.672478 -0.295133 0.270966 1.10055 -0.219194 -0.629734 -0.0557212 -0.945274 0.547774 -0.913479 0.175178 -0.263793 0.649063 -0.195417 1.14414 0.310233 0.0907338 -0.690067 -0.287117 -1.30834 -0.573883 -0.798 -0.921647 -0.449227 1.33894 -0.542087 0.731946 0.0327325 0.232358 0.306416 -0.865634 0.611674 -0.271514 -0.762492 3.07639 -0.908096 -0.283846 -0.955519 -0.104281 0.157658 -0.271514 -0.0600039 -0.148196 0.243241 0.350963 -0.435672 -0.12248 -0.34677 -1.63571 0.501676 -0.729292 0.170026 -0.0401182 1.48568 0.328129 1.18239 -0.570436 -0.706496 0.756953 0.173082 -0.329733 
0.866632 -1.57207 -0.783645 -0.24031 0.532819 -0.0613851 -0.0650339 -0.87699 1.14072 -0.382743 -0.96244 0.424364 -0.76822 -0.161701 -0.847518 -0.863944 0.333033 -0.190489 -0.166289 -0.841783 1.46507 0.226521 -0.265184 0.168384 -0.664678 -0.330955 -0.283224 -0.0175737 0.362603 -1.21495 1.08398 0.0418358 -0.495016 0.0159991 -0.336708 0.581115 0.125086 -0.940189 3.26429 -1.33254 0.876573 0.360968 -1.09204 0.581115 0.0874484 -0.0352393 -1.18387 -0.908445 -0.673052 -0.0592804 0.0293112 -0.22215 -0.467201 1.30457 0.706676 -0.0281482 0.0481417 -0.517806 -0.522598 0.40832 0.66504 0.470198 -0.0398837 0.897372 
-0.31299 1.17189 0.0624506 0.00703144 -0.577779 0.642206 -1.02098 -0.362269 -0.783567 0.409535 0.493024 -1.00029 -0.159704 0.956746 0.00240123 0.126473 0.385128 -0.459694 -1.14714 0.786002 1.10141 -0.0342508 0.0345008 0.689301 -0.0740486 -0.772883 0.271054 -0.713075 0.0365732 0.0482586 -0.145915 0.0634811 0.744677 -0.207013 -0.079635 -0.502972 0.506116 -0.368988 -1.38559 2.73323 -1.71654 -0.349213 0.260077 -0.502972 -1.07263 -0.0635746 -0.923831 0.716899 0.140303 0.824432 -0.349076 0.028081 -0.247268 -0.296448 -0.62483 -0.0591866 -1.34516 0.343626 0.264376 0.00801188 -0.937796 -1.11257 -0.750409 -0.139225 
-0.39804 -0.602976 -0.45468 -0.550556 -0.32581 -0.495242 0.224209 0.0921713 1.23492 0.0351769 0.581682 0.340811 0.96695 -1.20561 0.516044 0.521142 -0.890454 -0.187385 0.418468 -1.27336 -0.486586 0.179012 0.0622185 -0.639667 -0.884131 0.795133 0.687338 -0.870046 -0.254399 -0.570061 -0.369251 0.674607 -0.709686 0.411026 -0.592777 -0.838962 -0.504401 -0.950016 0.914169 -1.6259 3.32914 0.902532 -0.106495 -0.838962 1.45466 -0.492689 0.649915 -0.583333 -0.7319 0.282662 0.635982 -0.317369 0.224994 0.381491 0.658485 -0.982797 -0.958341 0.610413 0.284258 0.702005 0.494328 0.0648861 0.32899 0.0911018 
0.263759 0.337251 -0.144501 -1.16098 -0.421861 0.980612 0.0167116 0.362282 0.495344 -0.515856 0.264737 -0.160045 -0.0512193 -0.781884 0.515979 0.156127 -0.895951 -1.11023 -0.345822 -0.653944 0.763743 -0.0747788 -0.269023 -0.584222 -0.493717 -0.406788 -0.197407 -0.25259 -0.900178 0.791177 -0.0956612 0.179181 -0.551027 -0.467192 -0.587625 0.255451 -0.481737 -0.160724 0.336618 -0.320514 0.840586 1.51758 -0.823577 0.255451 0.504837 -0.255129 0.130874 -0.732546 0.410777 -0.401346 -0.00460693 -0.116976 0.746881 0.3469 -0.572381 -0.185626 -0.566641 -0.358338 0.576603 0.513436 -0.609546 -0.237973 -0.137207 0.618946 
-0.240562 -0.495704 0.13849 0.19427 -0.347144 -1.57476 -0.202741 0.320971 -0.990504 0.0704224 0.387033 -0.757722 0.214213 -0.064182 -1.06639 0.0480324 -0.102559 0.309755 -0.029912 0.598484 -1.25303 -0.0516106 -0.660345 0.408383 0.521868 0.699852 -0.149564 -0.760754 0.235563 -0.133965 -0.716872 1.1662 0.0805815 0.0776983 0.825054 -0.372709 -0.480203 0.0918627 -1.12574 0.279424 -0.177793 -0.832928 2.49125 -0.372709 -0.122296 -1.69702 0.360241 1.30959 -0.406871 0.223461 0.337697 -0.558735 -0.407564 0.903372 -0.433896 -0.250676 -0.143771 -0.371823 -0.71697 0.455575 -1.14832 0.314428 0.81691 -0.166355 
0.137624 -0.232128 0.0433904 -0.719188 0.663438 -0.0625239 -0.327826 -0.404239 -0.629141 -1.56523 -0.195565 0.292772 -0.57729 -0.535561 0.23634 -1.15575 -0.195003 -0.790396 -0.274116 0.253914 0.0430719 0.196941 0.210387 0.407465 0.396211 0.377556 -0.881481 0.957245 0.0257406 0.555476 0.293723 0.282654 -0.729233 0.254907 0.398369 2.11706 -0.358337 -0.293155 0.591567 -0.439473 -0.866107 0.290252 -0.328556 2.11706 0.0100133 -0.419684 -0.682527 -0.00564237 0.882497 -0.69124 0.220537 0.238138 -0.109436 0.0928141 -0.668953 0.354888 0.586153 -0.791206 -0.322915 0.234879 0.35296 -0.810988 -0.258919 -0.472474 
-0.0548777 0.377289 0.496146 -0.375686 -0.824444 0.23155 -0.772445 0.454465 0.134167 -0.575347 -0.114201 0.0951776 0.481328 0.314013 0.296785 0.362319 -1.60633 -0.148016 0.190174 -0.805417 -0.49057 0.320439 0.523546 -0.981125 -0.56093 0.457939 0.338327 0.0234534 -0.385596 0.06606 1.16741 0.0420925 -2.03532 0.265961 0.307777 0.0396727 0.122859 -0.0519863 0.127559 -0.979469 1.45718 0.569297 -0.0484841 0.0396727 2.52224 -0.592294 -0.0267771 1.1232 -0.82434 -0.0870372 1.22068 -0.411374 0.361219 -0.648524 -0.306935 -0.856113 0.00915472 -0.203004 -0.546548 -0.352704 0.266461 0.635647 -0.310189 -0.245213 
-0.613982 0.505058 -0.783913 -0.812039 1.67849 0.723126 -0.563803 0.527307 0.960311 -0.127322 -0.426895 0.176518 -0.410808 0.0870296 -0.473214 0.78933 0.1417 -0.307671 1.15717 -0.278002 -0.0476481 -0.467441 1.24195 0.0384696 -0.202576 0.151026 0.17158 0.338154 0.0545562 -0.736286 -1.18174 -2.36873 1.05924 -0.244033 -0.382893 -0.39085 0.641007 -0.141003 0.00404623 0.0287594 -0.490999 -0.191493 -1.62403 -0.39085 -0.593119 3.70304 -0.763314 -0.408383 -0.391304 -0.263667 -0.0872078 1.06496 -0.0805824 -1.56965 -0.222091 -0.0507311 0.928296 0.770802 0.283688 -0.230046 -0.154021 0.382756 -0.371496 0.402634 
-0.272349 0.376748 0.301431 0.846745 -0.226748 -1.57412 0.683019 0.453463 0.831588 1.42826 -0.349565 -0.261122 -0.119153 -0.488473 1.05028 0.649593 -0.648492 0.833499 -0.467803 0.264812 -1.37859 -0.936097 -0.0778384 -0.972716 0.456989 0.508809 -0.76679 0.116739 -0.742304 0.0983778 -0.478119 0.0294629 -0.858625 -1.25076 -0.419273 -0.683495 -0.444425 0.220631 -1.17439 -0.8613 0.621802 0.164707 0.403426 -0.683495 -0.0574045 -0.793116 3.80196 -1.15501 0.856786 -1.19379 -0.0940236 0.833598 0.656672 0.655427 -0.227643 1.68086 -0.676744 0.0679877 -0.0923428 -0.668834 -0.0333628 -0.248617 -0.285661 0.0287097 
0.271448 -0.034852 0.620503 -0.85844 -0.464613 0.271996 -0.312319 -0.368526 -0.530943 -0.456215 -1.29776 -0.622564 -0.678052 0.900734 -0.466074 0.413805 -0.191542 -0.0741825 -0.763256 -0.140928 -0.368965 0.27343 1.52526 -0.488001 0.451955 1.50092 0.320016 -0.470281 0.131704 -0.652711 -0.653831 0.904859 -0.817314 0.727878 0.902664 -0.0147611 0.506845 0.320203 -0.907112 0.77128 -0.619597 -0.706863 1.34462 -0.0147611 1.08443 -0.446336 -1.16316 3.701 -0.869367 1.15652 0.322995 -0.752194 -0.233637 -0.737785 -1.02211 -0.744407 0.115176 -0.465621 -0.592563 -0.717661 -1.19764 0.750462 0.0293308 -0.664928 
-0.947655 -0.419489 0.259369 0.085467 -0.0781784 0.165626 0.57428 -0.0328209 -0.0164335 -0.109256 0.155502 0.137835 -0.568906 -0.206452 1.2188 0.584681 0.394992 -0.164673 0.585568 -0.193453 0.344025 0.257128 -0.023657 -0.195694 1.55471 -0.896248 -1.13196 -0.756529 -0.920101 -0.00460969 -0.020917 -0.00159739 -0.103672 1.11917 -0.293988 0.873977 -0.0843296 -0.465834 -0.671121 0.195282 -0.767565 0.437058 -0.371239 0.873977 -0.86252 -0.428659 0.849234 -0.868768 3.17104 -1.17169 -1.31534 0.312801 0.819366 -0.021723 -1.32132 0.507593 -0.394158 -1.20562 0.253036 0.584861 -0.0524784 -1.22433 0.179945 -1.40587 
0.380858 -0.29285 -0.416884 -0.424655 -0.889827 0.248508 0.375584 -1.1975 -0.593484 0.117166 0.0204246 -0.429541 0.193716 0.318382 -0.371451 -0.548639 0.462506 -0.263061 -0.892708 -0.525106 0.469325 0.156545 0.792023 0.048323 -0.458189 0.412603 0.461392 -0.59274 0.221615 -0.177724 -0.798063 0.950405 0.490859 0.0779936 -0.0669022 -0.707501 -0.0776168 -0.160383 -0.0650899 0.871671 0.239256 -0.382805 0.251353 -0.707501 -0.132957 -0.308762 -1.20908 1.14938 -1.17943 1.86901 -0.241179 -0.110646 -0.337831 -0.493555 0.826024 -0.746879 -0.753312 0.980333 0.772092 -0.394443 0.373571 0.090983 -0.0959687 -0.296553 
-0.277015 0.742623 -0.0827689 -0.343891 0.331738 -0.873808 -1.62275 0.408997 -0.130917 -0.612068 0.417756 -0.185237 0.356531 -0.0401701 -0.435612 -0.165627 -1.31018 -0.229774 -0.0720314 0.361937 -0.761157 -0.093054 -0.108186 0.351652 -1.03092 0.586179 0.221077 0.560595 0.290426 -0.0899428 0.587431 -0.22187 -1.03787 -0.625222 0.412842 0.18504 -0.193777 -0.403908 0.00426576 -0.321073 0.57334 -0.0053022 0.346353 0.18504 1.15552 -0.151539 -0.128552 0.296617 -1.34232 -0.260415 1.60023 0.0389716 -0.445114 0.00928739 -0.205415 -0.333974 -0.134999 0.456201 -0.736104 0.106796 -0.0642038 -0.225034 -0.553461 0.317796 
-0.373051 -0.61494 -0.628675 0.443959 -0.115429 -0.715655 -0.139583 0.39731 -0.509028 0.39834 0.921549 -1.10272 0.132003 0.908737 -0.770957 -0.690453 -0.392286 -1.19618 0.257467 -0.113173 0.179855 -0.0217586 2.45149 0.493743 0.673999 0.561762 -1.05141 -0.15551 -0.295802 0.391005 -0.578424 -0.989896 -0.319 -1.3826 -0.531664 0.260056 -0.786307 -1.63544 -0.189782 0.113498 -0.322597 -0.0602572 -0.492665 0.260056 -0.419117 1.05804 0.856483 -0.721158 0.343239 -0.0724682 0.0963854 3.70394 0.255942 0.0318465 -0.67252 0.680154 -0.529116 0.580364 -0.107844 -1.02353 1.39765 0.197591 0.0594521 0.339546 
-0.00664696 0.0307517 -0.035945 -0.581349 -0.817977 0.436498 0.468427 0.215297 -0.0676988 0.00050712 -0.0207214 -0.270282 -0.299835 0.0743001 0.172934 0.534678 -0.648309 -0.330261 0.277795 -0.777123 0.158039 -0.0958631 0.0840507 -0.837041 0.133852 -0.704059 -0.723812 -0.415388 -1.11615 0.485227 -0.105768 -0.114623 -0.50747 -0.354167 -0.261629 -0.16816 -0.480839 0.42131 -0.515474 -0.242492 0.139125 0.722958 -0.422135 -0.16816 0.272836 -0.168141 0.598916 -0.283243 0.769162 -0.380295 -0.468342 0.1753 0.915011 -0.336948 -0.637795 -0.0717897 -0.131764 -0.290261 0.639907 -0.134246 -0.262149 0.262317 0.0736453 -0.24508 
0.400941 -1.37469 0.0830537 0.615865 0.00556326 -0.687605 0.238667 0.319327 0.477233 0.399347 -0.258328 -0.688954 -0.954784 -0.574222 -0.69426 0.130324 0.149409 -0.595582 -0.835227 0.806021 0.726512 0.142014 -0.882656 0.864982 -0.841832 -0.131841 0.226426 -0.164027 0.168526 -0.534279 0.198039 0.822864 -0.0333732 -0.756249 -0.441675 0.0668112 -1.08994 -0.776936 1.28902 -0.258951 0.328343 0.355699 0.921522 0.0668112 -0.704186 -1.62449 0.630392 -0.754669 -0.0392057 -0.503298 0.0187811 -0.0160737 -0.304227 3.28971 -0.88676 0.324143 -0.807287 -0.837279 -0.941701 0.1124 -0.960288 -0.441787 1.27463 1.60086 
0.39456 -0.0942688 -0.902794 0.607119 -0.49533 -0.448841 0.258344 -1.14269 -0.300376 0.161333 0.07553 0.406324 1.28867 -0.826003 -0.125413 -1.91283 0.6649 0.683505 -0.638452 -0.736118 -0.535744 -0.922196 -1.17445 -0.75552 -0.0015109 -0.231543 0.142766 -0.142102 0.457623 0.329627 -0.0713538 -0.0185505 0.601319 0.101802 -0.0433524 -0.706705 1.00288 0.110631 0.679375 -0.599083 0.593587 -0.575332 -0.427496 -0.706705 -0.374347 -0.288678 -0.264427 -1.05075 -1.35055 0.804532 -0.207671 -0.73219 -0.616823 -0.89851 3.02507 0.376824 0.232074 0.714099 0.303479 0.0968115 1.35102 0.562927 -0.8725 0.0700652 
0.411234 0.368795 -0.215679 0.408507 0.385721 -0.790129 -0.0779036 -0.354019 0.428174 0.556405 -0.973676 -0.333079 -0.495613 -0.303698 0.290064 -0.975659 0.227324 0.302831 -1.32251 0.371616 -0.217298 -1.19995 -0.194837 -0.612657 0.925167 0.264311 -1.06653 0.281264 -0.134595 0.134784 -0.28969 -0.341839 -0.320842 -1.04109 -0.132121 0.290923 0.70626 -0.125725 -0.0816622 -0.0596521 -1.07391 -0.21479 -0.270489 0.290923 -0.949737 -0.143531 1.61787 -0.799253 0.452148 -0.794584 -0.362442 0.594272 -0.0770306 0.286181 0.350611 2.04728 -0.137542 -0.498334 -0.48228 -0.373435 -0.169998 -0.100134 -1.13316 0.476423 
0.146172 -0.60224 -0.00738468 0.0115413 0.496388 0.242123 0.484687 0.493278 -0.854665 -1.05803 -0.843253 0.458181 -0.378262 -0.483962 -0.955584 -0.39493 0.0886317 0.151678 1.10612 -0.086382 -1.30062 -0.398299 -0.54961 -0.477296 0.118095 -0.252983 -0.211126 1.14995 -0.012305 0.545915 -0.168007 -1.2146 0.321691 0.22719 0.664532 0.584504 -0.00575353 1.46239 0.056943 -1.28331 -0.987136 -0.533489 -0.101268 0.584504 -0.0221545 0.897811 -0.677425 0.122645 -0.387288 -0.738702 -0.101152 -0.552683 -0.0746897 -0.782934 0.268177 -0.075227 2.56977 -0.654097 -0.421688 -0.639507 0.0285447 1.25911 0.827699 0.135956 
-0.319611 0.643308 -0.748915 -0.549149 0.085902 -0.964691 -0.158321 -0.992172 -0.262645 0.285418 0.59099 0.0524266 0.0363135 0.146982 -0.103618 0.19003 -0.344309 0.324548 0.0121465 -0.0245535 -0.479591 -0.0714196 0.433758 0.652942 -1.66535 0.0888092 0.0999555 0.623198 0.0982647 -0.403841 -0.645301 0.0598671 0.471908 -1.0372 -0.196144 -0.840783 -1.02178 0.25691 -0.556932 0.357549 0.533691 -0.373113 -0.377247 -0.840783 -0.28224 0.692391 0.019379 -0.506079 -1.24668 0.947017 0.442121 0.50887 -0.281113 -0.860853 0.702275 -0.483946 -0.702024 2.35581 1.34488 -0.415216 0.990879 -0.914568 -0.576458 -0.653033 
0.431154 0.462285 -0.67562 -1.61899 -0.378129 0.196557 1.05969 -1.05194 -0.23186 -0.0097213 0.448777 0.274599 -0.312535 -0.0817428 0.215548 0.291108 -0.082013 0.0970277 0.190003 -0.800021 0.461825 0.0856789 -0.0682467 -0.0387218 -0.64074 -0.656783 -0.838939 0.0640332 -0.800034 0.502246 -0.968399 0.836588 0.706037 -0.762954 -0.28696 -0.340622 -1.2221 1.14304 -0.529855 0.310168 0.239406 0.593697 -0.690525 -0.340622 -0.593915 0.237146 -0.109083 -0.601152 0.243849 0.770644 -0.718316 -0.147469 0.680924 -0.933406 0.323524 -0.436022 -0.437746 1.37675 2.40209 0.393196 0.217455 -0.414753 -0.350149 -0.896519 
-0.0928287 0.510172 -0.942413 -1.6713 1.0632 -0.788753 -1.08527 0.169488 0.686036 -0.510869 1.33622 0.331693 0.794413 -0.5922 -0.549025 -0.0869246 -0.150552 0.226029 0.88792 -0.417756 0.488437 0.0334796 -1.7092 0.558136 0.988182 -0.262915 -1.04528 -1.45525 0.0163285 -0.215989 -0.295416 0.892961 0.539967 0.411892 0.370513 0.25938 0.341886 -0.567576 0.443273 0.0960132 0.699362 0.572739 0.52423 0.25938 -0.357862 -0.234379 -0.643365 -0.684041 0.617883 -0.353681 0.166794 -1.02095 -0.0510202 0.162904 0.159066 -0.284968 -0.613355 -0.341138 0.435405 3.25494 -1.33522 -0.0784089 -0.762152 -0.2084 
-0.552001 -0.980936 -0.379821 1.33227 -0.850042 -0.686016 0.44408 -1.27496 -1.02043 -0.143627 0.447415 0.4338 0.51951 0.321179 0.401147 -1.31277 0.148241 0.109972 0.304396 -0.64533 -0.395171 0.315366 0.963959 0.0498572 -0.440984 -0.390677 -0.210364 0.694011 0.121952 -0.0255712 1.04246 -0.478363 -0.60908 0.334981 -0.259451 0.355183 -0.424946 -0.725916 0.677714 -0.872074 0.469405 -0.572522 -1.10195 0.355183 0.239024 -0.180633 -0.0301724 -1.1863 -0.0417358 0.392054 -0.0264849 1.37796 -0.201203 -0.932063 1.391 -0.10381 0.0324169 1.04268 0.237385 -1.3575 3.37566 -0.609309 -0.156402 -1.28765 
1.26717 -0.706549 -0.382416 -0.201721 -0.583675 0.178102 0.488952 0.846167 -0.0109494 0.394402 -0.450772 -0.434311 0.408892 0.964648 -2.04407 -0.400457 -0.214968 0.348682 0.845079 -1.17794 0.0175319 -0.380417 0.103058 -1.17594 1.2166 -0.0282409 -0.851916 -0.848518 -0.316279 0.462631 -0.0149409 -0.421084 -0.179877 -0.729016 0.48181 -0.722531 0.565242 0.823769 0.569107 -0.960613 0.126198 -0.114714 0.447039 -0.722531 0.694445 0.442379 -0.159192 0.848038 -1.12735 0.195701 -0.10108 0.264131 0.409499 -0.327327 0.689137 0.052289 1.34921 -0.776534 -0.308588 -0.0144531 -0.523074 3.40622 0.359455 1.1295 
-0.606051 -2.03929 0.209585 0.687263 -0.61311 0.24931 1.289 0.748522 -0.881593 -0.353107 0.055115 -0.423402 -0.468976 -0.747212 -0.804002 0.727503 0.301549 -0.856343 0.948768 0.031469 -0.67018 0.457173 -0.0426039 0.279057 -0.654464 -0.32551 0.826314 -0.138388 -0.245034 0.0104771 -0.787702 -0.188738 0.726545 0.629472 -0.221468 -0.287888 -1.40815 0.122471 -0.058402 -0.715879 0.272876 -0.131376 0.832093 -0.287888 -0.368818 -0.4293 -0.313663 0.00948006 0.159496 -0.108678 -0.546934 0.00856533 0.1034 1.27166 -0.863717 -1.09817 0.80038 -0.555851 -0.361411 -0.815623 -0.187594 0.242028 2.67352 0.401123 
0.828491 -0.0520813 -0.260341 0.166873 0.0409131 0.823377 -0.376391 1.20787 0.541772 0.178974 -0.246062 -0.937939 0.049059 -0.733402 -1.04222 -0.547304 -0.250904 -1.22483 -1.03377 0.367824 0.606501 -0.833888 -0.616615 -0.205723 -0.712909 -0.015755 0.711357 0.00106465 0.0893987 0.712708 -0.379524 -0.812524 0.374459 -1.44354 -0.576082 -0.485736 0.220991 -0.364636 0.894562 -0.0889875 0.0506947 0.640486 -0.135464 -0.485736 -0.288135 0.360537 0.0164158 -0.669072 -1.41061 -0.293555 0.34003 0.304367 -0.199618 1.61361 0.0945558 0.527126 0.124344 -0.616718 -0.892073 -0.246163 -1.30313 1.02778 0.416831 2.92146 
