4.10912 0.598257 0.594704 -0.293096 -0.545832 0.936178 -0.394496 -1.66288 -0.829072 -0.780683 -0.0684053 1.23226 -0.32929 -0.245304 0.604968 1.14686 0.370481 -0.0195254 0.190229 -1.90346 0.174169 -0.0903807 -0.308143 0.344397 -0.915689 0.151932 0.531618 -0.00979739 0.0771137 -0.0451623 1.77455 -1.20039 -0.66372 -0.251542 -0.000126628 0.531417 0.82555 -0.560399 -0.542041 -0.807768 0.432121 -0.443002 0.511672 0.0177877 -0.824113 0.327092 -0.649888 -0.33669 1.44363 0.0724167 -0.152695 0.790045 -1.10412 -0.407775 1.02472 -0.322213 0.00789951 0.49516 0.0142072 -0.825676 0.757957 0.818536 -0.349831 -0.790586 
0.597818 2.80767 0.650742 0.020797 0.177164 -0.0710227 -0.45428 0.811382 -0.828895 0.149346 -0.558522 0.645347 -0.281489 0.688369 -0.229719 0.98784 0.931405 0.335391 -0.259566 -0.896127 0.96239 0.716975 -1.89949 -0.603832 -0.314851 0.357228 -0.121168 -0.864288 0.343528 -0.375523 0.604733 0.77024 -0.878822 0.105063 0.396153 0.425702 -0.738149 0.727078 -1.22321 0.614321 -0.386699 0.404904 0.471227 0.271537 -0.565666 -0.0274292 -0.300303 0.491189 -0.285819 -0.555973 0.156057 -0.185764 -1.03149 -0.476574 -0.997104 0.765103 0.44227 -0.94722 0.905965 0.255883 -0.819007 0.0266591 0.27402 0.0916909 
0.641244 0.697721 3.02454 0.040339 -0.208611 0.169208 1.21837 -0.378302 -0.0107422 0.252991 0.401081 0.209514 -0.494693 0.571105 -0.915004 -0.199681 0.161113 0.348251 -0.623914 -1.27439 -1.02438 0.347461 0.129921 -0.375939 0.393295 0.515782 0.876332 -0.017263 0.937922 -1.44791 -0.440058 0.749177 -0.617731 -0.815192 -0.731077 0.184724 -0.482991 -0.664888 -0.910682 -0.221567 0.756971 0.442983 1.34791 -0.0276088 0.976203 0.18346 1.24897 0.990826 -0.0308583 0.189034 0.338445 -0.407777 -0.708734 0.213474 -0.486334 0.891884 -0.592202 -0.06942 -0.24009 -0.965849 0.981953 0.217339 0.136416 -0.190246 
-0.258448 0.0558843 0.0284473 3.08846 0.719229 -0.746761 0.428176 -0.465251 0.245671 0.844177 -0.478068 0.0125036 0.699105 -0.110632 -0.577228 -0.354174 -0.947774 1.5054 -0.907051 0.502942 -0.634337 -0.0869385 0.508037 -0.17861 -0.0281572 0.892312 0.608211 0.372169 -0.909358 -0.261835 1.05207 -0.367709 0.484694 0.627623 1.00471 -0.239787 -0.375001 0.361901 0.470502 -1.08143 -0.438169 0.242623 -0.542285 0.659731 -1.01732 -0.465827 -0.712719 1.27406 0.668035 -0.176473 0.44887 0.698381 0.203415 0.709596 -1.26082 0.401459 0.543193 -0.999342 -0.0979159 -1.25451 -0.0974311 0.0499479 -0.60803 0.718636 
-0.486041 0.237394 -0.195359 0.744372 2.11667 -0.0481069 -0.0797022 -0.394017 -0.085826 0.995454 -0.614673 -0.555136 0.858666 0.0123273 -0.565966 -0.260518 -0.348831 0.302183 -0.127715 1.06361 0.607778 0.945726 -0.160769 0.220057 -0.445978 -1.36363 -0.00239665 0.362317 -0.143706 0.246621 0.808465 -0.00856834 0.783977 -0.485553 0.425265 -0.0267954 -0.367195 -0.447567 0.0313365 0.373127 -0.737291 0.873113 -0.185209 0.122641 0.494607 -0.748028 0.56676 -0.127857 0.233291 0.694314 0.196465 -0.943424 -0.693737 -0.534427 -0.257679 -0.0198635 1.11706 -0.00965144 0.945874 0.037107 0.391097 0.771085 -0.795264 0.747633 
0.962489 -0.0442725 0.148979 -0.755098 -0.0815869 3.96647 1.14713 -0.27707 -1.02259 0.174449 -0.101084 -0.654585 0.981105 0.248933 -0.527915 -0.822973 0.654583 0.455995 1.32238 -0.617673 0.9816 0.425934 0.678287 -1.6547 -0.170004 0.645547 -0.0415312 0.445213 -0.902849 -0.441053 -0.929529 -0.980896 -1.58522 -0.616065 -0.201072 0.779681 0.0984067 0.401263 0.493791 1.09067 -0.71425 -0.67741 -0.691094 0.402275 -0.0337955 0.260139 -0.213661 -0.819909 0.277613 1.13377 -0.194259 0.423232 -0.0367112 -1.51598 0.894188 0.0288907 0.225727 0.689992 -0.643092 -0.0935077 0.398047 0.475408 0.865406 -0.198972 
-0.422202 -0.481548 1.14412 0.365821 -0.1672 1.09312 3.38097 -1.01746 1.18004 0.151961 -0.10218 -0.542168 -0.200083 0.353434 -1.80552 -0.914377 0.172905 -0.819507 -0.64197 -0.265914 -0.189879 -0.465962 0.636956 -0.105509 1.27225 -0.00823016 0.412763 0.363711 -0.995709 -0.185383 -0.929844 -0.233463 -0.143217 -0.498538 0.161674 1.25777 -0.559706 0.389714 0.715493 -0.650387 0.646582 0.00569586 0.00547776 0.74367 0.238674 -0.354621 -0.454945 0.748735 0.0300218 0.69475 -0.326193 0.0971018 -1.70345 -0.604686 -0.520845 0.120984 -0.762208 0.0719519 -0.415009 0.19264 0.363207 -0.845794 1.54717 0.234414 
-1.65432 0.820379 -0.416283 -0.49134 -0.445249 -0.294823 -0.98119 3.59056 0.394204 -0.667601 0.330613 -0.753075 0.413648 -0.0148894 0.395863 0.246681 -0.458586 0.480619 0.242101 0.302462 0.359114 -0.564502 -1.73557 -0.748087 0.316483 0.351713 -0.876244 -1.08388 0.476364 -0.434449 -0.65987 0.851792 0.00998313 0.216897 -0.206864 -0.354552 0.380573 0.986321 0.687541 1.4789 -0.268363 -0.340942 -0.713333 -0.561794 0.387965 1.91537 0.873845 1.10226 -0.484353 -0.798755 -0.0815589 0.295909 0.826831 -0.083275 -0.297624 -0.105073 0.130788 -0.506262 0.787623 -0.409437 -0.321114 0.11983 1.00541 -0.184361 
-0.781631 -0.781016 -0.0098416 0.258463 -0.0981767 -1.00146 1.25519 0.433086 3.41613 -0.763812 1.2208 -0.0323823 0.532442 0.209415 -0.340593 0.540544 -0.703971 -0.891794 -1.05681 1.53648 -0.0854306 0.386596 0.0948429 0.471189 0.416117 -1.2593 -0.669761 -0.496545 -0.224027 0.428362 -0.0389116 -0.377198 0.537435 -0.0108244 0.0449053 0.786652 0.496519 1.22785 0.260024 -0.917567 1.9713 -1.42176 0.368304 0.438302 0.477628 0.263904 0.0125194 0.801939 -0.358251 -0.0155086 0.533356 -0.198394 -0.569122 0.474196 -0.231217 -0.584874 0.0867423 0.067922 -0.834984 -0.30639 -0.160899 0.152475 0.695032 -0.404731 
-0.771191 0.159277 0.215943 0.819021 0.945155 0.15763 0.189159 -0.666668 -0.801761 3.91549 -1.34148 -0.227562 -1.04005 -0.24878 0.000717232 -0.685819 0.647589 0.089626 1.16076 0.301824 -1.09521 0.215358 -0.21371 0.0669851 -0.937253 -0.845498 0.344306 -0.3881 0.136721 0.226473 -0.6973 0.307933 0.502482 0.180683 -0.400985 -1.31468 -1.56337 -0.201168 0.166599 0.379629 0.47694 -0.461348 -0.0759018 -0.353854 -0.309213 -1.48555 -0.193056 0.908618 0.229579 1.48462 0.328257 1.05536 0.255455 -0.437435 -0.268892 1.62681 0.852554 0.09429 -0.613677 0.30184 -0.390395 0.69339 0.0311235 1.40248 
-0.062264 -0.551942 0.360683 -0.506575 -0.668323 -0.121254 -0.0683323 0.328196 1.1795 -1.34483 3.55464 0.458355 0.220721 1.00855 -0.189719 -0.420732 -1.09913 0.138072 -0.36551 -0.398923 -0.260312 0.446185 0.860408 0.812685 0.0047765 0.388799 0.0410559 -0.0302879 -0.440069 -0.22963 -0.562234 1.22851 -0.210445 -0.47983 -0.555048 0.725368 0.293971 -0.00522688 -1.59781 -0.331653 0.859135 -0.663327 -1.22981 0.224292 -0.266457 1.48031 0.151733 -0.666394 -0.54444 0.631432 -0.649983 -0.494398 0.52598 1.40016 0.633554 -0.547647 0.0166677 -0.520271 -0.578132 0.6589 -0.624177 1.78041 -0.307119 -0.194506 
1.17668 0.590203 0.107392 -0.077727 -0.670509 -0.736478 -0.570043 -0.817216 -0.135405 -0.292636 0.396631 4.50477 0.0971223 -0.325708 1.00643 -0.538887 -0.924724 -0.957267 0.316174 0.535135 -0.330523 0.193547 -0.0269052 -0.469348 -1.02534 0.389691 0.154065 1.00753 0.48745 0.2773 -0.0927118 -0.354293 0.21339 0.540084 1.09855 0.682332 0.544512 -1.46483 -2.11712 0.127759 0.063609 0.209074 0.818037 -1.47539 -1.46645 0.138104 -1.37195 0.816656 -0.933463 -0.872701 0.825516 -0.136778 -0.712552 0.00260217 -0.127386 0.614965 -0.494429 -0.621681 -0.959041 0.764006 -0.252132 0.245915 1.25071 -0.16831 
-0.327818 -0.279578 -0.539761 0.665928 0.800346 0.956265 -0.170905 0.406561 0.486473 -1.04807 0.216051 0.154176 3.89901 -0.566437 -0.950618 -1.08019 -0.84268 0.465515 -0.183454 0.725434 0.808276 1.64932 -0.281379 -1.07686 -0.377429 0.16132 -0.453702 0.737078 -0.693193 0.0613445 0.414524 -0.444668 -1.11639 0.71879 0.899109 0.485222 0.976922 0.287914 -0.559847 -0.562572 -0.823656 -0.00453866 0.307352 -1.08084 0.529564 0.55663 0.534264 0.839803 -0.296831 0.500169 0.33176 0.0929085 0.726646 -1.06003 -0.322594 -2.10987 0.0881962 0.387091 -0.34954 -0.233239 0.110468 -0.283248 -1.21731 0.684289 
-0.302976 0.631137 0.466894 -0.202952 -0.105135 0.16495 0.323469 -0.0811194 0.104303 -0.315944 0.944736 -0.327797 -0.62558 3.4999 -0.957177 0.280411 -0.293341 -0.108361 0.775925 0.0190774 1.49091 -1.0825 0.0957986 0.392614 0.728638 -0.453095 0.576818 -0.446543 -0.864302 -1.37459 -0.263824 0.797878 -0.588188 -0.971191 1.20909 0.549531 -0.574698 -0.363064 -1.63158 -0.140422 0.0915695 -1.37269 0.161396 0.764709 -0.988438 -1.11029 1.1421 -0.646307 0.0515055 -0.805619 -0.116518 -0.94045 0.836702 0.389263 0.333405 0.588805 0.397925 0.0945468 0.259739 -0.571224 -1.22818 -0.36877 0.0906253 0.51081 
0.625421 -0.208827 -0.941091 -0.591423 -0.605304 -0.533773 -1.75736 0.407757 -0.367581 0.0116782 -0.175407 1.08246 -0.931637 -0.879052 3.19899 1.2498 0.325316 -0.0322054 1.26068 0.293969 -0.842524 -0.0361816 0.294003 -0.173515 -0.786948 -0.00164654 0.0275725 0.163347 0.602862 0.00798939 0.737833 -0.0720913 0.914156 0.338838 -0.177259 -0.103474 0.752987 0.0822103 0.993202 0.625105 -0.015562 -0.0933802 -0.404132 -0.0693333 -0.781872 0.323608 0.348286 -1.20634 -1.04279 -0.792767 0.652854 0.626104 0.424012 0.703731 -0.832109 0.396132 -0.0321505 1.30398 -0.956813 0.619725 0.181809 0.210168 0.104608 -0.904376 
1.12709 0.968515 -0.265986 -0.408587 -0.340073 -0.869048 -0.906435 0.218357 0.473339 -0.715075 -0.446638 -0.503069 -1.10143 0.318318 1.20958 3.68677 1.81718 0.396283 -0.819509 -0.622845 0.27383 0.379199 -0.0961169 0.0675001 -0.508281 -0.624549 -0.79922 -0.846272 -0.301424 0.384459 0.920874 -0.824548 0.39318 -0.545268 0.508032 -0.251409 0.491077 1.26339 0.344404 -0.589003 0.330875 -1.31527 0.557832 0.02273 -0.0652562 0.471827 0.0724644 -0.992236 -0.104392 -0.42864 0.351067 -0.865998 -0.477928 0.811782 -0.66515 1.0387 -0.886955 0.914983 1.08397 -0.800155 -0.676376 -0.291699 -0.221831 0.247415 
0.369578 0.930941 0.11367 -0.983326 -0.409526 0.627368 0.199708 -0.468048 -0.752315 0.637193 -1.10617 -0.870045 -0.845055 -0.236573 0.30396 1.83604 4.07219 -0.542521 -1.16952 -1.02469 -0.50623 0.983723 -0.571654 -0.876091 0.724162 0.32267 -0.235897 0.942037 0.442669 0.282515 -0.0643566 -0.545811 0.194719 0.290985 -0.27588 -0.214109 -0.365075 1.88042 -0.370905 0.309867 0.229862 -0.376804 0.561413 -0.132633 0.229615 -0.925994 -0.0941571 -1.01064 -0.100455 0.839118 -0.995064 -0.0462061 0.723352 -0.292635 0.362612 0.702011 -0.943232 0.67619 0.340331 1.1468 -0.87028 -1.23883 -0.175119 0.535583 
-0.0365172 0.318838 0.284719 1.45376 0.2254 0.412691 -0.808793 0.455069 -0.956227 0.063142 0.114939 -0.918677 0.447051 -0.0676817 -0.0696503 0.399056 -0.558609 2.93761 0.093322 -0.682326 -0.0677663 0.828666 0.854121 -0.972192 -0.0334579 0.815851 0.304576 -0.0990874 -1.08881 0.282828 -0.09597 0.349456 -1.08888 -0.0153051 0.107579 -1.29931 0.0705398 -0.0173268 0.528101 0.331289 -0.625078 0.19142 -0.459679 0.545494 0.0643567 0.803487 -0.578042 -0.214177 0.234908 -0.490668 0.187244 -0.331358 0.551732 1.09274 -0.942902 0.95961 -0.102473 -0.643583 0.162061 -1.98316 0.231625 0.838514 -1.26071 0.112421 
0.181337 -0.268019 -0.679346 -0.950591 -0.196398 1.28717 -0.623155 0.22465 -1.11314 1.14238 -0.380544 0.362865 -0.193818 0.824704 1.23134 -0.808637 -1.17751 0.101422 4.28578 -0.22558 1.20311 -0.854176 0.184638 0.460446 -0.39177 -0.999418 0.782123 -0.950105 -0.715842 0.679059 -0.732568 1.39394 -1.38001 0.0887738 0.207855 -0.518958 0.186297 -1.54189 0.920165 0.733427 -0.043457 -0.625302 0.204353 -0.264713 -0.657382 -0.197256 0.294661 -0.399263 -0.587919 -0.395481 0.51517 1.20087 0.205663 -0.531555 -0.339707 -0.035658 0.364972 1.63919 -0.906972 0.216282 -0.0195115 -0.143989 0.283878 0.107322 
-1.86734 -0.859569 -1.28481 0.504413 1.03994 -0.607865 -0.202088 0.330023 1.52516 0.328452 -0.368944 0.626837 0.760082 0.112868 0.309635 -0.566961 -0.987671 -0.629215 -0.180569 4.00206 1.07065 0.411657 0.639882 0.0546598 -0.242241 -0.286356 -0.855095 0.361802 0.928094 0.1283 -0.106114 -1.55279 0.957026 0.151298 0.94195 -0.192259 -0.629409 0.0334967 0.39031 0.478507 0.31066 -0.0260434 -0.0840713 0.423579 0.448203 -0.973338 0.0308843 -0.296268 -0.236528 -1.20606 1.36416 -1.13781 0.790686 -0.62798 0.616502 0.363379 0.62068 -0.324591 -0.94587 0.283467 -0.148368 0.0941836 0.609086 -0.0714195 
0.193287 0.981947 -1.05181 -0.649868 0.567105 0.974407 -0.143055 0.369673 -0.113754 -1.08558 -0.247336 -0.255823 0.825922 1.5677 -0.843859 0.312712 -0.486209 -0.0316568 1.23112 1.05365 3.85167 -0.0645448 -0.101324 0.939248 0.0904575 0.0780233 -0.483542 -1.16737 -0.170601 1.04755 0.203244 -0.153282 -1.72916 -0.169647 1.11091 0.277647 -0.406513 -0.239289 0.0229623 0.0401707 -0.607927 0.062003 0.511351 0.81566 0.222973 -0.119934 -0.655821 -0.930524 0.41693 -1.19189 0.455964 -0.979874 -0.409055 -1.17872 0.92334 -0.471674 0.314613 -0.248094 1.08756 0.316879 -0.800202 -0.622839 0.230421 0.170495 
-0.143551 0.664243 0.24775 -0.174757 0.832764 0.346453 -0.491426 -0.626231 0.285985 0.152695 0.386873 0.19596 1.59468 -1.078 -0.109805 0.345793 0.931456 0.792488 -0.898455 0.322367 -0.136833 3.99333 -0.381489 -1.10258 -0.65602 -0.581604 -0.605869 0.462728 -0.199127 0.807178 0.0287135 -0.0229055 -1.33514 0.301432 -0.156673 -0.387594 -0.600878 0.792779 -1.20256 0.28563 0.949792 0.512733 0.184783 0.0415039 1.1389 -0.0322156 -0.435248 -0.90317 -1.05266 0.329693 0.272559 -1.17039 -0.622383 -0.447602 -1.12956 -0.0296567 -0.394562 0.122185 -1.47825 0.607783 -0.0744019 1.28987 -1.86107 0.131957 
-0.325518 -1.91643 0.0660062 0.456014 -0.237936 0.634601 0.647288 -1.7615 0.0300271 -0.240577 0.836892 0.0113019 -0.300226 0.136095 0.256174 -0.0937276 -0.588126 0.853738 0.176155 0.586388 -0.137816 -0.345694 4.75518 0.259068 -0.73512 1.35231 -0.00962508 0.307413 -0.385119 0.4201 -1.29723 -0.576375 -0.0611928 -0.692951 -0.62011 0.163571 0.436224 -0.738532 0.72233 -1.29788 -1.40229 -0.134133 0.600613 0.53929 0.312528 -0.281571 -0.676739 -1.59026 -0.804676 1.07351 1.34947 -1.04327 0.600606 1.78834 0.108393 0.815679 -0.402033 0.220215 -0.048692 -0.132351 0.0755521 -0.574341 -0.00649192 -0.011268 
0.307541 -0.640248 -0.459334 -0.250114 0.123411 -1.71787 -0.114658 -0.793501 0.386893 0.0206377 0.769688 -0.450621 -1.11519 0.41343 -0.230824 0.0504091 -0.912043 -0.992055 0.432483 -0.0183152 0.883275 -1.08626 0.239588 3.84133 -0.268489 0.109562 0.277221 -1.51562 0.616212 0.865823 0.796665 0.768904 0.33516 -0.0851631 -0.0711155 -0.475295 -1.17706 -1.13553 0.413531 -1.98937 0.900197 0.619221 -0.491866 0.269469 0.314885 0.364273 0.0570935 -0.406994 0.910762 -0.0559308 -0.323862 0.205986 -0.533645 0.0996176 0.804811 -0.773525 -0.521728 0.273834 0.651786 1.37799 -0.452415 0.210025 -0.734132 0.955577 
-0.922103 -0.320827 0.340341 -0.0692197 -0.512183 -0.20273 1.29354 0.30151 0.362263 -0.95316 -0.007779 -0.97617 -0.385315 0.779895 -0.813815 -0.494931 0.718652 -0.0228803 -0.389292 -0.284775 0.0649256 -0.609264 -0.72416 -0.238047 3.48555 -0.353609 1.24718 1.70983 -0.629122 0.595878 -0.31709 1.03984 0.0236826 0.454125 0.517659 -0.228185 0.325766 0.148287 0.405006 0.904644 1.00654 0.755549 0.0701373 0.848078 0.215062 -0.53581 -0.103927 -0.111117 0.334832 -1.60129 -1.82386 -0.184626 0.528724 0.387103 0.218834 -0.365757 -0.918472 -0.179335 -0.112792 -0.273352 0.339591 -1.44087 0.121014 -0.615414 
0.123649 0.329384 0.440959 0.829381 -1.45171 0.590953 -0.0088068 0.314871 -1.33503 -0.883273 0.354374 0.41699 0.131566 -0.423707 -0.0503826 -0.633067 0.29529 0.80456 -1.01881 -0.350758 0.0306226 -0.556717 1.3414 0.118134 -0.375477 5.20041 -0.0531145 -0.258865 1.39676 -1.47586 -0.195144 -0.790845 -1.06383 0.709432 -0.104825 0.0790903 -1.36728 0.546439 0.194337 -1.21323 -1.19386 1.17753 -0.850998 0.464692 -0.215922 1.25266 -0.474113 -0.0788848 0.195799 -0.681271 0.51831 0.737763 1.43235 -0.0858396 0.196208 0.285112 -1.36976 -1.07509 -0.493033 0.873094 -0.577643 -0.779613 0.299436 0.228353 
0.603462 -0.0488856 0.901636 0.645407 0.00965607 0.00400161 0.512313 -0.812958 -0.645358 0.406658 0.106759 0.281491 -0.38333 0.706333 0.0789635 -0.707611 -0.163149 0.393412 0.862859 -0.819371 -0.430816 -0.480855 0.0795941 0.38592 1.32544 0.0470126 1.77905 1.09798 -0.273744 -0.162483 0.539294 1.20821 -0.0164525 0.19659 0.344683 -0.0714276 0.0119164 -0.984291 -0.0660482 0.019476 0.385767 0.773272 0.12252 0.468492 -0.582797 -0.630248 0.382647 0.0635029 0.305522 -0.550148 -0.686137 0.619762 0.207723 0.475323 -0.33164 0.000102415 -0.0982274 0.36322 -0.465911 -0.160792 0.530129 -0.289119 -0.48751 -0.0654965 
0.0350014 -0.819051 -0.0190043 0.382319 0.347325 0.4637 0.436216 -1.04764 -0.499187 -0.352793 0.00836956 1.10791 0.780405 -0.344073 0.187693 -0.781709 0.987739 -0.0372969 -0.896415 0.370481 -1.14169 0.560697 0.369587 -1.43397 1.76104 -0.185783 1.07093 3.81505 -0.56952 0.178374 0.192216 -0.499499 1.4361 0.25776 1.08171 0.223338 1.04019 -0.538323 -0.764615 1.18389 -0.337707 0.969266 -0.419469 -0.607132 -0.498145 -0.658526 -0.0769716 -0.568719 -0.0387101 -0.202546 -1.419 -0.66933 0.919092 0.222949 0.536646 -0.0361567 -0.700183 0.229016 -0.409314 0.258257 0.693301 -0.322676 -0.16605 0.0550265 
0.181047 0.4479 0.995315 -0.840073 -0.0995641 -0.825227 -0.864069 0.571738 -0.167535 0.231162 -0.342277 0.646966 -0.590731 -0.702697 0.686342 -0.177726 0.547505 -0.967889 -0.603016 0.995907 -0.0857857 -0.0420236 -0.263811 0.757001 -0.518774 1.52897 -0.241655 -0.510385 3.71626 -0.812999 0.300017 -0.291595 0.319017 0.291226 -1.48608 -0.343538 -0.730122 -0.22079 -0.290097 0.133153 0.307859 1.17809 1.42204 -0.0878898 1.4258 -0.17509 1.04316 0.314491 0.257684 -0.402014 0.972564 0.0294599 0.849379 -0.478147 1.4114 0.0828768 0.377966 -0.548636 0.00459934 0.872118 0.587059 -0.187834 0.230407 -0.933404 
-0.0238059 -0.353727 -1.47309 -0.275127 0.208186 -0.446008 -0.136321 -0.421651 0.402278 0.238338 -0.214415 0.354239 0.0812292 -1.29556 0.00889274 0.42558 0.304775 0.321176 0.709307 0.113537 1.04978 0.881704 0.458831 0.924035 0.623649 -1.42622 -0.212971 0.154931 -0.895576 4.46345 -0.711439 0.689908 -0.566522 1.0766 -0.174791 -1.33328 0.89975 -0.236669 0.749385 0.17761 0.675956 0.265553 0.882179 -0.433408 0.495535 0.304412 -3.1432 -0.126637 0.049666 0.283756 -0.653762 -0.0856527 -0.788313 0.602402 0.59433 -0.179107 -0.492823 -0.546337 0.812897 0.569386 -0.374276 -0.287153 -0.199838 0.25452 
1.81875 0.649373 -0.442397 1.06162 0.792874 -0.911639 -0.857937 -0.624228 -0.0421512 -0.662591 -0.524175 0.00707149 0.457253 -0.161952 0.761581 0.984839 -0.0192523 -0.0347771 -0.679475 -0.0980323 0.228327 0.126085 -1.23566 0.877721 -0.266474 -0.12266 0.511651 0.191618 0.240285 -0.688594 3.1668 -0.581774 0.813828 0.309469 0.786052 0.689978 0.154982 0.352607 0.223343 -0.940532 -0.0801661 0.71535 -0.515197 0.852109 -0.808834 -0.454952 0.698346 -0.326207 0.986412 -0.73586 -0.121821 0.595731 -0.514785 -0.293666 -0.482814 -1.16924 0.847993 0.425559 0.282902 -0.0809952 0.39647 0.26285 -1.36851 -0.360344 
-1.21371 0.757358 0.689317 -0.415677 -0.0816797 -1.02053 -0.219077 0.829913 -0.437959 0.285121 1.20905 -0.312031 -0.45946 0.842229 -0.105864 -0.818103 -0.558228 0.353128 1.38952 -1.60223 -0.185719 0.0169446 -0.57232 0.792439 1.03293 -0.775882 1.12305 -0.557618 -0.408848 0.655232 -0.639295 3.95261 -0.714489 0.387449 -0.882524 -0.028847 0.0508953 -0.582001 -0.702955 0.398982 -0.0306538 0.968864 0.364207 0.153879 -0.0834437 0.0509031 0.458397 0.247022 -1.3943 0.250973 -0.7772 0.38196 -0.167473 1.36385 -1.51796 -0.551497 0.485346 -0.240447 0.472239 1.0742 -0.50557 -0.297468 -0.786614 -0.0095483 
-0.693503 -0.908166 -0.694054 0.420262 0.694403 -1.64132 -0.145293 -0.0283584 0.460212 0.463207 -0.246369 0.23919 -1.14764 -0.560299 0.86392 0.383161 0.165839 -1.10167 -1.4009 0.891123 -1.77806 -1.31175 -0.0736005 0.342232 0.000313952 -1.06533 -0.118079 1.36152 0.185301 -0.617661 0.739844 -0.730952 3.68431 -0.557031 0.347446 0.406009 0.47862 -0.14937 0.398856 0.40083 -0.633141 0.30068 -1.29921 -0.652182 -0.661804 -0.231582 0.788966 0.0572496 0.133875 0.607952 -0.628124 -0.431866 -0.074042 0.64344 0.182198 0.409696 0.338337 0.104365 1.12837 0.449039 0.328826 0.332491 0.779855 0.396601 
-0.407116 -0.0500728 -1.01731 0.4374 -0.700919 -0.797951 -0.626406 0.0527643 -0.213839 0.0156166 -0.641546 0.440092 0.561744 -1.06909 0.16281 -0.681078 0.136314 -0.153888 -0.0579088 -0.0403965 -0.344339 0.199027 -0.83115 -0.203882 0.304965 0.58214 -0.0308288 0.057387 0.0317187 0.899671 0.109694 0.245194 -0.682822 1.76 -0.0754763 -0.55606 0.0845246 0.603756 -0.0776294 -0.410244 0.238886 0.23348 0.349358 -0.157017 -0.495017 -0.589702 -1.28576 0.655909 -0.124397 -0.578528 -0.226307 1.33796 0.842054 -0.0164226 -0.308148 -0.983035 0.00525344 -0.622112 -0.888796 0.533814 -0.586059 -1.07664 -0.678437 -0.318691 
-0.159957 0.236762 -0.937447 0.810228 0.205643 -0.387213 0.0295503 -0.375253 -0.162365 -0.570307 -0.72102 0.994305 0.737807 1.10693 -0.357542 0.367966 -0.434807 -0.0352593 0.0569168 0.746 0.931961 -0.263333 -0.762565 -0.19409 0.364243 -0.236372 0.113009 0.877082 -1.74985 -0.355977 0.582021 -1.02903 0.217398 -0.0797319 3.14609 -0.00350988 -0.346211 -0.658134 -0.541878 -0.37607 -0.201696 -0.344333 -0.864866 -0.728865 -1.27954 -0.0926036 -0.0329676 0.0322541 0.144279 -1.76987 -0.225143 -0.79806 -0.160907 -0.854091 -0.819331 0.336516 -1.47669 0.632686 -0.170827 -0.460894 -0.729971 -0.597 0.0826714 1.59741 
0.426554 0.321277 0.0333202 -0.379299 -0.19145 0.648506 1.18061 -0.467974 0.634348 -1.42904 0.614363 0.63305 0.378887 0.502338 -0.228791 -0.336508 -0.318069 -1.38718 -0.61493 -0.333242 0.153666 -0.439287 0.0760829 -0.543303 -0.326635 0.00250974 -0.248135 0.0736755 -0.552335 -1.4595 0.540914 -0.120391 0.330928 -0.505349 0.0514565 2.88235 0.531918 0.72701 -0.563578 -0.404953 -1.10376 0.0420106 -0.381288 0.72363 -1.00681 -0.374856 0.381508 -0.355312 -0.992092 0.648588 0.205133 -0.0258132 -1.50003 -0.285372 -0.89796 -1.11024 0.886511 0.0647422 0.0701498 1.11933 -0.122515 -0.485195 1.04968 -0.921857 
0.754424 -0.808836 -0.600658 -0.480775 -0.498112 0.000969056 -0.603126 0.300888 0.377952 -1.64399 0.216703 0.528968 0.904324 -0.588153 0.661407 0.439715 -0.435298 0.0164052 0.124063 -0.736655 -0.496757 -0.618834 0.382472 -1.21133 0.261054 -1.41012 -0.131054 0.924262 -0.905182 0.807268 0.0396547 -0.00691098 0.437276 0.168973 -0.257507 0.565656 3.0031 -0.143695 0.0436288 0.34647 -0.907931 -0.818012 1.07892 -1.03479 -0.327468 0.376297 -0.210154 0.256493 -0.387146 0.403509 -0.2454 0.138502 0.241826 1.06057 0.220461 -1.21396 0.444304 0.363112 0.874154 -1.20621 0.645568 -0.754724 0.0849468 -1.13031 
-0.629212 0.658704 -0.780241 0.25844 -0.576172 0.306138 0.348608 0.908949 1.11159 -0.279474 -0.0801812 -1.47806 0.217629 -0.374206 -0.00705578 1.21434 1.81251 -0.069148 -1.60182 -0.071436 -0.32722 0.777136 -0.78997 -1.16749 0.085888 0.505909 -1.12495 -0.651935 -0.393536 -0.326838 0.239593 -0.637494 -0.1884 0.690517 -0.567117 0.763061 -0.141382 3.36459 0.404391 -0.23346 0.29271 -1.23992 -0.609964 1.14799 -0.371617 -0.293301 -0.539302 -0.133562 -0.373456 0.618637 -0.155362 0.815715 0.414871 0.0911541 -0.699026 -0.385284 0.623921 -0.429439 -0.417626 0.41096 -1.1799 -0.50672 0.0971895 -0.520624 
-0.548022 -1.22875 -0.963203 0.429873 -0.0344357 0.461499 0.737218 0.673001 0.206602 0.151126 -1.60993 -2.06752 -0.567299 -1.57989 0.966768 0.358188 -0.375983 0.539112 0.923076 0.34821 -0.00213629 -1.15537 0.733724 0.444406 0.40544 0.216639 -0.143873 -0.815394 -0.400012 0.722048 0.173162 -0.695616 0.422658 0.0719641 -0.388029 -0.464695 0.108774 0.467224 4.23677 -0.0691089 -0.279532 0.595011 -0.931787 0.964597 0.713097 0.807878 -0.172114 -0.245867 0.320399 -0.47765 0.361425 1.03353 -0.90051 -0.34407 -0.993398 -0.131182 -0.532435 1.12472 0.0705434 -0.491019 1.19112 -0.767088 0.721158 -0.474552 
-0.905374 0.517154 -0.365713 -1.21369 0.215729 0.966757 -0.720287 1.37274 -1.06261 0.27253 -0.4354 0.0857353 -0.66165 -0.180357 0.507046 -0.666845 0.213164 0.250675 0.644712 0.344781 -0.0765533 0.241194 -1.37811 -2.05012 0.813452 -1.28256 -0.149974 1.04149 -0.0683869 0.0586476 -1.08234 0.314696 0.333006 -0.352276 -0.313847 -0.397696 0.31999 -0.262253 -0.160734 3.50936 -0.321783 0.517561 -0.814289 0.0226257 -0.00342492 -0.0853553 -0.219531 -0.602539 -0.398277 -0.805847 -0.845957 -0.827464 -0.0230946 -0.446184 0.473856 0.962246 0.751423 -0.683817 0.00438191 -0.248928 0.601081 0.980692 0.987937 -1.22493 
0.362848 -0.455533 0.641158 -0.542091 -0.866355 -0.809834 0.605015 -0.346194 1.85459 0.398175 0.783721 0.0499184 -0.8944 0.079968 -0.105288 0.281367 0.161492 -0.677359 -0.103838 0.205267 -0.696317 0.93369 -1.45419 0.86778 0.943681 -1.23485 0.24465 -0.451779 0.134653 0.585327 -0.19364 -0.0866065 -0.672631 0.325188 -0.111139 -1.06817 -0.906077 0.29225 -0.342824 -0.293449 4.06294 -1.21561 0.0269493 0.388885 0.536612 0.00526412 -0.326395 0.39132 0.659704 -1.15363 -0.571693 0.460877 -0.240188 -0.303494 0.500183 0.222563 -1.05838 0.408602 -2.52299 -0.41486 0.0729449 1.09472 -0.291011 -0.371671 
-0.57093 0.277415 0.268515 0.0800465 0.685394 -0.83165 -0.0945259 -0.477429 -1.59713 -0.598769 -0.797396 0.136728 -0.133938 -1.44294 -0.241761 -1.42344 -0.503829 0.0804832 -0.744338 -0.190091 -0.0850429 0.437975 -0.244686 0.528149 0.634035 1.07788 0.5735 0.796539 0.94623 0.116269 0.543221 0.854256 0.202534 0.261126 -0.312432 0.018946 -0.874814 -1.29904 0.473064 0.487239 -1.27426 3.82369 -0.468107 0.513129 0.877305 0.0310566 -0.205834 -0.617585 -0.320534 -0.994121 -0.43677 -0.824128 -1.40295 -0.436578 -0.933468 -0.50108 -0.487181 -0.838677 0.577592 1.39026 1.14762 -0.328837 -0.705334 -0.554698 
0.449823 0.409817 1.23952 -0.638782 -0.306849 -0.779254 -0.0286646 -0.783741 0.259015 -0.147243 -1.2978 0.811771 0.244031 0.157218 -0.486434 0.515748 0.500468 -0.504536 0.151396 -0.18204 0.430384 0.176104 0.556139 -0.51686 0.0147027 -0.884564 -0.0111731 -0.526117 1.25625 0.798973 -0.621247 0.315678 -1.33127 0.443084 -0.766885 -0.338273 1.0882 -0.602999 -0.987655 -0.778531 0.0343733 -0.402027 4.468 -0.775034 1.20056 -1.67702 -0.0467262 1.00538 -0.515613 -0.142823 1.46117 -0.429418 0.105378 0.415788 0.0966938 -0.129151 0.147137 -0.0113395 0.475079 -1.11712 0.276189 -2.34889 -0.310435 -0.80261 
-0.0839456 0.170243 -0.175882 0.523349 -0.0388841 0.27423 0.669643 -0.672086 0.289128 -0.465079 0.116417 -1.52154 -1.18405 0.720647 -0.19152 -0.0592391 -0.233464 0.460752 -0.357555 0.285726 0.694809 -0.0070594 0.454932 0.204591 0.752759 0.391242 0.294915 -0.753664 -0.293556 -0.556498 0.706174 0.0654654 -0.724133 -0.103176 -0.670768 0.72676 -1.0654 1.11506 0.868845 0.0184986 0.356424 0.539324 -0.814919 3.32684 -0.366042 -1.42238 -0.689729 -1.653 0.222618 -1.07554 0.105805 -0.0756962 -0.687563 0.427852 -0.560365 0.0315112 1.34032 -0.877858 -0.906969 -0.0339182 0.0198401 0.16456 -0.402576 -1.89291 
-0.949586 -0.6907 0.80419 -1.17745 0.309342 -0.18558 0.140907 0.253933 0.304714 -0.444178 -0.398071 -1.53634 0.40262 -1.05624 -0.927798 -0.170965 0.105045 -0.0441246 -0.773963 0.286611 0.0783819 1.06659 0.20443 0.226267 0.0960027 -0.313112 -0.780114 -0.668417 1.19639 0.348706 -0.978508 -0.195597 -0.757495 -0.464916 -1.24518 -1.02742 -0.381814 -0.428277 0.593605 -0.0312917 0.480412 0.87976 1.13694 -0.389782 2.85884 0.492508 0.832362 -0.16248 -0.0154825 0.0708878 0.334165 -1.29857 -0.332868 -0.621699 0.431534 -0.354717 -0.965825 0.261946 0.208045 -0.359278 1.07953 -0.154841 -0.776461 -0.222532 
0.330117 -0.0239653 0.139945 -0.49745 -0.804794 0.236852 -0.32389 1.90984 0.219488 -1.49202 1.47719 0.196711 0.558183 -1.0496 0.30618 0.494616 -0.922066 0.823504 -0.18534 -1.00643 -0.136027 0.0239795 -0.261171 0.404153 -0.526371 1.28397 -0.699067 -0.7003 -0.275999 0.28608 -0.496128 0.0672481 -0.198774 -0.431103 0.0702513 -0.266967 0.450449 -0.221463 0.816884 0.0152759 0.0775619 0.16201 -1.61215 -1.31762 0.621006 3.94755 -0.0125779 0.60369 -0.0291538 -0.0231939 -0.411443 -0.047595 -0.732633 -0.062441 -0.134545 -0.0975641 -1.91977 0.150012 0.644711 -0.16593 0.357914 1.39013 0.756566 0.690334 
-0.701829 -0.351805 1.15049 -0.799308 0.455027 -0.291913 -0.47918 0.813345 -0.0868622 -0.25449 0.0936507 -1.36831 0.480852 1.14783 0.275892 0.0402878 -0.145195 -0.612991 0.251612 -0.0571763 -0.72688 -0.434019 -0.711305 0.0420078 -0.149454 -0.497771 0.258862 -0.173711 0.887286 -3.21649 0.602204 0.419776 0.766808 -1.18212 0.0749215 0.43443 -0.190969 -0.52243 -0.218074 -0.173866 -0.309063 -0.129847 -0.0368184 -0.639937 0.905894 -0.0675438 4.43472 -0.187748 -0.442782 -0.0194723 0.294648 -0.449893 1.03605 -0.567203 -0.628257 -0.724253 -0.10551 2.11148 -0.112969 -0.340866 0.713436 -0.208161 -0.918387 0.452407 
-0.395366 0.432951 0.885609 1.18073 -0.246325 -0.904897 0.717765 1.03503 0.695822 0.840449 -0.731212 0.813562 0.779655 -0.647312 -1.28547 -1.03115 -1.06841 -0.255861 -0.449048 -0.391064 -1.00832 -0.908676 -1.63156 -0.428815 -0.16338 -0.109278 -0.0670175 -0.672194 0.151882 -0.20667 -0.429085 0.201666 0.028356 0.752807 0.133408 -0.309125 0.268943 -0.123425 -0.298563 -0.56361 0.401917 -0.548333 1.00855 -1.60994 -0.0956834 0.541989 -0.194484 3.68619 0.515764 0.369059 0.278893 1.45796 -0.296655 -0.470016 -0.413155 -0.23185 0.0406724 -0.964451 0.320271 -1.24583 0.152209 -0.486191 0.96374 0.70454 
1.31823 -0.410785 -0.202804 0.507981 0.048094 0.125896 -0.0676774 -0.618318 -0.531097 0.0946818 -0.675987 -1.00329 -0.423708 -0.0162288 -1.18865 -0.210033 -0.224958 0.126494 -0.704433 -0.398053 0.272407 -1.12489 -0.912706 0.822212 0.215841 0.0986765 0.108273 -0.208914 0.0283451 -0.097096 0.816805 -1.50639 0.0382523 -0.0942282 0.178704 -1.01263 -0.441425 -0.430048 0.200974 -0.426076 0.603571 -0.318012 -0.57917 0.198946 -0.015415 -0.157584 -0.516247 0.449035 2.65164 -0.334244 -0.946356 0.492502 0.340264 -0.810142 2.12332 -0.219891 0.134032 -0.702344 0.514441 -1.46915 0.467957 0.624432 -0.490805 0.0951127 
0.0316972 -0.596253 0.101774 -0.251841 0.593803 1.06674 0.681737 -0.848033 -0.103669 1.43441 0.584571 -0.857839 0.457978 -0.788667 -0.85394 -0.449595 0.799302 -0.514396 -0.427309 -1.2829 -1.25172 0.342143 1.05017 -0.059795 -1.6356 -0.693707 -0.662712 -0.288065 -0.546667 0.22168 -0.82078 0.223573 0.597015 -0.463673 -1.65076 0.712732 0.433916 0.646731 -0.512389 -0.748961 -1.12508 -0.906913 -0.121694 -1.01452 0.155641 -0.0669384 -0.00825092 0.387015 -0.249558 4.19504 -0.280976 0.638327 -0.209931 0.224517 0.448502 -0.548083 1.10186 0.140207 1.072 0.986567 -0.397426 0.63105 -0.165518 1.07067 
-0.275313 0.033878 0.169287 0.291604 0.0140558 -0.343188 -0.421105 -0.212736 0.363298 0.196147 -0.778742 0.75848 0.20767 -0.181465 0.509783 0.248213 -1.11678 0.0816172 0.401443 1.20543 0.314228 0.203111 1.24423 -0.409625 -1.94006 0.423975 -0.880599 -1.58642 0.746012 -0.797737 -0.28864 -0.886498 -0.72096 -0.193351 -0.187931 0.187379 -0.296892 -0.209168 0.244787 -0.870969 -0.625039 -0.43146 1.4004 0.0849206 0.33702 -0.537086 0.223971 0.214952 -0.943569 -0.362874 2.56981 -0.382135 -0.420597 -0.0640392 -1.13133 0.581967 0.421635 0.114022 -0.675556 -0.659505 0.0508839 -0.431763 0.242937 -0.438311 
0.735079 -0.240292 -0.509284 0.608766 -1.05818 0.341954 0.0698415 0.232383 -0.300802 0.990896 -0.555506 -0.136163 0.0364702 -0.937745 0.550685 -0.901201 -0.10027 -0.369333 1.15479 -1.2289 -1.05396 -1.17219 -1.08086 0.187874 -0.233179 0.711079 0.492951 -0.769095 -0.12944 -0.161976 0.496563 0.340313 -0.45705 1.43856 -0.693196 0.0240837 0.154661 0.829561 0.984545 -0.784825 0.475183 -0.751166 -0.422536 -0.0289295 -1.22807 -0.105587 -0.452919 1.46167 0.562941 0.62408 -0.314484 3.352 0.643157 -0.378877 -0.234613 -1.19121 0.677272 0.274161 -1.14366 0.273141 -0.193678 -0.524786 0.0962798 -0.261575 
-1.16472 -1.09165 -0.815868 0.108172 -0.814123 -0.123617 -1.73633 0.757678 -0.677157 0.185369 0.459244 -0.717565 0.66458 0.833779 0.342964 -0.518758 0.663661 0.508129 0.153961 0.693972 -0.488767 -0.629807 0.557387 -0.557384 0.474544 1.40004 0.0752842 0.813699 0.684852 -0.870263 -0.61958 -0.214747 -0.104853 0.937034 -0.0616716 -1.45576 0.252358 0.423089 -0.955123 0.0139174 -0.23151 -1.33561 0.106633 -0.646424 -0.267989 -0.796253 1.0274 -0.298573 0.405076 -0.229806 -0.358573 0.63753 4.65121 0.771306 1.80463 -0.356144 0.168172 -0.00722864 -0.756738 -0.482588 -1.04289 -0.850263 -1.32463 0.382538 
-0.506561 -0.574922 0.0681476 0.576162 -0.693004 -1.64108 -0.675765 -0.19062 0.32797 -0.545713 1.29523 -0.0406016 -1.16029 0.348148 0.584492 0.732761 -0.390518 1.01095 -0.621449 -0.762886 -1.29663 -0.493217 1.70693 0.037687 0.294731 -0.156343 0.304693 0.0793644 -0.680866 0.48226 -0.436653 1.27839 0.574437 0.0403658 -0.793047 -0.279295 1.03291 0.0611811 -0.436875 -0.447364 -0.333007 -0.407436 0.378851 0.430799 -0.595012 -0.164252 -0.614048 -0.510125 -0.783523 0.166451 -0.040207 -0.422697 0.733114 2.9475 -0.678058 0.508977 0.326688 -0.802021 0.46622 -0.735869 -0.452188 -0.15252 -0.696001 -0.673772 
0.964636 -1.05675 -0.592962 -1.35555 -0.377558 0.807789 -0.553227 -0.36627 -0.338746 -0.338472 0.567325 -0.131892 -0.384153 0.330989 -0.91265 -0.705474 0.303427 -0.985998 -0.390903 0.520294 0.844134 -1.13648 0.0656805 0.781578 0.16516 0.164403 -0.463572 0.43176 1.24738 0.512886 -0.587103 -1.56473 0.151893 -0.212661 -0.719589 -0.853184 0.2315 -0.690301 -1.04751 0.511375 0.509368 -0.865628 0.0984547 -0.518719 0.496919 -0.197658 -0.636404 -0.414567 2.18863 0.429134 -1.0688 -0.239735 1.80514 -0.63936 4.52454 -0.376036 0.447196 -0.967608 0.628625 -0.241377 0.0201851 0.676655 0.263514 -0.371307 
-0.404914 0.682841 0.762643 0.284109 -0.162356 -0.0801216 0.0659891 -0.196333 -0.715016 1.53462 -0.636489 0.587846 -2.19405 0.563775 0.292978 0.975761 0.620213 0.893901 -0.109467 0.244558 -0.573493 -0.0591875 0.750353 -0.81937 -0.442044 0.230694 -0.154443 -0.163656 -0.103757 -0.283164 -1.29615 -0.620878 0.356778 -0.910161 0.413645 -1.08808 -1.22554 -0.399172 -0.207902 0.977151 0.209134 -0.455852 -0.150003 0.0505436 -0.311945 -0.18329 -0.755013 -0.255874 -0.177186 -0.590064 0.621884 -1.21895 -0.378251 0.525062 -0.398649 3.29321 -0.787024 -0.591554 -0.0754867 -0.941333 -0.331024 0.736001 1.15706 0.556889 
-0.0507058 0.384103 -0.697347 0.44994 0.998668 0.14081 -0.793107 0.0636235 -0.0193036 0.784457 -0.0480789 -0.497452 0.0281193 0.396991 -0.111209 -0.925796 -1.00093 -0.144086 0.315259 0.525955 0.23689 -0.399997 -0.443263 -0.543478 -0.970663 -1.40008 -0.228677 -0.803587 0.215428 -0.572785 0.745186 0.440061 0.309514 0.102222 -1.37547 0.932769 0.456825 0.634128 -0.585059 0.790424 -1.04771 -0.417858 0.15038 1.38345 -0.898957 -1.9814 -0.112175 0.0407435 0.200833 1.08398 0.485648 0.673633 0.170161 0.366869 0.448679 -0.762928 3.91516 -1.39236 0.435252 -0.281488 -0.085826 0.779623 -0.351151 -1.66032 
0.407578 -1.03436 -0.203542 -1.12157 -0.157025 0.576098 0.012076 -0.602403 -0.067101 -0.00278445 -0.613994 -0.653681 0.298037 0.0646357 1.19594 0.847165 0.589511 -0.714173 1.5605 -0.448293 -0.354794 0.087773 0.150008 0.223107 -0.260503 -1.13439 0.203794 0.0966352 -0.740152 -0.655276 0.293775 -0.31471 0.0465657 -0.55412 0.704934 0.0820235 0.346656 -0.448208 1.04312 -0.673793 0.390292 -0.798331 -0.0370731 -0.863707 0.299836 0.0594052 2.07584 -0.993357 -0.66452 0.0933439 0.149058 0.241545 -0.0342167 -0.790817 -0.995102 -0.596435 -1.42134 3.28128 -1.00645 0.231871 0.433737 -0.698342 -0.597603 0.794023 
-0.029318 0.862879 -0.330155 -0.176089 0.842558 -0.712929 -0.430827 0.735539 -0.92595 -0.666694 -0.627799 -0.946984 -0.394537 0.273885 -1.02079 1.06021 0.297709 0.135527 -0.941605 -1.02552 1.02491 -1.46861 -0.0748421 0.645116 -0.149903 -0.508275 -0.581281 -0.497638 -0.142859 0.748015 0.195176 0.442034 1.11462 -0.776747 -0.0545227 0.131488 0.901755 -0.392338 0.0329991 0.0584629 -2.49725 0.661995 0.493402 -0.848761 0.289993 0.598161 -0.104553 0.335422 0.596322 1.06919 -0.596463 -1.13222 -0.739669 0.521481 0.645188 -0.036311 0.450332 -0.962396 4.23896 -0.322776 -0.235174 -0.769355 0.350777 0.814678 
-0.907672 0.174326 -1.09439 -1.37116 -0.10468 -0.201815 0.13835 -0.499992 -0.435827 0.210352 0.570763 0.737592 -0.316707 -0.595549 0.517276 -0.862386 1.06571 -2.04817 0.143178 0.165351 0.215765 0.578957 -0.196972 1.33285 -0.348934 0.819381 -0.314632 0.131463 0.686188 0.466033 -0.207192 1.00552 0.396826 0.607393 -0.38306 1.1422 -1.21708 0.397777 -0.567035 -0.233317 -0.427583 1.43619 -1.13727 -0.0141808 -0.315801 -0.250951 -0.370921 -1.26914 -1.42574 0.945291 -0.618883 0.246111 -0.50399 -0.719079 -0.263285 -0.940628 -0.304879 0.237458 -0.361246 4.30169 -1.22554 -0.430689 0.236496 0.565413 
0.639347 -0.937178 0.816803 -0.250689 0.212696 0.253126 0.272303 -0.448283 -0.326949 -0.518498 -0.748928 -0.31516 -0.00961333 -1.28912 0.0427465 -0.775221 -0.987987 0.130007 -0.12923 -0.303098 -0.937929 -0.139842 -0.0256827 -0.53417 0.227396 -0.66797 0.339675 0.529892 0.364516 -0.514242 0.233659 -0.61086 0.239998 -0.549094 -0.688751 -0.136261 0.598084 -1.2297 1.07849 0.580077 0.0236077 1.15694 0.219428 0.00296358 1.0864 0.236279 0.646767 0.0922752 0.474752 -0.475316 0.0548921 -0.257321 -1.10091 -0.472012 -0.038337 -0.366933 -0.145831 0.40271 -0.310259 -1.26215 2.21701 0.412992 -0.149374 -1.29069 
0.732969 -0.0584689 0.085232 -0.0702674 0.625727 0.36353 -0.903655 0.0257044 0.0194672 0.598331 1.6887 0.21593 -0.370287 -0.396666 0.104148 -0.357501 -1.32349 0.769939 -0.220664 -0.0275029 -0.727524 1.25747 -0.642533 0.161313 -1.52002 -0.836897 -0.44653 -0.453041 -0.377334 -0.394076 0.133083 -0.369715 0.276707 -1.00664 -0.522737 -0.465899 -0.769164 -0.523474 -0.846674 0.992732 1.07842 -0.286476 -2.37261 0.180727 -0.114935 1.30154 -0.241787 -0.513082 0.66427 0.586203 -0.394711 -0.555386 -0.875236 -0.139301 0.651176 0.733135 0.752661 -0.696326 -0.811397 -0.43426 0.446036 3.99788 -0.492481 -0.127292 
-0.360113 0.264177 0.0795936 -0.65296 -0.865337 0.828813 1.56459 0.98657 0.637309 0.0113493 -0.323542 1.29601 -1.22906 0.138014 0.0738728 -0.212349 -0.184498 -1.254 0.282487 0.562685 0.201021 -1.81819 0.000601118 -0.707559 0.117146 0.317437 -0.569636 -0.221131 0.116192 -0.231477 -1.42299 -0.783576 0.799356 -0.533145 0.232219 1.14426 0.145791 0.15572 0.716857 1.07526 -0.232021 -0.587688 -0.258869 -0.311125 -0.66127 0.743259 -0.876728 1.01213 -0.375681 -0.13508 0.355273 0.140964 -1.27432 -0.607497 0.31332 1.22948 -0.302828 -0.520303 0.38402 0.30821 -0.0410461 -0.417197 3.66438 -0.351937 
-0.863235 0.0194807 -0.309435 0.611339 0.615193 -0.297933 0.189471 -0.265569 -0.524821 1.32034 -0.273296 -0.185377 0.610168 0.495833 -0.997478 0.19453 0.463837 0.056764 0.043565 -0.180188 0.0787282 0.112478 -0.066542 0.919783 -0.681649 0.183987 -0.20999 -0.0624214 -1.10999 0.160514 -0.477194 -0.0688774 0.353735 -0.235766 1.68459 -0.889643 -1.13184 -0.52446 -0.54122 -1.19997 -0.375048 -0.499419 -0.81341 -1.86383 -0.169708 0.61466 0.431698 0.690567 0.147869 1.03874 -0.388342 -0.279258 0.370483 -0.647636 -0.383868 0.566941 -1.67436 0.808956 0.785554 0.57476 -1.24473 -0.114375 -0.414304 3.40433 
