0.890446 -0.0714137 -0.285065 -0.221499 0.570894 0.0259616 0.517722 -0.0314894 -0.174698 0.11374 0.511144 0.203345 -0.00658908 -0.109873 0.0980528 0.0980528 0.517722 -0.169809 0.477354 0.569635 -0.116638 -0.103787 0.169063 -0.214734 0.37407 0.334913 -0.198339 -0.172426 0.15094 -0.117897 -0.132609 0.386921 -0.171068 0.173676 -0.0781783 0.311517 0.412529 0.0869509 0.235146 0.346553 -0.558062 0.270468 -0.276969 0.0993118 0.243282 -0.00280139 0.616436 -0.172399 -0.237251 0.452898 0.172231 0.295626 0.0247026 -0.000184469 0.0382748 0.437794 0.166083 -0.273253 -0.157971 -0.117466 0.271957 0.39891 0.0257555 -0.271895 -0.2107 -0.157971 0.235689 0.299156 0.28102 -0.515619 -0.62505 -0.203661 -0.205959 -0.411586 -0.409101 -0.412845 -0.161847 -0.476842 0.491782 -0.105813 -0.283303 -0.348021 0.233072 0.383292 0.273216 0.273243 0.0395338 0.319798 0.486894 0.061011 -0.678222 -0.726063 0.167342 0.337933 -0.117466 -0.134343 0.000246169 0.345738 0.216196 0.0714321 
-0.061692 0.92291 0.212751 -0.269812 -0.330733 0.0356843 -0.30461 -0.0761818 0.689193 -0.27107 -0.0368499 0.544874 0.559825 0.326108 -0.000770513 -0.000770513 -0.30461 -0.15958 -0.0256126 -0.450211 -0.185703 -0.425872 0.0718904 0.241999 -0.259329 0.375019 0.172664 0.515255 0.206254 -0.30518 0.317744 -0.499499 -0.279057 0.214618 0.411099 -0.0701825 0.337472 0.254705 -0.171717 -0.220501 0.489821 -0.223961 0.162061 0.118707 -0.195659 0.213594 0.508794 0.283444 0.87834 0.0584749 -0.684431 0.120275 -0.0837933 -0.461241 0.135561 -0.119873 0.0448642 0.497808 -0.106333 0.156355 -0.164443 0.353992 -0.350461 -0.296504 0.308661 -0.106333 -0.365413 0.065815 -0.0583807 -0.270315 0.225263 -0.171028 0.234722 0.155851 0.529673 0.0363737 0.449024 0.0574009 -0.41539 -0.180607 0.111785 -0.326711 0.309422 0.468752 -0.044965 -0.276776 0.255038 0.269335 0.433383 0.143925 0.251386 -0.182392 0.164342 0.393531 0.156355 0.151637 0.000294245 0.380115 0.304704 -0.544326 
-0.287777 0.200317 1.13753 0.5918 0.439328 -0.139727 -0.0417014 -0.256929 0.12334 -0.415839 -0.328739 -0.0649034 -0.116207 -0.193184 -0.135305 -0.135305 -0.0417014 -0.100782 -0.0943429 0.210122 0.380247 0.159037 0.234675 0.0183687 -0.17132 0.580314 0.211824 -0.233912 -0.251545 0.151042 0.0635126 -0.392531 -0.329988 -0.508241 0.773748 -0.212049 0.222181 0.417464 0.147358 -0.445172 0.58051 0.269438 -0.540095 0.0939005 -0.294216 -0.414852 -0.258337 0.774205 0.0826111 0.274822 0.123022 0.239562 -0.368932 -0.281721 0.111779 -0.562366 0.117938 0.494659 0.264465 0.432996 -0.680072 0.316539 0.28066 0.398583 0.535387 0.264465 0.331963 0.111515 -0.602638 0.581676 0.499616 0.480751 -0.170114 0.422872 0.213269 0.193667 -0.0978709 0.457442 -0.604083 -0.364557 0.31529 -0.122857 0.198833 0.0607972 -0.450866 0.557251 0.340985 -0.726872 -0.379961 -0.144917 0.0185863 0.0653866 0.347144 -0.0127193 0.432996 -0.0519514 0.000232756 -0.164491 -0.286114 -0.163558 
-0.22652 -0.284555 0.589491 1.07347 0.467477 -0.14227 -0.0549299 0.22047 -0.31418 -0.419763 0.253995 -0.50452 -0.0907544 -0.12038 0.37947 0.37947 -0.0549299 -0.135288 -0.101046 0.757653 0.387118 0.594035 0.16378 0.565968 -0.130671 0.0974695 -0.293132 -0.285711 -0.293762 0.677294 -0.00928727 0.0762457 0.154887 -0.404855 0.222944 -0.296002 -0.294846 0.477768 0.0674042 0.0301299 0.504661 0.265501 -0.0251611 0.0892941 -0.260763 0.04744 -0.629994 0.262041 -0.479511 -0.24873 0.0838944 0.354178 0.147906 0.197863 0.0336882 0.0224314 0.195178 -0.0699889 -0.247016 0.479653 -0.172525 0.383804 0.753036 0.37061 0.0953422 -0.247016 0.33927 0.0924716 -0.103803 0.429334 0.510992 0.33537 -0.240851 -0.16448 0.213168 0.125696 -0.107263 -0.160639 -0.610103 0.151046 0.284696 0.319496 0.188847 -0.392822 -0.462701 0.0850509 -0.256487 -0.693776 -0.788995 -0.0774045 -0.0114145 0.509836 -0.0949976 -0.497501 0.479653 -0.0067975 0.000221338 -0.138603 -0.297603 0.431917 
0.545392 -0.365957 0.416538 0.446996 1.14951 0.115764 0.612838 -0.344314 -0.480492 -0.22254 0.101352 -0.242004 -0.129948 -0.244482 -0.157119 -0.157119 0.612838 -0.293816 0.286921 0.943954 0.242852 0.290557 -0.0328822 -0.0403385 0.172386 0.379848 -0.489306 -0.357662 -0.549567 0.0373003 -0.620843 0.220091 -0.499368 -0.173207 0.121377 0.0592062 0.0509113 0.732637 0.408679 -0.105826 -0.195109 0.582082 -0.677748 0.0484329 -0.0353451 -0.182985 0.016467 0.107585 -0.593672 0.376829 0.620062 0.41503 -0.0897879 -0.119139 -0.240614 0.168683 0.227835 0.0817182 -0.163388 0.156559 -0.0590317 0.529564 0.477752 -0.0599868 0.194899 -0.163388 0.365696 0.743411 0.0417104 0.237638 -0.269124 0.0345644 -0.553512 -0.052799 -0.463543 -0.258351 -0.432787 -0.408067 0.0159476 -0.1441 -0.0711556 -0.0223413 0.301849 0.238967 0.14652 0.611767 -0.035062 -0.603994 -0.170728 0.135747 -0.805792 -0.260829 0.433386 0.0977058 0.156559 -0.33959 0.000120053 -0.00710389 -0.194299 0.0947838 
-0.0125767 -0.0125758 -0.175553 -0.175787 0.102728 1.2593 -0.329002 0.0688785 0.00809632 -0.0477437 -0.607107 0.28911 0.300707 0.321379 -0.291092 -0.291092 -0.329002 -0.0916982 0.303439 -0.210789 0.340032 -0.266628 0.333543 -0.19444 0.324111 -0.309939 0.089785 0.165911 -0.695216 0.0265144 -0.73917 -0.282549 -0.405215 0.365334 0.00607678 0.168643 -0.00984388 0.099996 0.960343 0.349892 -0.345584 0.12181 -0.126934 0.0224256 -0.407714 0.193282 -0.026906 -0.472486 -0.147372 -0.642285 0.348574 -0.225119 0.945779 -0.064327 -0.398282 0.629764 0.134851 0.0118875 -0.542656 0.090897 0.494968 -0.245791 -0.626598 -0.559239 0.167355 -0.542656 -0.638196 0.246213 -0.00426765 0.362904 0.169854 0.0171178 0.497701 0.629588 -0.147752 0.316071 -0.598564 0.251923 0.23327 -0.02755 -0.0438989 0.629354 -0.380587 0.130763 0.808485 0.170087 -0.0847646 -0.115249 0.333064 0.662267 -0.261876 0.348341 0.448369 0.135232 0.090897 0.153933 5.55876e-05 -0.677521 -0.31755 -0.408094 
0.484768 -0.347286 -0.0719431 -0.0828627 0.605387 -0.323418 1.10309 -0.396145 -0.420869 0.214518 -0.0351266 -0.138022 -0.121158 -0.194741 -0.203481 -0.203481 1.10309 0.238827 0.316414 0.368339 -0.258877 0.171672 -0.558286 -0.0187273 0.24283 -0.243067 -0.458809 0.157687 -0.175074 -0.495924 -0.150765 0.673379 0.00177944 -0.219051 -0.411421 0.595258 0.0902855 0.167815 -0.0951096 -0.113298 -0.184871 0.655892 -0.152945 0.0335667 0.407182 -0.32253 0.030332 0.146916 -0.0684415 0.876962 0.617983 -0.0860973 -0.560465 -0.241389 -0.393934 -0.392111 -0.278761 0.0278677 0.327868 -0.254452 -0.113267 -0.0125136 0.364336 -0.12804 -0.32456 0.327868 0.347471 0.729507 0.518655 0.240366 -0.729963 0.0600367 -0.507749 0.0687765 -0.437519 -0.168271 0.00967951 -0.398824 0.497365 0.46938 0.0243925 0.0578569 0.266331 0.25073 0.123781 0.113011 -0.156886 -0.120535 -0.162332 -0.43791 -0.232259 -0.22499 -0.0417133 0.0903167 -0.254452 -0.228256 8.32035e-05 0.48519 0.292526 0.0381039 
-0.0188845 -0.0732986 -0.241611 0.238096 -0.306207 0.120022 -0.350586 1.02004 -0.253517 0.117551 0.415196 -0.286639 0.00544985 -0.174769 0.525418 0.525418 -0.350586 -0.266848 0.0913374 0.0947521 -0.222469 0.411406 0.74146 0.285796 -0.088881 -0.231221 0.360114 -0.205639 0.61998 0.17849 0.23558 0.544994 0.13411 0.209631 -0.120999 -0.119751 0.012589 -0.392094 0.419249 0.986918 -0.170751 -0.029275 0.0151012 0.124459 -0.37707 0.41301 -0.396861 -0.0749018 -0.284388 -0.429334 -0.202892 -0.283224 0.52098 0.3518 0.45327 0.410758 0.211397 -0.18731 -0.0818097 -0.173002 0.199669 -0.103006 -0.0832152 0.152439 -0.15644 -0.0818097 -0.375304 -0.636305 0.425985 0.12067 0.354741 0.409758 0.231143 -0.290428 0.701669 0.11053 0.380358 -0.0176848 0.0844296 -0.138633 -0.384091 0.189279 -0.314095 0.157367 -0.201289 -0.070552 0.0523116 0.287631 0.0977608 0.0429214 0.310362 0.222401 -0.189561 -0.774659 -0.173002 0.488329 0.000308503 -0.147385 0.347237 0.608986 
-0.191015 0.663154 0.109735 -0.325476 -0.471306 0.0303176 -0.404233 -0.282439 0.987672 0.0255167 -0.0734445 0.758159 0.339886 0.664404 -0.0451846 -0.0451846 -0.404233 0.291031 -0.162755 -0.583249 0.223957 -0.691236 -0.356003 0.114971 0.161763 0.194448 0.47729 0.239641 -0.0876756 0.112014 0.177839 -0.75343 0.179088 0.39889 0.222708 -0.263 0.160514 0.0313347 -0.567328 -0.511952 0.170675 -0.275727 0.452216 0.0667582 0.262771 -0.305135 0.729899 0.277054 0.562909 -0.0809641 -0.484288 0.337665 -0.0816253 -0.253745 -0.254994 -0.109885 0.100411 0.0171036 0.235813 0.365925 -0.21013 0.0131471 -0.453981 -0.0434492 0.441867 0.235813 -0.0357079 -0.298424 -0.480302 -0.551033 0.358184 -0.56922 0.141398 0.140368 0.200985 0.0284253 0.0724796 0.209726 -0.203996 0.10973 0.26568 -0.294843 -0.087098 0.0551545 -0.0981874 -0.0607743 -0.143052 0.280457 0.492645 0.231571 0.425257 -0.06533 0.212353 0.462335 0.365925 0.295989 0.000165477 0.0802208 -0.157034 -0.0991536 
0.0788899 -0.315642 -0.447977 -0.449592 -0.231888 -0.0440554 0.212622 0.0700964 0.00698376 1.02175 0.107165 -0.189889 -0.148659 0.173967 -0.138814 -0.138814 0.212622 0.566859 -0.167089 -0.400486 0.12235 0.219747 -0.52382 -0.397974 0.155537 -0.121281 0.394337 0.0657907 0.363541 -0.0462484 -0.091348 0.252934 0.398261 0.628856 -0.36726 0.0473607 -0.334072 -0.213458 -0.188239 -0.126776 -0.580568 -0.247806 0.219819 0.0297839 0.812838 0.122021 0.0560897 -0.217917 -0.101193 0.0456384 0.514098 -0.423286 -0.212653 0.62309 0.133481 0.0333253 -0.214376 0.0429185 0.774047 -0.669264 0.247775 -0.745912 0.0108363 0.375389 0.151095 0.774047 -0.0303939 -0.195881 0.0744917 0.142366 -0.263482 -0.390088 -0.165187 -0.0773069 -0.356047 -0.245905 0.104381 0.378726 0.824875 -0.0577714 -0.454815 -0.0789213 -0.531462 -0.138343 0.416373 0.132665 0.302079 0.310852 0.265 0.398796 0.181028 0.117951 -0.0457777 0.0404788 -0.669264 -0.230294 7.3827e-05 -0.301402 -0.0924917 0.557983 
0.507204 -0.0505122 -0.329967 0.255076 0.122914 -0.57251 -0.00611317 0.39865 -0.061068 0.138074 1.21463 -0.220579 -0.0133846 -0.0239404 0.639366 0.639366 -0.00611317 -0.196475 -0.0680611 0.67083 -0.0674482 0.312256 0.0536692 0.298584 -0.0786169 0.481245 -0.196949 -0.290754 0.659418 0.480468 0.324869 0.301087 0.351441 0.310609 -0.09402 -0.345431 -0.105189 0.17759 -0.457119 0.239139 -0.164256 -0.304009 0.246606 0.09145 0.37879 0.443369 0.354686 -0.181625 -0.327882 -0.0432407 -0.405727 0.518312 -0.0245937 0.537647 0.511076 0.550671 0.277596 -0.377622 -0.135001 -0.0569532 0.273302 0.528867 0.552971 0.264572 -0.110809 -0.135001 0.345777 -0.25929 0.196252 -0.810925 -0.138158 -0.459648 -0.339091 -1.12295 0.0207407 -0.575038 0.318636 -0.622661 -0.021437 -0.148853 -0.334323 -0.537911 0.251498 -0.111421 -0.274614 -0.165485 -0.0368402 0.384517 0.11397 0.162266 -0.267185 -0.3784 -0.27032 -0.0710262 -0.0569532 -0.149326 0.000226682 0.39984 0.159125 0.727412 
0.164534 0.496342 -0.101001 -0.538309 -0.255312 0.288838 -0.143879 -0.338054 0.735666 -0.193849 -0.255449 1.0153 0.19938 0.438704 -0.118463 -0.118463 -0.143879 0.162727 0.30152 -0.395658 0.0512944 -0.993366 0.0286316 -0.150899 0.540844 -0.0280542 0.338578 0.1009 -0.276558 -0.0890518 0.0800182 -0.503816 0.0223811 0.0821281 0.108931 0.20304 0.598482 -0.357452 -0.127984 -0.0584169 -0.162331 0.0915871 0.199878 0.021883 0.0257416 -0.605936 0.878317 0.108912 0.397861 0.153083 -0.334058 0.318125 0.148491 -0.544108 -0.486471 0.0115058 0.0985344 -0.378561 -0.10682 0.455111 -0.0869744 0.0788007 -0.773775 -0.45708 -0.0407564 -0.10682 0.042148 -0.176295 -0.326319 -0.716034 -0.0441169 -0.279782 0.346973 0.277386 -0.0735283 0.13704 -0.308994 0.030185 0.0857879 0.269582 0.356631 -0.159922 -0.0196795 0.209469 0.0533718 0.0613836 -0.346125 0.4199 0.658727 -0.127785 0.067316 -0.439559 0.238881 0.569924 0.455111 0.445433 5.42426e-05 0.190234 -0.0293571 -0.445648 
0.0272575 0.58395 -0.0796478 -0.0518865 -0.0705989 0.373092 -0.0543569 0.0266916 0.39005 -0.079962 0.0244026 0.272037 0.732579 0.538679 0.0459699 0.0459699 -0.0543569 -0.0391164 0.0488248 -0.191467 -0.0553584 -0.104786 -0.268246 0.542151 -0.145075 -0.0316544 -0.19497 0.720525 -0.155558 -0.176226 -0.114713 -0.194503 -0.159984 0.497833 -0.0100871 0.0367711 -0.0998042 0.613155 0.00125086 -0.0913212 0.353172 -0.0207359 0.405757 0.166838 -0.0606837 0.530516 0.25047 -0.0513521 0.571896 -0.202986 -0.295831 0.0317455 0.252224 -0.229125 -0.183854 0.230657 0.0124673 0.433194 -0.298152 0.0533128 0.218603 0.225646 -0.0855076 -0.447315 0.251348 -0.298152 -0.54605 0.483089 0.371239 0.0376492 0.152047 -0.34986 0.0915415 0.142849 0.374243 0.0219808 0.340622 -0.235319 -0.197975 0.218184 0.0412591 0.17061 0.213592 0.355531 0.339471 -0.432406 -0.0629864 0.0982699 0.231191 0.469538 0.168289 0.288623 0.133335 0.21012 0.0533128 0.0623303 0.000413549 0.241888 0.22261 -0.258337 
-0.102065 0.324194 -0.182663 -0.107551 -0.211172 0.367725 -0.153979 -0.179566 0.688529 0.216625 -0.012192 0.485323 0.51264 0.876974 0.00155577 0.00155577 -0.153979 0.411494 -0.0883174 -0.324505 0.354302 -0.370149 -0.696139 0.415122 0.276017 -0.212226 0.109656 0.444911 -0.449488 0.240969 -0.254619 -0.448434 0.298161 0.682105 -0.198478 -0.156046 -0.276763 0.389785 -0.39436 -0.382772 0.0340257 -0.0725027 0.695912 0.114889 0.397746 0.0117874 0.471575 -0.0577419 0.256465 -0.342425 -0.0956879 0.249135 0.254392 -0.0216294 -0.574409 0.240645 0.0680138 -0.0475103 0.0439944 0.262883 0.172916 -0.115199 -0.189028 -0.19426 0.384553 0.0439944 -0.216345 0.11885 -0.0506826 -0.243068 0.284968 -0.748053 -0.00178223 0.127366 0.0455548 0.0140325 -0.0359219 -0.0829941 0.0134189 0.508521 0.195154 0.202478 -0.182928 -0.0580661 0.286249 -0.216404 -0.461076 0.109392 0.290454 0.557184 0.34216 0.405684 0.181347 0.278924 0.262883 0.206683 0.000284781 -0.0580068 -0.239128 0.186836 
0.118534 0.009989 -0.112112 0.404972 -0.111135 -0.232072 -0.150046 0.533294 -0.0083863 -0.0834827 0.663788 -0.0591716 0.0326045 0.0142292 0.634641 0.634641 -0.150046 -0.0112819 0.0893876 0.383333 0.0276288 0.199692 0.365725 0.391573 0.0710123 0.0525351 -0.00216501 -0.100475 0.406746 0.522097 0.478946 0.243075 0.483186 -0.0579716 0.0233887 -0.0436919 0.0667721 -0.167918 -0.106128 0.482509 0.141709 -0.0461127 0.375618 0.140173 0.0178645 0.227624 -0.0300252 -0.0179429 -0.123091 -0.172661 -0.363937 0.234774 0.262396 0.316817 0.312577 0.291543 0.133427 -0.42496 -0.241598 0.205628 0.158463 0.253149 0.301039 0.158701 -0.310256 -0.241598 0.209263 -0.351783 0.135507 -0.323923 0.155066 0.0971448 0.106701 -0.523267 0.26761 -0.028799 0.163677 -0.229413 -0.134268 0.189332 0.0725482 -0.0061835 0.12007 -0.248497 -0.336005 -0.253473 -0.181892 0.230017 -0.131372 -0.15214 0.116155 0.0446018 -0.361041 -0.257274 0.205628 0.198449 0.000347454 0.214239 0.112892 0.408565 
0.118534 0.009989 -0.112112 0.404972 -0.111135 -0.232072 -0.150046 0.533294 -0.0083863 -0.0834827 0.663788 -0.0591716 0.0326045 0.0142292 0.634641 0.634641 -0.150046 -0.0112819 0.0893876 0.383333 0.0276288 0.199692 0.365725 0.391573 0.0710123 0.0525351 -0.00216501 -0.100475 0.406746 0.522097 0.478946 0.243075 0.483186 -0.0579716 0.0233887 -0.0436919 0.0667721 -0.167918 -0.106128 0.482509 0.141709 -0.0461127 0.375618 0.140173 0.0178645 0.227624 -0.0300252 -0.0179429 -0.123091 -0.172661 -0.363937 0.234774 0.262396 0.316817 0.312577 0.291543 0.133427 -0.42496 -0.241598 0.205628 0.158463 0.253149 0.301039 0.158701 -0.310256 -0.241598 0.209263 -0.351783 0.135507 -0.323923 0.155066 0.0971448 0.106701 -0.523267 0.26761 -0.028799 0.163677 -0.229413 -0.134268 0.189332 0.0725482 -0.0061835 0.12007 -0.248497 -0.336005 -0.253473 -0.181892 0.230017 -0.131372 -0.15214 0.116155 0.0446018 -0.361041 -0.257274 0.205628 0.198449 0.000347454 0.214239 0.112892 0.408565 
0.484768 -0.347286 -0.0719431 -0.0828627 0.605387 -0.323418 1.10309 -0.396145 -0.420869 0.214518 -0.0351266 -0.138022 -0.121158 -0.194741 -0.203481 -0.203481 1.10309 0.238827 0.316414 0.368339 -0.258877 0.171672 -0.558286 -0.0187273 0.24283 -0.243067 -0.458809 0.157687 -0.175074 -0.495924 -0.150765 0.673379 0.00177944 -0.219051 -0.411421 0.595258 0.0902855 0.167815 -0.0951096 -0.113298 -0.184871 0.655892 -0.152945 0.0335667 0.407182 -0.32253 0.030332 0.146916 -0.0684415 0.876962 0.617983 -0.0860973 -0.560465 -0.241389 -0.393934 -0.392111 -0.278761 0.0278677 0.327868 -0.254452 -0.113267 -0.0125136 0.364336 -0.12804 -0.32456 0.327868 0.347471 0.729507 0.518655 0.240366 -0.729963 0.0600367 -0.507749 0.0687765 -0.437519 -0.168271 0.00967951 -0.398824 0.497365 0.46938 0.0243925 0.0578569 0.266331 0.25073 0.123781 0.113011 -0.156886 -0.120535 -0.162332 -0.43791 -0.232259 -0.22499 -0.0417133 0.0903167 -0.254452 -0.228256 8.32035e-05 0.48519 0.292526 0.0381039 
-0.172361 -0.171853 -0.100622 -0.132819 -0.270865 -0.0557117 0.269229 -0.282005 0.304796 0.599157 -0.195087 0.198986 -0.075515 0.401134 -0.0343151 -0.0343151 0.269229 1.00762 -0.0115899 -0.399401 0.467524 -0.104532 -0.587499 -0.199209 0.46506 -0.266235 0.226842 0.361234 -0.102366 0.338989 0.306095 -0.106996 0.879083 -0.00732695 -0.105464 0.425159 -0.107928 -0.33479 -0.362626 -0.387815 0.037856 -0.00674798 0.709348 0.0942206 0.846847 -0.279109 0.0382142 0.00272418 0.264896 0.172891 0.394843 -0.188825 -0.184247 0.367276 -0.205712 -0.345019 -0.436515 -0.24207 0.507661 -0.0280538 0.09173 -0.665475 0.143158 0.27578 -0.202169 0.507661 0.417659 -0.00385204 -0.276732 0.184776 -0.169933 -0.145909 0.156163 0.289541 -0.543237 0.161005 -0.26726 0.560245 0.493347 0.608379 0.408695 0.257343 -0.228726 -0.681283 0.220266 -0.138244 -0.0771761 0.0987375 -0.209476 -0.110673 0.370161 0.363154 -0.30798 0.371617 -0.0280538 -0.172398 0.000233549 -0.12538 -0.37307 0.0387148 
0.501776 -0.0109125 -0.0672087 -0.0716026 0.336845 0.366399 0.37379 0.103154 -0.122016 -0.107817 -0.0396987 0.364752 0.0394 -0.0717034 0.0933282 0.0933282 0.37379 0.0153839 0.634803 0.282139 -0.0215606 -0.216351 0.481118 -0.121745 0.523699 -0.0937965 -0.00355512 0.0178527 -0.101732 -0.0762671 0.0214684 0.328909 -0.0393226 -0.194904 0.0392303 0.613255 0.58449 -0.258558 0.586137 0.589923 -0.252097 0.528364 -0.147957 0.148035 -0.117643 -0.218546 0.231725 -0.00871691 -0.0324598 0.323477 0.21402 0.012088 0.311693 -0.221015 -0.160224 0.178666 0.0219142 -0.320591 -0.264568 0.145115 0.157118 0.123191 -0.226177 -0.377767 -0.410147 -0.264568 0.0991753 0.206663 0.220275 -0.0286173 -0.331827 0.353132 0.239833 0.1881 -0.162232 0.133394 -0.316806 -0.0835942 0.378951 0.232372 0.123568 0.183706 0.101644 0.246216 0.211825 0.185255 -0.105518 0.165298 0.241552 -0.253396 -0.294882 -0.303062 0.0766207 0.151686 0.145115 0.213433 0.000366941 0.160136 0.169962 -0.247415 
0.517699 -0.511869 0.160898 0.710738 0.91752 -0.224187 0.349357 0.0302109 -0.618868 -0.417572 0.622834 -0.408784 -0.27725 -0.384249 0.310916 0.310916 0.349357 -0.448785 0.20578 1.23274 0.119379 0.404469 0.236358 0.20711 0.0987809 0.303677 -0.626628 -0.614731 -0.229972 0.434598 -0.261185 0.383871 -0.133566 -0.353036 -0.00824111 -0.131701 -0.0288388 0.43449 0.155758 0.240295 -0.134309 0.37492 -0.406511 -0.00430401 -0.136867 -0.037616 -0.0968656 -0.0697837 -0.849351 0.114737 0.192334 0.618176 0.0910325 0.12833 0.000710313 0.402951 0.337471 -0.418315 -0.483052 0.306258 0.065469 0.725175 0.685174 0.0628504 -0.187833 -0.483052 0.55364 0.307093 0.110926 -0.222669 -0.184532 0.0680161 -0.481069 -0.627149 -0.308214 -0.311929 -0.333778 -0.733427 -0.207487 -0.027287 -0.0312241 -0.0773097 0.387694 -0.101431 -0.249751 0.295197 -0.314509 -0.399832 -0.37757 -0.122354 -0.752696 -0.287394 0.0222513 -0.203665 0.306258 -0.205129 -1.06686e-05 0.157012 -0.123693 0.404269 
-0.111738 -0.190525 0.387859 0.397039 0.273254 0.38347 -0.221023 -0.230174 0.245174 0.162099 -0.0586079 0.0950044 -0.0843054 0.351394 0.0120473 0.0120473 -0.221023 0.474976 -0.0410828 0.176215 0.969253 0.0143529 -0.0620961 -0.22082 0.394616 0.356679 0.196345 -0.154115 -0.476859 0.872213 -0.163982 -0.560284 0.377936 0.038517 0.427334 -0.110893 -0.147302 0.230032 0.141163 -0.380344 0.0276176 -0.0805577 0.184544 0.109087 0.404321 -0.139564 0.0243492 -0.0366076 -0.260335 -0.327242 0.396922 0.312302 0.28643 0.489527 -0.0523917 0.215775 0.0700804 -0.188219 0.0164048 0.382957 0.145965 -0.123397 0.256574 0.343832 0.31729 0.0164048 0.435884 0.0100519 -0.753676 0.182048 0.290905 -0.171381 0.110401 0.167965 -0.569261 0.0709256 -0.709726 0.551002 0.0119296 -0.00510067 0.313147 0.177145 -0.193207 -0.693046 0.243004 0.360512 0.0446479 -0.384722 -0.217872 0.462984 -0.203372 0.327315 0.16712 0.379006 0.382957 -0.283731 0.000270399 -0.617674 -0.859896 0.0953947 
-0.164534 -0.496342 0.101001 0.538309 0.255312 -0.288838 0.143879 0.338054 -0.735666 0.193849 0.255449 -1.0153 -0.19938 -0.438704 0.118463 0.118463 0.143879 -0.162727 -0.30152 0.395658 -0.0512944 0.993366 -0.0286316 0.150899 -0.540844 0.0280542 -0.338578 -0.1009 0.276558 0.0890518 -0.0800182 0.503816 -0.0223811 -0.0821281 -0.108931 -0.20304 -0.598482 0.357452 0.127984 0.0584169 0.162331 -0.0915871 -0.199878 -0.021883 -0.0257416 0.605936 -0.878317 -0.108912 -0.397861 -0.153083 0.334058 -0.318125 -0.148491 0.544108 0.486471 -0.0115058 -0.0985344 0.378561 0.10682 -0.455111 0.0869744 -0.0788007 0.773775 0.45708 0.0407564 0.10682 -0.042148 0.176295 0.326319 0.716034 0.0441169 0.279782 -0.346973 -0.277386 0.0735283 -0.13704 0.308994 -0.030185 -0.0857879 -0.269582 -0.356631 0.159922 0.0196795 -0.209469 -0.0533718 -0.0613836 0.346125 -0.4199 -0.658727 0.127785 -0.067316 0.439559 -0.238881 -0.569924 -0.455111 -0.445433 -5.42426e-05 -0.190234 0.0293571 0.445648 
0.119073 0.0121788 0.187398 0.118811 -0.0573696 0.322091 -0.575321 0.678865 -0.389675 -0.53896 0.0076199 0.017452 -0.352082 -0.753937 0.295253 0.295253 -0.575321 -0.634938 0.406706 0.238305 -0.116986 -0.0178739 1.73554 -0.51814 0.00485238 0.361496 0.345598 -0.584745 0.52283 0.178689 0.426852 0.103964 -0.339263 -0.657959 0.64913 0.174044 0.770968 -0.816159 1.07561 1.08599 -0.101252 -0.0550253 -0.690925 -0.000420837 -0.922571 0.0921963 -0.270182 -0.0978914 -0.220484 -0.21106 -0.308275 -0.15095 0.617766 0.0420038 0.808119 0.330132 0.232662 -0.300949 -0.63643 0.136684 0.0974695 0.250904 -0.401485 -0.0554668 -0.47014 -0.63643 -0.0319508 -0.641694 -0.247697 -0.0259146 0.113168 1.04115 0.749364 -0.00804178 0.229733 0.287633 -0.290564 0.398224 -0.131832 -0.745529 -0.0959787 -0.0766286 0.0182418 0.053552 -0.198205 0.288649 0.512445 0.176441 0.11343 -0.37267 -0.404784 -0.483756 -0.0630128 -0.217555 0.136684 0.235006 -1.04315e-06 -0.267047 0.116564 -0.472355 
-0.216847 0.230165 0.0189679 0.568876 -0.0169492 -0.158014 0.0121136 0.271078 0.129175 -0.365237 0.300411 -0.114202 0.506191 0.405201 0.368978 0.368978 0.0121136 -0.19877 -0.14828 0.256933 -0.227833 0.209534 -0.470263 1.20191 -0.249271 -0.471436 -0.37982 0.313315 -0.266391 0.0460495 -0.0999237 0.188096 0.0751123 0.238734 -0.402869 -0.341156 -0.424307 0.637522 -0.468119 0.0277018 0.511069 0.273556 0.486207 0.095096 -0.267337 0.198792 -0.182769 0.240906 0.037289 -0.263913 -0.408715 0.291012 0.115868 -0.313293 -0.488329 0.047301 0.193111 0.07072 -0.219427 0.359579 -0.145575 0.392002 0.307434 -0.167483 0.162606 -0.219427 -0.312959 0.20127 0.599191 0.00421829 0.505055 -0.241302 -0.353034 -0.20508 0.827984 0.0688027 0.566541 -0.794635 -0.608613 0.664668 0.166703 0.344829 0.199126 0.242158 -0.419457 -0.491866 -0.762212 -0.199662 -0.280669 0.0167951 0.534118 0.588205 -0.0807708 -0.597583 0.359579 0.483617 0.000235719 0.421065 0.323164 0.523358 
0.372453 -0.270668 -0.170224 -0.127267 0.196272 0.361032 0.274167 -0.103103 0.176463 0.18877 -0.0762932 0.578038 -0.180539 0.266592 0.0489141 0.0489141 0.274167 0.465994 0.49766 0.1491 0.388099 -0.481714 0.0532253 -0.248774 0.944792 -0.274368 0.301071 -0.257762 -0.395662 0.340928 -0.118437 0.0749784 0.418823 -0.0106321 -0.149161 0.420438 0.407531 -0.481928 0.190526 0.298472 -0.571244 0.476597 0.142198 0.0960858 0.340787 -0.737275 0.45283 -0.0151068 -0.347891 0.184038 0.414164 0.229478 0.313861 -0.013519 -0.550779 0.188653 0.0774607 -0.801296 0.0775777 0.354685 0.111431 -0.217654 -0.329697 -0.124712 -0.276942 0.0775777 0.42888 -0.157575 -0.201647 -0.309335 -0.198907 -0.0450609 0.146509 0.172617 -0.49092 0.125445 -0.69335 0.068731 0.590345 0.522709 0.277462 0.215574 -0.294876 -0.167381 0.158602 0.401257 -0.503608 0.176419 0.300814 -0.16575 -0.121012 -0.186 0.124632 0.22049 0.354685 0.357786 0.000238173 -0.139759 -0.291776 0.197758 
0.317305 0.347689 0.565418 0.0848824 0.387742 -0.289009 -0.227721 -0.261434 0.193157 -0.104039 0.467577 -0.00685214 -0.0831093 -0.237642 0.0144456 0.0144456 -0.227721 -0.281291 -0.135827 0.338005 0.334171 0.0711935 0.393878 -0.486931 -0.290359 1.37263 0.0645687 -0.27405 0.431555 0.284435 0.254303 -0.553337 -0.331028 -0.06039 0.919503 -0.326768 0.294972 0.440459 0.0128155 -0.461443 0.177449 -0.489912 -0.47832 0.0641823 0.17184 0.277987 0.446279 0.140896 0.156749 0.203078 -0.233611 0.46698 -0.338745 0.270746 0.856077 0.114386 0.1911 0.404437 -0.0273255 0.013848 -0.0765548 0.621512 0.347073 0.34746 0.440846 -0.0273255 0.42333 0.0495094 -0.700629 -0.332201 -0.0620227 -0.151148 -0.0988876 -0.403236 -0.332012 -0.452973 -0.0698211 0.29815 -0.304048 -1.03241 -0.177093 -0.883771 0.430571 -0.0291523 -0.0268181 0.388128 0.905814 -0.0702778 0.1704 0.364132 -0.677485 -0.683762 0.240837 0.67986 0.013848 -0.686553 0.000159092 0.00604969 -0.26983 -0.31692 
-0.209464 0.151817 0.203411 -0.299236 -0.474928 0.117198 -0.43698 0.336384 0.482482 0.418062 -0.204133 0.366264 -0.239942 0.0907235 -0.0337713 -0.0337713 -0.43698 0.218269 -0.039102 -0.585816 0.18032 -0.288956 0.384462 -0.388832 0.291563 0.0710519 1.1697 -0.429455 0.368267 0.0694323 0.168474 -0.177713 0.107381 0.290517 0.241414 -0.228615 0.352657 -0.675768 0.103592 0.220165 -0.414048 -0.0771049 -0.209678 0.0771167 0.0479066 -0.568011 0.195902 0.430873 -0.037696 -0.0452212 0.0363786 -0.180451 0.0063104 0.0797122 0.140806 -0.164052 0.189704 -0.103367 0.771818 -0.0100888 -0.353565 -0.511116 -0.659111 0.433468 0.416811 0.771818 -0.0529056 -0.9815 -0.494771 -0.00770575 0.476285 0.156946 0.208556 0.281441 0.373081 0.170553 0.0132063 0.752721 0.301843 -0.363899 -0.199602 -0.221206 -0.700629 0.197389 -0.242677 0.617651 0.251694 0.265656 0.566057 0.063055 0.514233 -0.104987 0.300592 -0.221073 -0.0100888 0.587528 0.000191153 -0.473167 -0.103012 0.458684 
-0.162008 0.515952 -0.220782 -0.270271 -0.321742 0.214868 0.201059 -0.207825 0.266376 0.111059 -0.276395 0.150129 0.697097 0.447522 -0.110538 -0.110538 0.201059 0.374204 0.00384937 -0.552377 -0.148597 -0.0297338 -0.524337 0.325847 -0.245726 -0.246023 -0.407911 1.20078 -0.0511453 -0.379232 0.212 -0.126863 0.143569 0.184377 -0.0801662 0.507532 -0.177296 0.371506 -0.112556 -0.324073 0.629266 -0.136766 0.720569 0.120097 0.208347 0.687882 -0.0157286 -0.201663 1.01963 0.019914 -0.164922 -0.406097 -0.015767 -0.138694 -0.0702635 -0.181624 -0.503385 0.596756 -0.210701 -0.24024 0.322058 -0.156522 0.0675539 -0.460455 -0.156502 -0.210701 -0.479415 0.758941 0.450137 0.366758 -0.22128 -0.161269 0.30677 0.39679 0.0474139 0.166155 0.385239 0.0766532 -0.00518854 0.463706 0.263443 0.3473 0.347161 -0.00405617 0.552693 -0.84975 0.160371 0.160031 -0.113016 0.165259 0.301521 0.463548 -0.27275 0.468836 -0.24024 -0.318409 0.000297691 0.366279 0.268991 -0.763874 
0.0915703 0.137162 -0.308202 -0.348111 -0.583435 -0.716047 -0.20149 0.548005 -0.130729 0.339021 0.603989 -0.297118 -0.248775 -0.516666 0.326894 0.326894 -0.20149 -0.159184 -0.185524 -0.237406 -0.541128 0.277936 0.51345 -0.323648 -0.453415 0.389794 0.320022 -0.120934 1.33888 -0.195099 0.840673 0.365649 0.186845 -0.0184606 0.112699 -0.0576829 0.200413 -0.646686 -0.218517 0.381616 -0.0639725 -0.606426 -0.0427954 -0.0191348 0.11791 0.469197 -0.0200235 -0.0540994 0.265003 0.184447 -0.502373 -0.348999 -0.370018 0.430947 1.08477 -0.092924 -0.127889 0.0882035 0.304056 -0.626094 0.0349172 -0.0811087 0.0568251 0.395982 -0.307528 0.304056 0.00848221 -0.685234 0.136009 -0.345188 -0.238594 0.220389 0.14376 -0.623171 0.2834 -0.277142 0.688336 0.193761 0.172632 -0.630087 -0.498252 -0.663079 0.0467325 0.048076 -0.311112 -0.244277 0.738746 0.674957 0.201087 -0.272564 0.143351 -0.49669 -0.473918 -0.146285 -0.626094 -0.15088 -4.74303e-05 0.300836 0.521946 0.136307 
-0.139431 -0.336436 0.13222 0.660781 0.0412686 0.0435186 -0.484505 0.144351 0.106797 -0.0329325 0.462874 -0.0717756 -0.231607 0.211627 0.480082 0.480082 -0.484505 0.320006 -0.122223 0.465001 0.845779 0.128265 0.207144 0.0266285 0.321011 0.280509 0.0590232 -0.411184 -0.157264 1.26951 0.195675 -0.396504 0.743738 -0.141312 0.297716 -0.3018 -0.227052 -0.0681153 -0.111758 -0.0342222 0.0884178 -0.28772 0.455781 0.0563499 0.302799 0.00580482 -0.0889833 -0.213976 -0.516014 -0.589334 -0.030806 0.515448 0.46725 0.736995 0.188932 0.450043 0.179717 -0.688253 -0.303258 0.532656 0.270466 0.0722143 0.463996 0.466669 -0.065442 -0.303258 0.623828 -0.426265 -0.684461 -0.278259 0.375498 -0.137929 0.182844 -0.406385 -0.413932 0.0173474 -0.610717 0.225642 -0.211505 0.111712 0.353078 0.122177 -0.107363 -1.03344 -0.153266 0.0439419 -0.2348 -0.18056 -0.424714 0.204884 -0.150276 0.30075 -0.244015 0.0776353 0.532656 -0.149271 0.000139677 -0.453559 -0.78929 0.40488 
-0.159681 0.280951 0.0391531 -0.0313379 -0.622412 -0.727704 -0.144883 0.195904 0.167084 -0.0835698 0.301738 0.0917567 -0.175631 -0.289498 0.431393 0.431393 -0.144883 0.281575 -0.0300253 -0.236321 -0.195954 -0.0463425 0.44977 -0.124883 -0.143892 0.24484 0.152528 0.174509 0.872971 0.190138 1.23812 0.00571893 0.667667 -0.654644 0.374496 0.320115 0.426557 -0.768018 -0.392903 0.120576 0.554452 -0.365368 0.446734 0.0453019 0.15192 0.0680667 -0.037899 0.166542 0.631092 0.311699 -0.621628 -0.114539 -0.341612 0.175133 0.745582 -0.471268 -0.350028 -0.196785 0.03767 0.0151169 -0.121128 -0.000671735 0.189147 0.296373 -0.660792 0.03767 0.456535 -0.493205 -0.215214 -0.302778 -0.145045 0.464568 0.46511 -0.256323 0.0962102 0.129768 0.316695 0.37528 -0.158897 0.0360639 0.365258 -0.326814 0.349469 -0.494864 -0.507219 -0.515186 0.359491 0.462843 -0.273389 -0.782032 0.332484 -0.251487 -0.73612 0.184853 0.0151169 -0.092984 0.000112292 0.476858 0.241368 -0.382962 
0.319657 -0.576485 -0.457082 0.0140027 0.178329 -0.311275 0.639069 0.465125 -0.804377 0.22052 0.237764 -0.53227 -0.295614 -0.523506 0.15533 0.15533 0.639069 -0.171709 0.237223 0.368544 -0.632448 0.497299 0.0866899 0.122945 0.00933112 -0.602993 -0.233852 -0.204546 0.357755 -0.442234 -0.0344734 1.13908 0.0185055 -0.131277 -0.685427 0.328291 -0.0436478 -0.354507 0.177347 0.737232 -0.43653 0.465568 -0.242224 -0.0348841 -0.089275 0.00822511 -0.449836 -0.0874108 -0.485417 0.358198 0.3513 -0.400949 -0.121061 0.0410626 -0.0119163 -0.0386273 -0.0911541 -0.234516 0.167993 -0.483383 0.0524403 -0.173057 0.187504 -0.0114641 -0.553475 0.167993 -0.049152 0.00866745 0.878348 0.224651 -0.445695 0.406102 -0.310864 -0.272734 0.151869 -0.08252 0.32537 -0.512456 0.492627 0.258227 -0.392315 0.198351 -0.0819895 0.316196 -0.137774 -0.0206385 -0.20213 0.141241 -0.140041 -0.500949 0.0150442 -0.0737563 -0.281368 -0.72844 -0.483383 0.196084 -8.6469e-05 0.287682 0.597477 0.548011 
-0.200054 -0.317765 -0.356261 0.130923 -0.502851 -0.395663 0.00574773 0.0925199 0.166419 0.404126 0.326395 0.0322057 -0.222817 0.261368 0.433719 0.433719 0.00574773 0.852649 -0.0927301 -0.110615 0.344051 0.00938073 -0.318259 0.0482397 0.391454 -0.342406 0.08952 0.104165 0.217229 0.736287 0.665753 0.056784 1.24489 -0.187156 -0.235081 0.234251 -0.187678 -0.632937 -0.615547 -0.0416939 0.0986561 -0.21391 0.980585 0.0414836 0.745325 -0.13374 -0.0751183 -0.174644 0.00921688 -0.0892004 -0.0328848 0.0143209 -0.00342691 0.614745 0.0356123 -0.110751 -0.326879 -0.742103 0.187998 0.121645 0.216231 -0.469863 0.35058 0.398617 -0.584901 0.187998 0.605603 -0.440169 -0.207516 -0.275531 -0.0853409 -0.112457 0.228607 -0.284809 -0.387908 0.107427 -0.168251 0.234885 0.269912 0.725192 0.448626 0.202375 -0.142882 -1.02168 -0.176005 -0.454814 -0.356624 0.302899 -0.416318 -0.368773 0.423258 0.336589 -0.719115 0.0702462 0.121645 -0.0379377 0.000102828 0.0387353 -0.302464 0.3482 
0.149186 0.180406 -0.530019 -0.424324 -0.172194 0.379382 -0.210587 0.172536 0.390716 0.639216 0.290059 0.096448 0.439496 0.649807 -0.102943 -0.102943 -0.210587 -0.0292654 -0.243816 -0.32559 0.009127 -0.0458708 -0.632459 0.216356 -0.0335054 -0.0672721 0.277151 0.149468 0.0164191 -0.144268 -0.652062 -0.0885033 -0.182661 1.31829 -0.460274 -0.533845 -0.502907 0.511118 -0.219973 -0.121733 -0.584399 -0.313561 0.206383 0.0504521 0.363737 0.412918 0.48945 -0.278383 -0.109623 -0.469677 0.0235669 0.0146746 0.225986 0.234185 -0.235217 0.618989 0.290153 0.237478 0.310381 -0.378328 0.32896 -0.195636 -0.32135 -0.0946506 0.737817 0.310381 -0.664398 -0.0731787 0.300541 -0.285478 0.19142 -0.992232 -0.323133 -0.239482 0.232745 -0.392877 0.335719 -0.264513 0.344947 -0.15763 -0.668356 -0.133787 -0.485665 0.484874 0.482356 0.0545046 -0.0818216 0.321506 0.764929 1.06665 0.153027 0.160482 0.443549 -0.052214 -0.378328 0.148787 0.000125058 -0.234029 0.0414502 0.706104 
-0.0713648 0.408191 0.783274 0.234779 0.153693 0.0514287 -0.371654 -0.12679 0.245838 -0.325596 -0.0832659 0.154555 -0.0371202 -0.199472 0.00972097 0.00972097 -0.371654 -0.0960981 0.021622 0.0505087 0.429248 -0.0413704 0.705933 -0.393942 -0.14073 0.943925 0.259353 -0.0837711 0.178883 0.326064 0.408381 -0.611349 -0.199282 -0.428971 1.03691 -0.0250289 0.466933 0.0949506 0.363806 -0.218073 0.483413 -0.232016 -0.349308 0.112905 -0.189085 0.0622421 0.0615685 0.304578 0.36154 0.0736574 -0.191822 0.183442 -0.0517555 0.0499151 0.657578 -0.144742 0.0469308 0.357099 -0.133923 0.276429 -0.191393 0.345794 0.0951409 0.241588 0.241398 -0.133923 0.286816 -0.0429834 -0.761374 0.154801 0.231201 0.405644 0.346904 0.196451 -0.0851425 0.0932667 -0.22478 0.691397 -0.416879 -0.694228 0.229778 -0.352044 0.299143 -0.166228 -0.0882091 0.30014 0.760762 -0.224778 -0.0749427 0.0497249 -0.294146 -0.260761 0.150115 0.493613 0.276429 -0.338778 0.000279864 -0.179552 -0.316063 -0.635767 
0.31251 -0.0789105 -0.208343 -0.289988 0.0857023 0.208175 0.629206 -0.131363 -0.245689 0.0832045 -0.340496 0.242844 0.00391814 -0.162861 -0.0631795 -0.0631795 0.629206 0.428704 0.589827 -0.0787713 -0.114799 -0.141299 0.225028 -0.338049 0.423049 -0.308166 -0.216496 0.498107 0.00268084 -0.279272 0.348181 0.396549 0.264231 -0.508361 -0.0308487 1.08402 0.506999 -0.500207 0.47233 0.35717 0.0239968 0.412333 0.166855 0.101294 0.151388 -0.0611808 -0.034473 -0.159028 0.415278 0.546377 0.344929 -0.425755 0.0437014 -0.130583 -0.0466334 -0.233615 -0.493938 -0.15703 -0.177118 -0.148438 0.260574 -0.258976 -0.0731154 -0.390906 -0.817997 -0.177118 0.16581 0.482515 0.299173 0.300492 -0.705154 0.541723 0.455062 0.442042 -0.489061 0.277568 -0.272189 0.228378 0.571738 0.477894 0.345751 0.360397 0.235213 -0.113371 0.425047 -0.232088 0.11784 0.227059 -0.102656 -0.557675 -0.161651 -0.128136 -0.329464 0.410402 -0.148438 -0.167307 0.000251083 0.284527 0.216344 -0.752952 
0.412826 0.328048 0.22519 -0.289528 0.0767107 0.0289914 0.123536 0.00028101 0.177128 -0.298925 -0.100951 0.637589 -0.133354 -0.284274 0.0465878 0.0465878 0.123536 -0.105079 0.560365 0.0233944 -0.151905 -0.537437 0.821254 -0.421897 0.409445 0.312877 0.364079 -0.187417 0.26008 -0.205221 0.453926 0.0239133 -0.158396 -0.47812 0.460416 0.506302 1.02177 -0.617008 0.413169 0.460742 -0.115448 0.325139 -0.391654 0.0999041 -0.252618 -0.535469 0.49005 0.326079 0.273984 0.584938 -0.17458 0.100618 -0.0243249 -0.453131 0.159191 -0.171864 0.0543111 -0.255977 -0.0727502 0.248157 -0.225927 0.251538 -0.49113 -0.226956 -0.352834 -0.0727502 0.279812 -0.210611 -0.209345 -0.336582 -0.258611 0.531965 0.383013 0.201103 -0.00680199 0.147787 -0.208404 0.209126 0.161536 -0.166419 0.194093 -0.313615 0.197474 0.359437 -0.172611 0.340885 0.212507 0.336363 0.443743 -0.579009 -0.211785 -0.774076 0.107627 0.335097 0.248157 0.302739 0.000247637 0.298364 0.252057 -0.533404 
0.0708732 0.228905 0.404099 0.466712 0.742062 0.122457 0.184692 -0.420777 0.0315741 -0.194685 0.165453 -0.334719 0.563231 0.3659 -0.204477 -0.204477 0.184692 -0.348316 -0.299057 0.470349 0.209054 0.402122 -0.782246 0.623558 -0.496388 0.44199 -0.680721 0.34501 -0.603393 -0.0626588 -0.757024 -0.303321 -0.620029 0.519531 0.0720594 -0.517278 -0.633383 1.60435 -0.176207 -0.78707 0.41016 0.0329823 -0.124034 0.0672359 0.0216142 0.566077 0.0352114 0.0649495 0.0106842 -0.149634 0.11021 0.434687 -0.149256 -0.127249 -0.264244 0.220674 0.218388 0.835504 -0.196972 0.0647569 0.00245308 0.632018 0.618421 -0.129535 0.856394 -0.196972 -0.279529 1.01984 0.192674 0.303904 0.21475 -0.668428 -0.701803 -0.0980507 0.0729321 -0.369764 0.224641 -0.559792 -0.560978 -0.158288 -0.153464 -0.0354378 0.413797 0.348282 0.274166 -0.00589452 0.00746922 -0.671022 -0.181088 0.85868 -0.34262 0.330855 0.490101 0.15614 0.0647569 -0.490692 0.000166661 0.074648 -0.141652 0.083862 
0.235715 -0.18087 0.150639 0.0729943 0.43475 0.99945 -0.0615867 0.407213 -0.550442 -0.15282 -0.45261 -0.0886046 -0.0320269 -0.401599 -0.126041 -0.126041 -0.0615867 -0.359505 0.562284 0.208263 0.136832 0.1893 1.12617 -0.465437 0.192712 0.0309927 0.115285 -0.122406 -0.158578 -0.0896552 -0.365263 0.24518 -0.585992 -0.194914 0.357562 0.471905 0.413441 -0.159561 1.5015 0.869051 -0.298701 0.355361 -0.718466 0.100447 -0.686074 0.26375 -0.415174 -0.255319 -0.271249 -0.21043 0.508053 -0.442626 0.772963 0.0266508 0.24738 0.446394 0.0906281 0.134471 -0.508585 -0.116057 0.356015 -0.0730536 -0.343954 -0.329115 -0.144722 -0.508585 -0.400531 0.211898 0.112706 0.742357 -0.0446404 0.828864 0.533741 0.553305 -0.0810259 0.326818 -0.497974 0.430864 0.309018 -0.463551 -0.206436 0.475661 -0.163433 0.28073 0.582502 0.449589 0.473868 -0.198786 0.11808 0.211044 -0.540977 0.0138233 0.317115 -0.0995949 -0.116057 0.0112393 0.000248982 -0.569391 -0.0361365 -0.495851 
0.336664 -0.240112 -0.452348 0.0252627 -0.090212 0.378542 -0.0902322 0.964424 -0.505523 -0.101815 0.233191 -0.029495 -0.135056 -0.400468 0.452139 0.452139 -0.0902322 -0.395152 0.555612 0.282343 -0.395132 0.109276 1.12609 0.0199265 0.2902 -0.453723 0.221402 -0.34438 0.431097 -0.0225764 0.13776 0.794608 -0.0225965 -0.107131 -0.234775 0.346288 0.450557 -0.78088 0.858594 1.44045 -0.503757 0.33804 -0.237237 0.0795839 -0.6141 0.112209 -0.248443 -0.243044 -0.449435 -0.195288 -0.0526627 -0.302764 0.751097 0.061437 0.221793 0.532149 0.209521 -0.582975 -0.424443 -0.0838161 0.322825 -0.0373521 -0.403009 -0.261191 -0.639063 -0.424443 -0.297448 -0.514176 0.579968 -0.0443314 -0.0475594 0.699197 0.436718 -0.15341 0.427156 0.219145 -0.00111549 -0.197226 0.374214 0.0212191 -0.29314 0.3242 -0.246676 0.311681 -0.04973 0.0516059 -0.150762 0.427074 0.263842 -0.316434 -0.0475795 -0.151828 -0.163034 -0.66707 -0.0838161 0.637773 0.000197269 -0.0373722 0.474913 0.262492 
-0.623704 0.414457 0.51758 0.44404 -0.235249 -0.372689 -0.21756 -0.248999 0.121349 -0.611361 -0.225958 -0.189163 0.253683 -0.0394249 0.0555848 0.0555848 -0.21756 -0.0252349 -0.342162 -0.148015 -0.0429248 0.157436 -0.116905 0.44754 -0.635269 0.129414 -0.468566 0.553205 -0.0702452 0.0443092 0.515881 -0.434909 0.0619991 -0.625551 0.410957 -0.0426397 -0.181387 0.360595 -0.364913 -0.559511 1.18967 -0.235539 0.347331 -0.0316492 -0.306778 0.336145 -0.470706 0.235748 0.713979 -0.0567854 -0.533419 0.00498294 -0.285455 -0.242295 0.211587 -0.566997 -0.2996 0.516308 -0.343964 0.286526 -0.267475 0.298091 0.462019 0.025102 -0.0763219 -0.343964 0.0191729 0.349604 -0.149577 0.351744 0.292455 0.28924 0.174841 0.19423 0.30373 0.281464 0.32171 0.112788 -0.921873 0.143441 0.586048 0.12069 0.597613 -0.375559 -0.354709 -0.672166 0.124353 -0.388533 -0.775289 -0.343719 0.310145 0.431203 -0.386834 0.110648 0.286526 -0.29989 -7.84504e-05 0.315781 0.0111972 -0.717026 
0.285364 -0.218786 0.287047 0.285418 0.62248 0.175244 0.703742 -0.0269839 -0.244514 -0.19806 -0.285172 0.145293 -0.0396865 -0.0654146 -0.051698 -0.051698 0.703742 0.0106999 0.518838 0.441752 -0.0705615 -0.0159435 0.00986059 0.290565 0.49311 -0.457407 -0.0510839 -0.132289 -0.53216 -0.251289 -0.3234 0.547728 -0.170028 -0.274174 -0.223933 0.426236 0.339738 0.0639559 0.369688 0.362824 -0.155 1.02982 -0.338745 0.12903 -0.222774 -0.69564 -0.0881806 0.46091 -0.311389 0.524642 0.528864 0.0682079 -0.00548406 -0.552651 -0.706023 -0.238958 0.0929219 -0.183032 0.13382 0.301682 -0.33156 0.0939359 -0.0406576 -0.220771 -0.116158 0.13382 0.144322 0.361162 0.379011 0.398258 -0.0634119 0.428238 -0.277186 0.414522 0.13618 0.233794 -0.189897 -0.317549 0.191748 0.562043 0.20908 0.412894 0.0013338 0.473241 -0.150832 0.442366 -0.525295 -0.336797 -0.0634666 -0.448038 0.0178494 0.0230859 0.27365 -0.354646 0.301682 0.500259 0.000319833 0.175197 0.199911 0.224794 
-0.319023 0.110285 -0.579437 -0.0621941 -0.6943 -0.13045 -0.162045 -0.0395578 0.426479 0.212615 0.208492 0.196634 0.329856 0.64605 0.313083 0.313083 -0.162045 0.669845 -0.214433 -0.396629 0.13759 -0.181185 -0.682989 0.446266 0.101761 -0.502766 -0.240607 0.668097 -0.0254795 0.435261 0.431751 -0.217014 0.967517 0.18882 -0.398175 0.123807 -0.434005 -0.15001 -0.761089 -0.269402 0.37092 -0.395695 1.28196 0.0154114 0.565255 0.314522 0.092044 -0.385422 0.448525 -0.381616 -0.392507 0.0144386 0.167221 0.316271 -0.219495 0.0626312 -0.338202 -0.383982 -0.188218 0.119029 0.400871 -0.301755 0.171456 -0.0845623 -0.406029 -0.188218 0.0382336 -0.0416149 0.097431 -0.374266 -0.00376707 -0.52601 0.28589 -0.193043 -0.125946 0.104628 0.107704 -0.0963818 -0.01723 0.870856 0.457269 0.3242 0.0364848 -0.758052 0.1032 -0.950318 -0.517166 0.375315 -0.260596 -0.00519555 0.528488 0.554045 -0.635873 0.236269 0.119029 -0.0395965 3.8201e-05 0.2305 -0.122141 -0.00921582 
0.146227 0.1559 0.143528 0.14123 0.12085 0.107879 0.113436 0.158769 0.12999 0.111549 0.142306 0.107608 0.179906 0.153996 0.166607 0.166607 0.113436 0.143688 0.170528 0.0945473 0.151102 0.0857796 0.0964841 0.144124 0.144618 0.128706 0.135157 0.156594 0.0871504 0.124799 0.119289 0.0792952 0.117384 0.121858 0.153007 0.147216 0.146522 0.130229 0.146793 0.136387 0.0809087 0.161049 0.104381 0.19291 0.119386 0.0822546 0.0833074 0.159425 0.132588 0.0894301 0.0637907 0.0316279 0.0815759 0.0693484 0.0712528 0.0572749 0.0237905 0.0750733 0.0780647 0.0559289 0.0339626 0.0575379 0.093617 0.035864 0.0724756 0.0780647 0.0213194 0.0845344 0.0662914 0.136384 0.0704735 0.0636931 0.034258 0.0510823 0.112281 0.0247792 0.0646678 0.0959469 0.0891671 0.0725198 0.0326166 0.0487848 0.0342256 0.0919012 0.0602657 0.0630974 0.0975559 0.0258545 0.0754699 0.10596 0.0630588 0.0711668 0.0500936 0.0440975 0.0559289 0.0639891 0.000478176 0.0501232 0.0422858 0.0990795 
0.216308 -0.232354 -0.318477 -0.282715 -0.0368163 -0.396149 0.413162 -0.416649 0.252114 0.820714 0.355757 0.0375782 -0.121504 0.362965 -0.0295905 -0.0295905 0.413162 0.822425 -0.169039 -0.111904 0.372447 0.00803226 -0.899555 -0.292197 0.31543 0.162475 0.032058 0.170955 0.150307 0.297359 0.152018 -0.0489845 0.747337 0.361254 -0.222872 0.12342 -0.279889 0.0107182 -0.713616 -0.631185 -0.268109 -0.264644 0.580336 0.0454977 1.20777 -0.0633643 0.422925 -0.160958 0.0601043 0.302312 0.353053 0.0947123 -0.471237 0.588106 -0.00721289 -0.0858904 -0.292346 -0.194732 0.614258 -0.290635 0.206568 -0.389757 0.395091 0.381651 -0.00272157 0.614258 0.554173 0.0886407 -0.215986 -0.302227 -0.463157 -0.702701 -0.289629 -0.310146 -0.790106 -0.385234 -0.1123 0.166997 0.606178 0.270194 0.00182411 -0.274384 -0.0972979 -0.544207 0.281657 -0.0502561 0.0678753 0.253238 0.0358669 0.203734 -0.0131785 -0.0598475 -0.217258 0.557865 -0.290635 -0.520173 0.000112778 0.0602216 -0.326837 0.357562 
-0.0670915 0.139582 -0.476429 -0.0118289 -0.221773 0.167531 -0.353866 0.336115 -0.353108 0.0925814 0.383019 -0.631416 0.43238 -0.0603106 0.142852 0.142852 -0.353866 -0.340847 -0.307258 -0.0499698 -0.208754 0.602393 0.0778961 0.136615 -0.799948 0.231305 -0.621176 0.613173 0.464277 -0.0369512 0.0308485 0.0111992 -0.169044 0.373118 -0.00886157 -0.126465 -0.600056 0.517865 0.198891 0.057807 0.337497 -0.774826 0.292286 -0.0289506 -0.100681 1.53129 -0.391249 -0.789316 0.320376 -0.646663 -0.340408 -0.374127 0.339334 0.577271 0.777164 0.5795 -0.180865 0.599123 -0.667784 -0.614294 0.760294 0.118563 0.409131 -0.183094 -0.0743609 -0.667784 -0.654664 0.420351 0.472529 0.190424 -0.142724 -0.208878 0.22733 -0.412041 0.0370793 -0.240238 0.458039 -0.127496 -0.185726 -0.453589 -0.4335 0.0525592 0.299356 -0.172865 0.588491 -0.813999 0.605361 0.15461 -0.197987 0.686005 -0.274817 0.330867 -0.352668 0.102431 -0.614294 -0.733918 -7.17614e-05 -0.0135302 0.179732 -0.383977 
0.553204 0.43584 -0.318857 -0.688205 -0.0212627 -0.0515998 5.38984e-05 -0.472698 0.682984 0.0277076 0.295394 0.853895 0.153391 0.400535 -0.113739 -0.113739 5.38984e-05 -0.022466 0.144071 -0.108161 -0.0437826 -0.880802 -0.283424 -0.243888 0.391215 0.400656 0.143794 -0.0893793 -0.0238856 -0.130681 -0.0740593 -0.445804 -0.109365 0.450709 -0.00847718 -0.0986989 0.426521 -0.0119431 -0.478975 -0.301787 -0.468295 -0.166309 0.070866 -0.0268398 0.386667 -0.390191 1.26303 -0.0547705 0.19307 0.282503 -0.375848 0.601663 -0.138499 -0.323278 -0.287972 0.270634 0.242704 -0.331223 -0.000222974 0.19253 0.0278641 0.354519 -0.521843 -0.351208 0.158691 -0.000222974 0.178662 -0.0838021 -0.265573 -1.20304 -0.33734 -0.836574 -0.0988193 -0.322301 -0.320398 -0.409199 -0.154035 -0.363062 0.198619 -0.0686029 -0.0502402 -0.691649 0.111749 0.346545 0.114763 0.149372 -0.201074 0.5744 0.904069 0.186622 -0.316024 -0.86256 0.329602 0.756171 0.19253 0.0976576 -6.65293e-05 0.375835 0.0168762 -0.126801 
-0.159135 0.286986 0.790182 0.280326 0.146351 -0.420684 0.193135 -0.0742424 0.306635 -0.169803 -0.16442 0.160986 -0.0719344 -0.0522855 -0.0251598 -0.0251598 0.193135 0.0185403 -0.0198745 -0.0045831 -0.028243 -0.0348998 -0.0346373 0.256284 -0.000225568 0.171769 0.455262 -0.198818 0.0185349 -0.179178 0.206878 -0.00688236 -0.132394 -0.240628 0.311029 -0.146758 0.339046 0.0942914 -0.242624 -0.219892 0.314655 0.459278 -0.330103 0.125775 -0.12072 -0.711762 0.0217259 0.963848 0.160103 0.552056 -0.00996555 0.176278 -0.571618 -0.494404 -0.155132 -0.710879 0.127195 0.277246 0.668271 0.315538 -0.837762 0.156629 0.0141828 0.34367 0.423779 0.668271 0.247103 -0.178241 -0.204591 0.255295 0.412104 0.317632 -0.339581 0.290507 0.566122 0.139572 0.299979 0.154712 -0.315452 0.00340036 0.188655 -0.219349 0.0297454 0.432147 -0.686827 0.475839 -0.00419719 -0.305174 -0.0273567 -0.414295 0.458888 -0.0736997 0.278129 -0.278824 0.315538 0.440122 0.000311764 0.203412 0.154329 0.285299 
-0.250957 0.854912 0.0716169 -0.488197 -0.581876 -0.12254 -0.0491939 -0.310699 0.56552 -0.0800491 -0.337648 0.422965 0.524343 0.234951 -0.157278 -0.157278 -0.0491939 0.253741 -0.0705881 -0.811121 -0.278941 -0.35082 -0.1842 0.0256956 -0.35998 0.16065 -0.0402774 0.99551 0.310667 -0.508186 0.644457 -0.431859 0.0244962 -0.0988389 0.34102 0.400578 0.259981 0.0130554 -0.285524 -0.453254 0.765915 -0.339991 0.476873 0.0719666 0.0733716 0.370959 0.242596 0.133132 1.32608 0.281375 -0.553522 -0.317567 -0.351785 -0.370809 0.249151 -0.532154 -0.470988 0.66137 -0.0188832 -0.137198 -0.0609875 -0.0281753 -0.1974 -0.309644 -0.0991885 -0.0188832 -0.298778 0.341667 0.0205173 0.058794 -0.148064 0.0175632 0.449951 0.409793 0.202844 0.180548 0.493641 0.369373 -0.222604 0.0649153 0.333968 -0.150021 0.442991 0.109164 0.168257 -0.69412 0.478396 0.331097 0.0891752 -0.160354 0.384618 -0.00746627 -0.241743 0.652247 -0.137198 -0.229103 0.000178387 0.504507 0.351086 -1.04986 
0.395819 -0.00832572 0.220455 -0.300788 0.345252 -0.660825 0.852837 -0.499018 -0.121726 0.0234096 -0.0963791 0.134814 -0.293911 -0.407312 -0.250221 -0.250221 0.852837 0.118364 0.241976 0.109595 -0.389221 -0.149414 -0.218149 -0.318878 0.128576 0.163607 -0.0911751 -0.0475834 0.186738 -0.624879 0.281692 0.368383 -0.117294 -0.502266 0.00976491 0.488304 0.527562 -0.190635 -0.268077 -0.242478 -0.0482216 0.452667 -0.396641 -0.0145639 0.272206 -0.639452 0.288657 0.481712 0.238002 1.13842 0.229383 0.00243258 -0.896483 -0.473505 -0.074519 -0.74264 -0.246364 0.0924816 0.519686 -0.15141 -0.496312 0.115833 0.0993826 0.0227714 -0.267247 0.519686 0.528108 0.312233 0.0890353 -0.0675989 -0.656747 0.238869 -0.364569 0.0817791 -0.282089 -0.153878 0.118081 -0.106104 0.27995 0.0705895 0.0949183 -0.439464 0.362161 0.363951 -0.260655 0.268641 0.161139 0.0505303 0.0398598 -0.763523 -0.149162 -0.696004 -0.0107066 0.273728 -0.15141 -0.13895 -3.61003e-05 0.623418 0.374621 -0.247886 
0.0893848 -0.776999 0.0428887 0.00606987 0.562719 0.304267 0.568092 -0.298343 -0.550817 0.466102 -0.484632 -0.378094 -0.412524 -0.186341 -0.467264 -0.467264 0.568092 0.314549 0.106753 0.161425 0.309176 0.31196 -0.341131 -0.489448 0.332935 -0.298849 -0.0353421 -0.258186 -0.525849 -0.0921176 -0.677402 0.335719 -0.0867448 -0.0347885 -0.281481 0.26109 -0.257722 0.0434423 0.424638 -0.12562 -0.550622 0.431122 -0.433298 -0.0659701 0.297181 -0.358963 -0.395462 -0.106076 -0.622662 0.203616 1.11216 -0.323422 -0.0970271 0.213772 -0.376885 -0.114395 -0.154501 0.00222533 0.425997 -0.306054 0.0399419 -0.549604 0.143039 0.173667 0.0740703 0.425997 0.177469 0.370502 -0.0108348 0.730622 -0.309856 0.137576 -0.307165 0.418498 -0.685002 0.0172045 -0.548033 0.267959 0.638825 0.0637943 -0.151716 0.38168 -0.395267 -0.128353 0.441236 0.593347 0.0244092 -0.473497 -0.226541 0.114176 -0.304483 0.208957 0.246793 -0.0921602 -0.306054 -0.286097 -0.000163524 -0.544231 -0.37531 0.234841 
0.180457 -0.00461473 0.127106 0.244031 0.325364 -0.301749 -0.168312 -0.410997 0.238814 -0.503604 0.407084 0.241767 -0.11727 0.126159 0.0991244 0.0991244 -0.168312 -0.301442 -0.127502 0.554944 0.192234 -0.372546 -0.216128 0.177956 0.115926 0.369419 -0.284494 -0.531684 -0.404798 0.421814 -0.202635 -0.448853 -0.0718618 -0.0760035 0.06146 -0.541917 -0.0148474 0.335596 -0.558363 -0.408044 -0.0445427 -0.0618565 -0.0586757 -0.130456 0.00651756 -0.425006 0.549726 0.0478449 -0.419029 -0.0556569 -0.355744 0.924213 -0.0721687 -0.194763 -0.325537 0.235791 0.414091 -0.476285 -0.325304 0.616254 -0.178624 0.680785 0.137576 -0.0164628 0.181558 -0.325304 0.496612 -0.0758648 -0.435667 -0.910086 0.103178 -0.564897 -0.373929 -0.537863 -0.219511 -0.308283 -0.325966 -0.619648 -0.500651 0.00992335 0.201839 -0.420938 0.26637 -0.138178 -0.408204 0.171325 -0.555117 -0.14523 0.0396047 0.00325731 -0.390497 -0.423891 0.184511 0.214573 0.616254 0.026871 -0.000323367 0.187109 -0.323013 0.206036 
-0.0402696 -0.158487 -0.431192 0.0879548 -0.129258 0.919345 -0.592483 0.443403 -0.13028 -0.242775 -0.0856253 0.12233 0.153405 0.181612 0.176943 0.176943 -0.592483 -0.246668 0.222299 0.0779966 0.216558 -0.152716 0.602783 0.0530089 0.250505 -0.386109 -0.0475368 -0.0911576 -0.375621 0.423812 -0.379513 -0.118769 -0.0394134 0.185504 -0.123541 -0.0222645 -0.089594 -0.198151 0.707422 0.696013 -0.284784 -0.0853522 0.144303 -0.0303113 -0.509236 0.338652 -0.140239 -0.649855 -0.40305 -0.904376 -0.0791536 -0.0219724 1.1266 0.183142 -0.156958 0.864031 0.244488 -0.488146 -0.862319 0.240596 0.619468 -0.0501792 -0.419176 -0.436402 -0.215376 -0.862319 -0.450252 -0.190104 0.0649479 -0.0974021 0.254446 0.0505695 0.570144 0.0552388 0.00757664 0.262493 -0.499555 -0.0734371 0.00983454 0.0892625 -0.00396734 0.574386 -0.294742 -0.209636 0.412214 -0.146483 -0.364212 0.088913 0.126222 0.404167 -0.20878 0.321776 0.0372337 -0.166139 0.240596 0.288393 -7.51343e-05 -0.513405 -0.246945 -0.0986089 
-0.077445 -0.548223 -0.356269 0.125624 -0.170897 -0.103049 -0.285696 0.261935 -0.314688 0.580679 0.464328 -0.582559 -0.340233 -0.106698 0.219075 0.219075 -0.285696 0.292567 -0.322697 0.103006 0.407367 0.527595 0.0147332 -0.388441 -0.0891625 0.211093 0.0135768 -0.226373 0.413056 0.681269 0.124944 0.0310664 0.56647 0.181414 -0.0341589 -0.208838 -0.530688 -0.188432 -0.0511786 -0.00593513 -0.253913 -0.644808 0.281064 -0.0548272 0.53782 0.564301 -0.337306 -0.584928 -0.434364 -0.493686 0.219358 -0.156855 0.170853 1.08324 0.641715 0.416106 -0.113996 -0.239703 0.0505783 -0.402108 0.529965 -0.39039 0.484736 0.55314 -0.120028 0.0505783 0.24241 -0.342442 -0.254339 0.00844066 -0.0913778 -0.193518 0.0767223 -0.519291 -0.553572 -0.245388 -0.19446 0.356095 0.312809 -0.308916 -0.288248 -0.0373976 -0.276531 -0.850092 0.256063 -0.102493 0.367813 0.0933157 -0.294446 0.410073 -0.206177 0.230473 -0.387898 0.00521246 -0.402108 -0.587907 -0.000135903 -0.505189 -0.46233 0.418612 
-0.0370718 0.0504924 0.0391447 -0.0366371 -0.290458 -0.43509 -0.436326 0.365319 -0.314024 0.0929841 0.43967 -0.523008 -0.293047 -0.657564 0.216749 0.216749 -0.436326 -0.278507 -0.259993 -0.0227 -0.132638 0.471872 0.782762 -0.561563 -0.624509 0.798339 0.0765843 -0.156029 1.0688 0.13512 0.697307 -0.0199987 -0.0107486 -0.286073 0.575418 -0.122974 0.0835473 -0.323513 0.171465 0.156335 0.201883 -0.796266 -0.252787 -0.0510089 -0.0555858 0.766107 -0.300087 -0.243743 0.187511 -0.0927867 -0.369386 -0.285715 -0.167332 0.643629 1.35169 0.0555884 -0.137145 0.305616 -0.0997496 -0.508636 0.192607 0.0788013 0.323302 0.450896 -0.19592 -0.0997496 0.0933421 -0.395478 -0.262037 -0.0188063 -0.151082 0.383508 0.313226 -0.490805 -0.0694533 -0.223047 0.290486 0.49649 -0.116 -0.998044 -0.371617 -0.566587 0.21582 -0.323274 -0.0751507 -0.162865 1.08393 0.25326 -0.151517 -0.00318588 -0.296951 -0.357603 -0.404903 0.119819 -0.508636 -0.642953 -0.000126438 -0.0670672 0.0815026 -0.31255 
0.3484 -0.218988 -0.649048 -0.0619414 0.104791 0.578908 -0.448551 0.30876 -0.182962 -0.0212187 0.465218 -0.0390779 0.107416 0.143443 0.181668 0.181668 -0.448551 -0.431861 0.0648499 0.365493 0.121481 -0.0401522 0.290728 -0.0399799 0.100876 0.0426004 -0.242321 -0.281437 -0.122948 0.382183 -0.53359 -0.0607571 -0.171159 0.554085 -0.24095 -0.324003 -0.261555 0.147358 0.356431 0.452644 -0.590749 -0.343248 0.0152913 -0.0790342 -0.148311 0.554396 0.244472 -0.813537 -0.607841 -0.774956 -0.120943 0.261565 0.83961 0.403972 0.041541 1.12316 0.388657 -0.440808 -0.755721 -0.0219851 0.734307 0.225539 -0.167244 -0.330531 -0.0159287 -0.755721 -0.313738 -0.0976112 0.125693 -0.584404 -0.0387773 -0.506223 0.124352 -0.544448 -0.239293 -0.283746 -0.344595 -0.466685 0.122665 -0.248923 -0.410838 0.0426585 -0.163314 -0.0725599 0.473605 -0.0584951 -0.219161 0.243413 0.371564 0.718574 -0.592119 -0.101226 0.127955 0.0201084 -0.0219851 -0.0593822 -0.000195906 -0.327803 -0.200711 0.220238 
0.0430386 -0.0879024 -0.00239402 0.0771545 0.130292 0.050345 -0.368852 0.0757478 -0.00631708 -0.30257 0.158492 0.0142999 -0.144424 -0.0628389 -0.0100991 -0.0100991 -0.368852 -0.557008 -0.125552 0.266363 -0.0578641 -0.160832 0.159607 0.0721797 -0.0439671 0.0856635 0.0777845 -0.636848 -0.191563 0.0782063 -0.446001 -0.146935 -0.420938 0.191599 -0.0829276 -0.617976 -0.0690306 0.11142 -0.0329856 0.0963648 -0.357002 -0.0450188 -0.419193 -0.146169 -0.388417 -0.23962 0.182891 -0.00911406 -0.580326 -0.31233 -0.1947 0.406215 0.186415 -0.15978 -0.184843 0.355006 0.492062 -0.238635 -0.165515 0.237624 -0.137418 0.32463 -0.246678 -0.0227246 0.335374 -0.165515 -0.0879544 -0.360387 -0.145189 -0.465493 0.302854 -0.252284 -0.249487 -0.305024 0.214548 -0.168953 -0.109285 -0.40792 -0.281953 -0.318042 -0.2548 -0.225475 -0.167794 0.267686 -0.273488 0.354246 -0.320914 -0.0876159 0.268738 0.198319 -0.19629 -0.246092 0.355991 -0.302813 0.237624 0.316751 -0.000362318 -0.174514 -0.0886676 0.406458 
-0.34476 0.41658 0.425864 -0.136475 0.0357136 -0.0210813 -0.0106854 -0.271422 -0.0380865 0.00626145 -0.445189 -0.411258 0.327841 -0.126825 -0.516949 -0.516949 -0.0106854 -0.311025 -0.41652 -0.437886 -0.264626 0.367801 -0.322466 0.00132601 -0.871186 0.350539 -0.163749 0.51483 0.0760664 -0.738226 -0.24122 -0.238759 -0.784625 0.190461 0.278779 -0.22953 -0.327781 0.780074 0.0623952 -0.644593 0.510443 -0.269435 -0.413435 -0.0433488 -0.239265 0.591906 -0.339498 0.192475 0.603569 0.0780534 0.013564 -0.432624 -0.494681 -0.23395 0.309455 -0.422921 -0.187097 1.30133 0.242085 -0.504384 -0.235931 0.0220421 0.122275 0.00187437 0.659674 0.242085 -0.616824 0.593893 0.132431 0.769641 0.114314 0.0116091 -0.218952 0.401732 0.335591 -0.0718673 0.594341 0.256629 -0.36691 -0.639521 -0.317394 -0.160606 0.209032 0.50778 0.237668 -0.084687 0.783055 -0.380581 -0.0939713 0.42385 0.0679153 0.212565 0.286503 0.0808806 -0.504384 -0.492246 -0.000107451 -0.0243568 0.22117 -0.507243 
-0.226472 -0.184556 0.198677 -0.310496 -0.206387 -0.572618 0.292321 -0.162915 0.183629 0.740396 -0.199561 -0.136511 -0.400499 -0.0323144 -0.330581 -0.330581 0.292321 0.441712 -0.357491 -0.499616 -0.0569958 0.0990672 -0.654941 -0.285814 0.0106938 -0.0782181 0.714442 -0.289621 0.294925 -0.350225 -0.00375899 0.166757 0.148483 0.26637 -0.209237 -0.246613 -0.141548 -0.249395 -0.577655 -0.483055 -0.346822 0.0504231 -0.214665 -0.0373513 0.572731 -0.671995 -0.00549171 0.586506 -0.0736776 0.508264 0.440341 -0.278636 -0.865848 0.0593379 -0.0929038 -0.734828 -0.110971 0.245092 1.36425 -0.409655 -0.62395 -0.646821 -0.0685979 0.683195 0.502398 1.36425 0.19539 -0.458656 -0.196391 0.261277 0.0781494 -0.136149 -0.539026 0.162117 0.0977939 -0.131112 0.339692 0.437491 0.420257 -0.126891 -0.298777 -0.347055 -0.535943 0.201903 -0.330721 0.545406 0.200325 -0.0201774 0.162173 -0.121459 0.576857 -0.0269152 0.182258 -0.282443 -0.409655 0.145839 -9.25845e-05 -0.148113 0.0195519 0.744203 
-0.208213 0.0558865 0.344962 0.393927 0.0913148 0.0386887 -0.312244 -0.276354 0.291495 -0.725161 -0.143759 0.403175 -0.0712804 0.164328 0.0943999 0.0943999 -0.312244 -0.116249 0.0299464 0.267447 0.287311 -0.48511 0.0959271 0.270945 0.265555 -0.0592903 -0.0897104 -0.341405 -0.65747 0.463443 -0.0485579 -0.506865 0.059884 -0.444584 0.178869 -0.240178 0.157113 -0.00991209 -0.207372 -0.164674 0.261422 0.196039 0.0703364 -0.0817328 -0.354408 -0.64075 0.165015 0.211527 -0.214238 -0.185077 -0.313954 0.640675 0.214821 -0.415594 -0.524036 -0.0233377 0.269922 -0.523623 -0.431901 0.878835 -0.293462 0.405067 -0.114356 -0.122334 -0.0178897 -0.431901 0.360099 -0.168358 -0.496413 -0.423083 0.396402 -0.00810472 0.0718636 0.0618238 0.0273585 0.237956 -0.480925 -0.226401 -0.613482 0.348108 0.60871 0.11079 0.134942 -0.275254 -0.469595 0.0833371 -0.700168 -0.29973 -0.205738 -0.31115 -0.00715728 -0.000889677 0.0937894 0.0283254 0.878835 0.374647 -0.000202595 0.00150746 -0.369246 -0.112811 
0.159135 -0.286986 -0.790182 -0.280326 -0.146351 0.420684 -0.193135 0.0742424 -0.306635 0.169803 0.16442 -0.160986 0.0719344 0.0522855 0.0251598 0.0251598 -0.193135 -0.0185403 0.0198745 0.0045831 0.028243 0.0348998 0.0346373 -0.256284 0.000225568 -0.171769 -0.455262 0.198818 -0.0185349 0.179178 -0.206878 0.00688236 0.132394 0.240628 -0.311029 0.146758 -0.339046 -0.0942914 0.242624 0.219892 -0.314655 -0.459278 0.330103 -0.125775 0.12072 0.711762 -0.0217259 -0.963848 -0.160103 -0.552056 0.00996555 -0.176278 0.571618 0.494404 0.155132 0.710879 -0.127195 -0.277246 -0.668271 -0.315538 0.837762 -0.156629 -0.0141828 -0.34367 -0.423779 -0.668271 -0.247103 0.178241 0.204591 -0.255295 -0.412104 -0.317632 0.339581 -0.290507 -0.566122 -0.139572 -0.299979 -0.154712 0.315452 -0.00340036 -0.188655 0.219349 -0.0297454 -0.432147 0.686827 -0.475839 0.00419719 0.305174 0.0273567 0.414295 -0.458888 0.0736997 -0.278129 0.278824 -0.315538 -0.440122 -0.000311764 -0.203412 -0.154329 -0.285299 
0.30978 0.255141 0.230121 0.299695 0.465937 -0.296382 -0.0686892 -0.20474 -0.0596654 -0.800191 0.443678 0.0284814 0.10267 -0.212137 0.143539 0.143539 -0.0686892 -0.752053 0.00964001 0.687982 -0.217427 -0.107183 0.211765 0.304985 -0.305166 0.549991 -0.589121 -0.25607 -0.110868 0.00461884 -0.0627295 -0.194923 -0.530007 -0.260276 0.249851 -0.349099 0.162111 0.558966 -0.162752 -0.116593 0.274604 -0.0100897 -0.348831 -0.0785068 -0.451913 0.0937233 0.328621 0.0542348 -0.103599 0.0837821 -0.555888 0.706823 -0.0743367 -0.402259 0.0650183 0.225803 0.358545 0.00441956 -0.66745 0.406684 -0.132936 1.02163 0.241096 -0.269518 0.0483526 -0.66745 0.166908 0.288374 -0.0137462 -0.629368 -0.0297419 -0.166705 -0.280605 -0.52238 0.109178 -0.300334 0.0505783 -0.771973 -0.712045 -0.280414 0.0479442 -0.452806 0.66289 0.275419 -0.354982 -0.0446769 -0.157027 -0.156351 -0.0196574 -0.084389 -0.564368 -0.540953 0.136499 0.145768 0.406684 -0.117482 -0.000194599 0.487004 0.138725 -0.239136 
-0.0271158 -0.413054 0.230501 0.705186 0.450383 -0.640931 0.344419 -0.148691 -0.490535 -0.00718483 0.504041 -0.787836 -0.172225 -0.249707 0.227687 0.227687 0.344419 0.092839 -0.30347 0.684239 0.198803 0.781651 -0.404366 0.256676 -0.380951 0.31181 -0.700857 0.00426416 0.0633239 0.432659 0.163348 0.201897 0.326695 -0.349731 0.0354561 -0.12698 -0.544298 0.581628 -0.397394 -0.445992 0.47479 -0.108425 0.160639 -0.00616924 0.369193 0.42055 -0.511482 -0.0519527 -0.236564 0.10359 0.173014 0.199873 -0.407075 0.509125 0.345778 -0.130721 -0.176505 0.140911 -0.0529683 -0.076481 0.0457682 0.277354 1.15803 0.463341 -0.11306 -0.0529683 0.542419 0.460817 0.0358407 0.271441 -0.155558 -0.0328319 -0.471414 -0.510225 -0.360531 -0.276369 0.0923128 -0.241914 -0.304485 0.0583832 0.100009 -0.0355408 0.453844 -0.615333 -0.188088 -0.244305 0.111922 -0.477514 -0.88786 -0.0672767 -0.261523 0.26176 -0.410361 -0.0525384 -0.076481 -0.735313 -1.5292e-05 0.17139 -0.204988 0.245227 
-0.382807 -0.417137 0.290384 0.26472 -0.145396 -0.631612 -0.205997 0.0289233 -0.138043 0.299328 0.157602 -0.529181 -0.592073 -0.312979 0.0273087 0.0273087 -0.205997 0.16742 -0.5131 0.00387536 0.228021 0.406916 -0.116388 -0.276281 -0.234006 0.254157 0.333682 -0.581784 0.344441 0.377292 0.212533 -0.0551112 0.316691 -0.181072 0.123863 -0.502811 -0.338164 -0.224369 -0.440595 -0.362214 -0.0201665 -0.346579 -0.153419 -0.121962 0.297713 -0.229716 -0.398888 0.219494 -0.406848 -0.031061 0.145601 -0.0122057 -0.482341 0.519489 0.415331 -0.352048 -0.0105911 -0.0375298 0.640785 -0.142499 -0.341759 -0.291299 0.405301 0.860946 0.231275 0.640785 0.468194 -0.605218 -0.525222 0.127352 0.250253 0.0604215 -0.297116 -0.279866 -0.0997306 -0.130595 0.0408513 0.414861 -0.0918095 -0.378036 -0.13221 -0.305531 -0.281011 -0.509846 -0.49103 0.310249 0.26606 -0.237713 -0.397273 -0.110182 0.189652 0.085606 -0.159862 -0.317709 -0.142499 -0.211774 -0.000302315 -0.351901 -0.350286 0.604831 
-0.284818 0.224822 0.463982 0.0262457 0.146283 0.131776 -0.365724 -0.243162 0.384066 0.111827 -0.180986 -0.0760638 0.143383 0.302627 -0.404855 -0.404855 -0.365724 -0.273735 -0.508687 -0.210015 0.238272 0.0273862 -0.494268 0.090601 -0.349443 0.384336 0.353818 -0.241038 -0.322276 -0.118026 -0.707838 -0.560329 -0.630033 0.68819 0.160467 -0.893109 -0.427248 0.798354 -0.219409 -0.703292 -0.0847969 -0.205172 -0.438092 -0.0485572 -0.0498656 -0.0841885 0.147806 0.336397 -0.1596 -0.284286 0.0827983 0.222609 -0.224522 -0.116885 -0.194691 -0.00065243 0.384301 0.657063 0.496781 -0.00126086 -0.385074 0.0633645 -0.134307 0.268069 1.20073 0.496781 -0.353754 -0.0461979 -0.368388 0.159815 0.620562 -0.575174 -0.527505 0.132308 0.333732 -0.22399 0.17318 0.0969818 -0.348302 -0.594707 -0.385683 -0.305428 -0.321057 0.45377 -0.0287764 0.548659 0.161607 -0.431221 0.309498 0.815775 0.108555 0.154702 0.740599 -0.109031 -0.00126086 0.0328466 -0.000120361 -0.448643 -0.28695 0.443467 
-0.226472 -0.184556 0.198677 -0.310496 -0.206387 -0.572618 0.292321 -0.162915 0.183629 0.740396 -0.199561 -0.136511 -0.400499 -0.0323144 -0.330581 -0.330581 0.292321 0.441712 -0.357491 -0.499616 -0.0569958 0.0990672 -0.654941 -0.285814 0.0106938 -0.0782181 0.714442 -0.289621 0.294925 -0.350225 -0.00375899 0.166757 0.148483 0.26637 -0.209237 -0.246613 -0.141548 -0.249395 -0.577655 -0.483055 -0.346822 0.0504231 -0.214665 -0.0373513 0.572731 -0.671995 -0.00549171 0.586506 -0.0736776 0.508264 0.440341 -0.278636 -0.865848 0.0593379 -0.0929038 -0.734828 -0.110971 0.245092 1.36425 -0.409655 -0.62395 -0.646821 -0.0685979 0.683195 0.502398 1.36425 0.19539 -0.458656 -0.196391 0.261277 0.0781494 -0.136149 -0.539026 0.162117 0.0977939 -0.131112 0.339692 0.437491 0.420257 -0.126891 -0.298777 -0.347055 -0.535943 0.201903 -0.330721 0.545406 0.200325 -0.0201774 0.162173 -0.121459 0.576857 -0.0269152 0.182258 -0.282443 -0.409655 0.145839 -9.25845e-05 -0.148113 0.0195519 0.744203 
0.110161 -0.500662 0.209148 0.218763 0.26567 -0.725186 0.254897 -0.513437 -0.144919 -0.121072 0.224189 -0.0445699 -0.705424 -0.349681 0.0632536 0.0632536 0.254897 0.294683 -0.0507747 0.480048 0.305456 -0.106929 -0.107489 -0.436374 0.304969 0.31541 -0.167309 -0.615361 -0.0576759 0.519834 0.358079 -0.107416 0.50906 -0.765436 0.154475 0.0392884 0.153987 -0.388979 -0.526629 -0.413088 -0.0407125 0.00389816 -0.0452404 -0.151124 0.455618 -0.715902 0.116366 0.108311 -0.410599 0.459659 0.134787 0.486253 -0.510808 0.194142 0.0431606 -0.349873 -0.0904377 -0.670845 0.138363 0.325317 -0.259809 0.130509 0.469762 0.453577 -0.405164 0.138363 1.13062 -0.198567 -0.661717 -0.482242 -0.351723 0.0372469 -0.215983 -0.375688 -0.808303 -0.16131 -0.557304 0.0235909 -0.0207228 0.109782 0.41538 -0.366072 0.220572 -0.761395 -0.474187 0.249485 -0.171217 -0.155884 -0.460325 -0.664599 -0.362496 -0.466421 -0.304815 0.307265 0.325317 -0.35221 -0.000374599 0.119736 -0.456955 0.0579152 
0.237157 -0.00590574 0.0522285 0.0354939 0.706914 0.222753 0.700462 -0.710909 -0.344106 -0.22303 -0.317349 -0.199484 0.387243 0.0490434 -0.434263 -0.434263 0.700462 -0.0632992 0.120242 0.29703 -0.0568468 0.175043 -0.653703 0.141384 -0.217958 0.00511861 -1.03237 0.686524 -0.687863 -0.46673 -0.528132 0.0139326 -0.473183 -0.110687 -0.111796 0.419523 -0.272907 0.973915 0.14933 -0.566287 0.353248 0.284267 -0.0615598 -0.0243797 0.0536154 0.422642 -0.082569 -0.253504 0.293375 0.307313 0.391349 -0.0226954 -0.187131 -0.327181 -0.38213 -0.0702163 -0.299341 0.603401 -0.452155 -0.13961 0.229064 0.315504 0.451689 -0.556305 -0.0340792 -0.452155 -0.135038 1.41782 0.425556 0.468012 -0.560877 -0.190398 -0.280999 0.292909 -0.52841 -0.116975 -0.112215 -0.427361 -0.078408 0.247087 0.15967 0.276174 0.614785 0.14301 0.638948 -0.30108 0.0277536 -0.469818 -0.359214 0.195045 -0.56733 0.131552 0.110543 0.522444 -0.13961 -0.721988 -6.04313e-05 0.309052 0.0324066 -0.768169 
0.200688 -0.148435 -0.680258 -0.179114 -0.0131198 -0.046062 0.471276 0.333047 -0.544318 0.0290091 0.11986 -0.367841 0.257059 -0.138823 0.0346931 0.0346931 0.471276 -0.354513 0.11552 0.0825296 -0.838908 0.306734 -0.27804 0.520971 -0.280362 -0.763353 -0.563979 0.359385 0.115047 -0.743259 -0.268475 0.86528 -0.258863 0.244699 -0.84852 0.217846 -0.289974 0.128419 0.0318049 0.509524 -0.164267 0.283783 0.0591525 -0.0609563 -0.269345 0.456487 -0.282674 -0.298188 -0.0461089 0.0657816 -0.00832173 -0.400832 0.0495875 -0.257411 -0.267023 0.134755 -0.102477 0.123605 -0.208223 -0.485999 0.237081 -0.0049492 0.00837926 -0.494643 -0.374603 -0.208223 -0.616521 0.407222 1.1833 0.125917 -0.364121 -0.00745159 -0.253581 -0.180968 0.413831 -0.0853184 0.601325 -0.843722 0.205486 0.403891 -0.383673 0.320176 0.097377 0.579825 0.141432 -0.516142 -0.362673 0.213656 0.0156806 -0.137371 0.120275 0.143699 -0.198127 -0.562417 -0.485999 0.194425 -0.000151096 0.479447 0.777801 0.190595 
-0.525511 -0.289929 0.574497 0.424464 0.253248 0.391551 0.263428 0.0981729 -0.544608 0.167324 -0.816876 -0.687115 -0.00608932 -0.260768 -0.354296 -0.354296 0.263428 0.177435 -0.062931 -0.180625 0.167256 0.76689 0.0141834 -0.00356054 -0.31761 -0.324485 -0.00647265 0.346448 -0.29571 -0.266617 -0.285598 0.282024 -0.256437 -0.270879 0.138095 0.289606 -0.346771 0.31009 0.731896 -0.044335 0.407495 0.373471 -0.342103 0.0795768 -0.285145 0.244822 -1.1497 0.232139 0.0626085 -0.0204119 0.803576 -0.804809 -0.0423219 0.0758092 0.0466484 -0.504902 -0.35234 0.831257 0.319886 -0.342229 -0.152365 -0.55013 0.314421 0.228371 0.22404 0.319886 -0.366605 0.52012 0.196358 1.66334 0.252748 0.803122 0.0263759 0.89665 0.165069 0.462778 0.0550259 0.688423 0.0248162 -0.0482097 0.0103087 0.746617 -0.197593 -0.00614659 0.281508 0.167199 0.480521 -0.778562 -0.697227 0.0714785 0.262927 0.889125 0.0815327 -0.4548 -0.342229 -0.232118 0.000197251 -0.539951 -0.087482 -0.182685 
-0.70118 0.139412 0.426198 0.439884 -0.319751 0.132262 -0.773138 0.266006 0.298371 -0.304761 -0.210347 -0.0814363 0.042071 0.20103 0.0584549 0.0584549 -0.773138 -0.243511 -0.432379 -0.208725 0.209876 0.0287347 0.0870279 0.431038 -0.273419 -0.120544 0.41128 -0.307828 -0.255353 0.320902 -0.194103 -0.45456 -0.132485 0.13978 0.148257 -0.782278 -0.335038 0.154698 -0.121339 -0.113801 0.281968 -0.154438 -0.0378427 -0.0525713 -0.512313 -0.154564 -0.350238 0.32271 -0.210487 -0.675797 -0.30314 0.142217 0.243289 -0.0902471 -0.151865 -0.025513 0.349769 0.109692 0.0705205 0.411019 -0.375412 -0.016742 -0.178817 0.285035 0.61855 0.0705205 -0.302324 -0.575008 -0.359918 0.18651 0.998378 0.0150698 -0.00926965 0.157645 0.73593 0.268671 0.11723 0.164869 -0.684568 -0.139709 0.0611197 0.171331 -0.366641 -0.0237046 -0.486438 0.1441 -0.262892 -0.381559 -0.142686 0.243268 0.544991 0.551138 0.238743 -0.596649 0.411019 0.515082 -0.000130311 -0.470129 -0.262577 0.434105 
-0.286605 -0.263693 0.400519 0.257447 -0.0228771 -0.0272878 0.0100468 0.314209 -0.635847 -0.438182 -0.538651 -0.323915 -0.466651 -0.838805 -0.00628036 -0.00628036 0.0100468 -0.226301 0.245766 0.0370085 -0.259225 0.257585 1.00819 -0.322133 -0.126388 -0.216484 0.0851275 -0.254632 0.196815 -0.199339 0.408696 0.390422 -0.166415 -1.05069 0.315887 0.457785 0.448724 -0.735294 0.745351 0.626141 0.271939 0.330398 -0.5669 -0.0661659 -0.758672 -0.227532 -0.856286 0.221424 -0.0516743 0.213004 0.137478 -0.532673 0.0325977 -0.199201 0.37591 -0.499773 -0.212183 0.000172309 -0.150592 -0.000302017 -0.287754 -0.160519 -0.0629046 0.0883889 -0.584001 -0.150592 0.0798312 -0.211343 -0.0100629 0.73007 0.00825569 1.30485 0.447574 0.472321 0.201314 0.532207 -0.119037 0.476242 -0.12625 -0.170336 0.211717 0.329249 0.0515002 -0.0790098 -0.34764 0.128416 0.316025 -0.263892 -0.535796 -0.871591 0.0411795 0.0173171 -0.272069 -0.465172 -0.000302017 0.141093 -0.000164009 -0.127595 0.192895 -0.505683 
-0.318485 0.112475 -0.279927 -0.348355 -0.640535 0.423714 -0.58732 0.106013 0.0451898 -0.242863 -0.447675 0.273258 -0.0548304 -0.122115 -0.0263052 -0.0263052 -0.58732 0.0461898 0.102886 -0.541657 -0.0070244 -0.398751 0.686829 -0.463446 0.0356008 -0.193805 0.107156 0.183827 0.0906047 0.0918528 0.379657 -0.356125 0.145067 -0.411168 0.227566 0.341543 0.270191 -0.798251 0.420647 0.334081 0.127959 -0.404607 0.215419 -0.125182 -0.375181 0.179094 -0.148112 -0.46537 0.351132 -0.420015 -0.336845 -0.371285 0.522591 0.0414575 0.276048 0.101221 -0.238967 -0.259971 -0.58305 0.0500849 0.339878 -0.304 -0.531068 -0.29873 -0.565913 -0.58305 -0.20298 -0.331526 -0.285773 -0.0762574 -0.0456652 0.417993 0.928553 0.322183 -0.163823 0.42106 -0.346536 0.531256 -0.0147945 -0.064006 0.288742 0.253755 -0.0653433 -0.456003 0.241 -0.408197 0.17717 0.32174 -0.0157944 -0.225725 0.00754902 0.0256868 -0.337845 0.275988 0.0500849 -0.00303998 -0.000310296 -0.250786 -0.118468 -0.890135 
-0.507204 0.0505122 0.329967 -0.255076 -0.122914 0.57251 0.00611317 -0.39865 0.061068 -0.138074 -1.21463 0.220579 0.0133846 0.0239404 -0.639366 -0.639366 0.00611317 0.196475 0.0680611 -0.67083 0.0674482 -0.312256 -0.0536692 -0.298584 0.0786169 -0.481245 0.196949 0.290754 -0.659418 -0.480468 -0.324869 -0.301087 -0.351441 -0.310609 0.09402 0.345431 0.105189 -0.17759 0.457119 -0.239139 0.164256 0.304009 -0.246606 -0.09145 -0.37879 -0.443369 -0.354686 0.181625 0.327882 0.0432407 0.405727 -0.518312 0.0245937 -0.537647 -0.511076 -0.550671 -0.277596 0.377622 0.135001 0.0569532 -0.273302 -0.528867 -0.552971 -0.264572 0.110809 0.135001 -0.345777 0.25929 -0.196252 0.810925 0.138158 0.459648 0.339091 1.12295 -0.0207407 0.575038 -0.318636 0.622661 0.021437 0.148853 0.334323 0.537911 -0.251498 0.111421 0.274614 0.165485 0.0368402 -0.384517 -0.11397 -0.162266 0.267185 0.3784 0.27032 0.0710262 0.0569532 0.149326 -0.000226682 -0.39984 -0.159125 -0.727412 
-0.443215 0.485837 0.181867 0.184075 -0.472155 -0.143328 -0.43868 0.65495 0.183187 -0.355311 -0.00943311 -0.0688323 0.306282 0.00363263 0.213014 0.213014 -0.43868 -0.574799 -0.220768 -0.290392 -0.608275 0.100161 0.245608 0.795982 -0.523418 -0.348518 0.350092 0.00288109 0.308656 -0.426512 0.0891677 0.185019 -0.393037 0.223121 -0.12607 -0.524169 -0.0412133 0.0548953 -0.115709 0.40293 0.335259 0.0871692 -0.118006 0.0312517 -0.797247 0.067255 -0.29128 0.518743 0.182436 -0.259125 -0.636271 -0.138457 0.0384344 -0.510425 -0.028221 -0.184013 0.303479 0.372984 0.13218 0.0839908 -0.487414 0.164193 -0.341774 -0.0229336 0.373736 0.13218 -0.716889 -0.500526 0.460049 0.140846 0.777946 0.250144 -0.0854122 0.0407623 1.41747 0.222525 0.891624 -0.290186 -0.607331 -0.0620885 -0.219411 0.0429703 -0.139208 0.761243 -0.669177 -0.153315 -0.209984 0.0290171 0.150656 -0.113756 0.811421 0.29499 0.121716 -0.931558 0.0839908 0.862803 7.74652e-05 0.197668 0.639604 0.43779 
-0.534897 -0.0953992 0.0743279 0.00866584 -0.354899 0.232558 -0.257368 -0.0241255 -0.0773087 -0.333106 -0.693149 0.0537991 -0.133917 -0.115826 -0.171331 -0.171331 -0.257368 0.0415058 -0.0130792 -0.382044 -0.0560252 -0.198343 0.215571 -0.0511354 0.00501131 -0.557415 0.059627 0.0336854 -0.339823 -0.0831696 0.0347887 -0.137307 0.0143614 -0.490438 -0.035598 0.154523 0.0254386 -0.475737 0.204198 0.106982 0.225056 0.0968467 0.0246315 -0.144187 -0.480312 -0.297999 -0.468018 0.00425666 0.0722031 -0.218851 -0.0220008 -0.315166 0.205414 -0.290179 -0.269752 -0.316403 -0.16796 -0.122411 -0.184662 0.206652 -0.148801 -0.333256 -0.345549 -0.141735 -0.271923 -0.184662 -0.157833 -0.177027 -0.127037 0.350618 0.22275 0.493099 0.411534 0.548604 0.134588 0.52146 -0.219627 0.297301 -0.201998 0.265665 0.374254 0.482942 -0.165654 -0.228977 -0.121657 -0.151085 -0.242607 -0.180355 -0.320813 -0.420367 0.320281 0.351834 -0.140815 -0.230345 0.206652 0.283786 -0.000357404 -0.235725 -0.0885192 -0.417927 
-0.243811 0.357338 -0.177123 -0.184206 -0.489249 -0.64199 -0.0393308 0.285789 0.0068323 0.0572666 0.240612 -0.352148 0.224811 -0.125694 0.0612313 0.0612313 -0.0393308 -0.346672 -0.423192 -0.363806 -0.79659 0.287777 -0.322538 0.48669 -0.773698 -0.134177 -0.057633 0.292856 0.665741 -0.671147 0.261803 0.31067 -0.221229 0.278245 -0.313558 -0.355147 -0.290666 0.158755 -0.580507 -0.0731915 0.305388 -0.286757 0.0677939 -0.0642116 -0.167291 0.440365 -0.172767 0.20475 0.425383 0.0931956 -0.547151 -0.292762 -0.516547 -0.199163 0.283868 -0.337166 -0.0682042 0.583884 0.326228 -0.472143 -0.269121 0.0577436 0.0632197 0.0697982 0.165333 0.326228 -0.51374 -0.132181 0.599693 -0.0170466 0.111395 -0.118058 -0.315975 -0.304983 0.843774 -0.17954 1.0912 -0.371461 -0.301714 -0.154751 -0.404098 -0.312067 0.125789 0.538731 -0.394564 -0.48267 0.158426 0.245278 0.0517906 -0.103628 0.561313 0.0469139 -0.193647 -0.486595 -0.472143 0.134288 -0.000159165 0.507661 0.732219 0.2511 
-0.527372 -0.00285059 0.409624 -0.206147 -0.433094 0.239932 -0.4164 -0.0808194 0.175513 0.363046 -0.66925 0.0184656 -0.319696 -0.141332 -0.300424 -0.300424 -0.4164 0.512267 -0.158546 -0.732021 0.495573 -0.0199672 0.397684 -0.843051 0.0198182 0.265228 0.713316 0.015705 0.202601 0.196646 0.351822 -0.495722 0.213341 -0.290553 0.634054 0.176855 0.158299 -0.594244 0.379766 -0.237867 0.127901 -0.382975 -0.104857 -0.00149792 0.143441 -0.113736 -0.35036 0.090918 0.33255 -0.0995548 0.300275 -0.555009 -0.0589947 0.382826 0.521307 -0.42782 -0.335404 0.277607 0.455462 -0.186184 -0.0924196 -0.733373 -0.239572 0.475242 0.12057 0.455462 0.0985893 -0.415891 -0.813919 0.647785 0.190469 0.508656 0.593251 0.667748 -0.306601 0.368822 -0.340026 1.36742 0.205998 -0.486335 0.149217 0.0519768 -0.397973 -0.533549 0.206507 0.28172 0.820234 -0.0942809 -0.130755 0.0281539 0.207163 0.209025 -0.0364781 0.303747 -0.186184 -0.285285 -3.71298e-06 -0.716679 -0.497074 -0.49571 
0.434439 -0.482455 -0.658714 -0.662425 -0.0158933 0.214465 0.472976 0.0144815 -0.245023 0.802382 -0.0748397 0.0672549 -0.289165 -0.0517323 -0.212092 -0.212092 0.472976 0.438556 0.297186 -0.212894 -0.0503134 -0.0823836 -0.139186 -0.663844 0.534619 -0.343783 0.255625 -0.0729503 0.174658 -0.247315 -0.189168 0.502548 0.241554 0.312094 -0.481036 0.513401 0.103896 -0.602244 0.251106 0.326759 -0.913574 0.119508 -0.0325191 -0.0150913 0.575808 -0.178779 0.204508 -0.386059 -0.266241 0.279685 0.664328 -0.442826 0.0174634 0.332727 -0.0979962 0.154716 -0.216252 -0.352746 0.431414 -0.580079 0.370931 -0.680258 -0.308958 -0.0382415 -0.331528 0.431414 0.0474621 -0.0737523 0.228475 -0.0226351 -0.665782 -0.100649 0.0403875 0.059711 -0.63056 -0.13729 -0.277093 0.199185 1.11466 0.102081 -0.363864 0.0560001 -0.464044 0.0159715 0.567932 0.254823 0.099005 0.450295 0.431082 0.0394399 -0.176913 -0.256277 -0.0192506 0.148068 -0.580079 -0.0808501 -3.74076e-05 -0.191389 0.0351847 0.211489 
-0.179886 -0.264402 -0.435918 0.081994 -0.19267 -0.0630849 0.428261 -0.225311 0.051974 -0.0969945 -0.218985 0.234319 0.110264 0.42664 0.0947779 0.0947779 0.428261 0.536858 0.133877 -0.0494239 -0.0840736 -0.282908 -0.769613 0.592707 0.450253 -1.08888 -0.426847 0.379214 -0.64479 0.0591728 -0.0109375 0.251418 0.680104 -0.207212 -0.775115 0.402827 -0.240789 -0.216283 -0.538193 -0.0429658 0.135011 0.473074 0.838836 -0.0484685 0.223094 -0.463373 -0.079444 -0.0839372 0.00454845 0.0535952 0.0725668 0.0510185 0.0801615 -0.305729 -0.996771 -0.233602 -0.26907 -0.642088 -0.132463 0.364782 0.0353485 -0.265357 0.0371811 -0.341198 -0.594662 -0.132463 0.161236 0.235012 0.410151 -0.112391 -0.137652 -0.161465 -0.025554 0.170397 -0.102047 0.313643 -0.14686 -0.509878 0.0853507 1.36038 0.633732 0.688309 0.003593 -0.376712 -0.107898 -0.571049 -1.14002 0.0126637 -0.399533 -0.559193 0.483279 0.505964 -0.412317 -0.162475 0.364782 0.396674 -0.000120141 0.355574 0.035485 0.116499 
-0.397478 -0.0121116 0.203828 0.175542 -0.159828 -0.119535 -0.0568283 -0.510871 0.167822 -0.53414 -0.444557 0.281266 -0.106762 0.0731713 -0.0621078 -0.0621078 -0.0568283 0.297072 -0.015029 -0.0934625 0.194072 -0.410058 -0.160164 0.0546411 0.164905 -0.273659 -0.302652 0.138849 -0.553057 0.260438 0.278155 -0.439226 0.363437 -0.758041 0.10879 0.230583 0.0796217 -0.251561 -0.32118 -0.397426 0.537516 0.080009 0.385148 -0.128473 -0.085377 -0.483385 -0.101183 0.0612156 0.2335 0.0378224 -0.183045 0.202833 -0.0531699 -0.325162 -0.410445 -0.435619 -0.24593 -0.360062 -0.344451 0.585282 -0.190007 0.0228991 0.038705 -0.135474 -0.42574 -0.344451 0.426733 0.107495 -0.417515 -0.0939742 0.0230747 0.180486 0.287093 0.315765 -0.299471 0.382131 -0.436308 0.0855721 -0.420696 0.593631 0.830893 0.28748 0.268511 -0.634841 -0.256373 -0.334006 -0.476811 -0.237969 -0.549946 -0.615429 0.126074 0.174036 -0.312296 0.287041 0.585282 -0.00609318 -0.000318453 0.125899 -0.322864 -0.618348 
-0.445947 -0.434359 -0.218071 0.226591 -0.0947651 0.569966 -0.0071153 0.0787479 -0.376452 -0.141997 -0.631896 -0.219038 0.038837 0.096744 -0.124591 -0.124591 -0.0071153 0.161969 0.0613583 -0.1233 0.0743192 0.122743 -0.124565 0.249016 0.119265 -0.964089 -0.308007 0.238955 -0.701635 0.0457847 -0.397669 0.167689 0.133434 -0.207223 -0.456784 0.261477 -0.411838 -0.117286 0.377166 0.236163 0.0884067 0.300072 0.268328 -0.0960564 -0.345336 0.0189231 -0.726343 -0.330539 -0.234241 -0.480311 0.366599 -0.403695 0.541432 -0.0580633 -0.589166 0.0341263 -0.200357 -0.187025 -0.37648 0.10361 0.234245 -0.461602 -0.0805958 -0.292546 -0.329237 -0.37648 -0.33847 0.240247 0.302582 0.658583 0.149534 0.314267 0.268354 0.535602 -0.0208416 0.507067 -0.328028 0.00458031 0.0154172 0.664456 0.303728 0.980263 -0.261484 -0.342198 0.262779 -0.306715 -0.560632 -0.35142 -0.523004 -0.0947539 0.237184 0.822849 -0.171822 -0.413756 0.10361 0.19448 -0.0002381 -0.373953 -0.170614 -0.131937 
0.120514 0.187143 0.0889875 0.0813105 0.214794 -0.454606 0.186727 -0.439257 -0.183339 -0.60917 0.142881 -0.093427 0.0671877 -0.303294 -0.0129691 -0.0129691 0.186727 -0.338732 -0.0353355 0.327072 -0.310665 -0.0321308 -0.0443261 0.0886813 -0.405817 0.335622 -0.802062 0.224185 -0.00645525 -0.198387 0.263983 -0.127283 -0.226454 -0.573732 0.179772 0.121661 0.0846197 0.317317 -0.276559 -0.349345 0.550698 -0.12612 -0.0340188 -0.125247 -0.182882 0.251089 0.0624229 -0.0960766 0.34414 0.306682 -0.424979 0.268981 -0.342328 -0.311828 0.178609 -0.186478 -0.157307 0.167981 -0.579999 0.113131 -0.0294811 0.639462 0.394157 -0.282657 -0.359497 -0.579999 0.233543 0.564226 0.0651518 -0.300259 -0.403069 0.0218863 -0.0653758 -0.268438 -0.217652 -0.15616 0.0951952 -0.460001 -0.519258 -0.0348915 0.270128 -0.276115 0.796459 -0.0841681 -0.141759 -0.46202 0.0663308 -0.0945901 -0.363865 -0.388668 -0.431136 -0.366027 -0.269586 0.404484 0.113131 -0.498221 -0.000310457 0.611395 0.185107 -0.744673 
0.328696 0.404434 0.0089139 -0.442396 0.209874 0.114705 0.229088 0.0901663 0.016876 -0.158089 -0.162076 0.193684 0.267089 -0.12047 -0.323574 -0.323574 0.229088 -0.733327 0.167199 -0.104091 -0.752541 -0.203317 0.0489463 0.189675 -0.22036 -0.0661397 0.153918 -0.0690702 0.0528504 -1.06651 -0.522388 0.328864 -1.04729 0.454769 -0.227637 -0.168961 0.304544 0.309764 0.225566 0.266974 -0.364512 0.40375 -0.770593 -0.00960945 -0.571829 -0.16317 0.355182 0.364287 0.0682753 0.366434 -0.100103 -0.0776052 -0.199259 -0.827427 -0.302523 -0.0377615 0.336135 0.524691 0.215808 -0.239103 -0.373921 0.309953 -0.617058 -0.45353 0.473292 0.215808 -0.690463 0.150413 0.605562 -0.0508503 -0.00217041 -0.0506615 -0.398073 0.152443 0.740761 -0.161522 0.5661 -0.537614 0.0187192 -0.357234 -0.575262 -0.298867 -0.0262059 1.39303 -0.0599559 0.373402 0.0114417 0.118798 0.768922 0.0993952 0.0170439 -0.475675 0.6501 -0.336351 -0.239103 0.530011 -2.38194e-05 0.329168 0.742908 0.100657 
0.186828 -0.141075 -0.534542 -0.544068 0.0856342 0.760635 0.0703468 -0.300282 -0.168259 0.364834 -0.357062 0.00579378 0.219236 0.192052 -0.442875 -0.442875 0.0703468 0.136429 0.101015 -0.284203 0.151716 -0.0790125 -0.234603 -0.503732 0.0738311 -0.0955981 -0.31794 0.455886 -0.33813 -0.218121 -0.566535 -0.156898 -0.233408 0.420458 -0.181411 0.337665 -0.259296 0.203855 0.495545 -0.12623 -0.375455 -0.252116 0.0588658 -0.0730377 0.222242 0.566392 0.0916066 -0.78648 0.0955754 -0.289964 0.437693 -0.379424 0.390798 0.246935 -0.0861924 0.476611 -0.236832 0.222787 -0.348608 -0.465237 0.713261 -0.35224 -0.221605 -0.466507 -0.0410469 -0.348608 -0.435047 0.614558 0.135376 0.205012 -0.496697 -0.351084 0.267137 0.283843 -0.721451 -0.0859939 -0.398988 0.170648 0.538887 -0.120213 -0.228586 0.274317 -0.11559 -0.0917487 1.0831 -0.159268 0.283645 0.101012 0.234199 0.672395 -0.511984 0.100265 0.133006 0.580195 -0.465237 -0.574582 -0.000181042 -0.367528 -0.224935 -0.594784 
0.189701 -0.370041 0.476421 0.00652963 0.553727 0.125083 0.0624224 -0.166699 -0.128 0.0839725 -0.245087 0.0166514 -0.549796 -0.307755 -0.357497 -0.357497 0.0624224 -0.219235 0.0772909 0.263591 0.27207 -0.0841786 0.255096 -0.573295 0.319332 0.322194 0.545233 -0.943711 -0.26845 -0.0180665 -0.571657 -0.0369168 -0.509371 -0.00454756 0.209784 -0.316624 0.257046 -0.0733594 0.365478 -0.0220483 -0.690066 0.343928 -0.991807 -0.0673602 -0.106825 -0.833251 0.129061 0.379032 -0.763956 0.242177 0.59265 0.202951 -0.165053 -0.108775 -0.171061 -0.0526436 0.393748 -0.0967224 0.530364 0.0905412 -0.446559 -0.0390898 -0.274976 0.337617 0.539234 0.530364 0.291471 -0.322624 -0.519352 0.0935482 0.136687 0.127818 -0.379214 0.17756 -0.202743 -0.112577 -0.484248 0.248707 0.228624 -0.580519 -0.303374 -0.292332 -0.433005 0.344455 -0.156422 1.16632 0.119076 -0.364193 0.319859 0.0928418 -0.354617 -0.436983 0.683885 -0.167465 0.0905412 0.183949 -0.000166969 -0.530395 -0.339597 0.454388 
-0.00937901 0.196404 0.294784 -0.300379 -0.0584724 -0.0951391 -0.172845 -0.00920602 -0.175647 0.288016 -0.0818124 -0.356228 -0.145746 -0.517797 -0.251286 -0.251286 -0.172845 -0.123537 -0.178852 -0.311486 -0.00916455 0.35796 0.513522 -0.809011 -0.550903 0.874509 0.213906 0.10104 0.749203 -0.262178 0.33765 -0.183779 -0.376551 -0.106244 0.705036 0.0679338 0.163297 -0.0253659 0.424386 -0.189786 0.141083 -0.589104 -0.524025 0.00172803 0.0459362 0.620738 -0.186754 -0.0663742 0.44319 0.169305 0.0583422 -0.488861 -0.348153 0.396161 1.11036 -0.178679 -0.246782 0.805649 0.219914 -0.658335 0.0681066 -0.11681 0.11588 0.328058 0.186812 0.219914 -0.0946015 0.0408398 -0.331253 0.4415 -0.235675 0.350056 0.240783 0.0835447 -0.224782 -0.169469 0.191477 0.821851 0.107436 -1.11486 -0.411549 -0.511619 0.129976 0.0171245 0.32112 0.153706 1.36337 0.0490976 0.0553253 0.254914 -0.350047 -0.331038 0.0062319 0.42119 -0.658335 -0.777413 4.28336e-06 -0.231183 0.0108969 -0.622036 
0.198827 0.138643 -0.84513 -0.809725 -0.699462 -0.197681 -0.208552 0.154055 0.175804 0.224731 0.267487 0.33774 -0.0565472 -0.0193868 0.0885648 0.0885648 -0.208552 -0.0196811 0.0199054 -0.468867 -0.510592 -0.480123 0.105461 -0.31852 0.0570658 -0.17364 0.15581 0.0286424 0.613357 -0.279996 0.368945 0.0875346 0.210915 0.225025 -0.352562 0.105095 0.215096 -0.775915 -0.320325 0.315992 -0.443861 -0.472663 0.296399 -0.142031 0.159241 0.0979292 0.516662 -0.439409 0.223833 -0.0133613 -0.511622 -0.151032 0.0329147 0.0496057 0.207636 0.211837 -0.0855416 -0.430045 -0.072647 -0.329954 0.297026 -0.188192 -0.545614 -0.247772 -0.478074 -0.072647 -0.151326 -0.528789 0.173018 -0.889641 -0.4264 -0.301918 0.313295 -0.40987 -0.0578391 -0.179274 0.206272 -0.164722 0.386668 -0.0342335 -0.244764 -0.374464 -0.103003 0.0524234 0.0664302 -0.401621 -0.0229601 0.897938 0.582152 -0.180696 0.0645108 -0.536401 -0.316137 0.19613 -0.329954 0.141258 -0.00035206 0.302718 0.368209 -0.122431 
0.415786 0.352553 -0.448357 -0.855082 -0.216334 0.300494 -0.200486 0.0140474 0.437854 0.228742 0.0468023 0.626428 0.126236 0.211537 -0.222962 -0.222962 -0.200486 -0.278032 0.146021 -0.396743 -0.29388 -0.669087 0.0923111 -0.349664 0.231322 0.1169 0.506073 -0.194543 0.189349 -0.474289 -0.317425 -0.143885 -0.458441 0.718311 -0.152865 -0.174758 0.372338 -0.236119 0.0464031 0.202622 -0.780755 -0.149471 -0.289651 -0.0425536 -0.0082679 -0.204805 0.896193 -0.111729 0.0317731 0.0258302 -0.214803 0.0836646 0.120085 -0.288294 -0.147279 0.38985 0.320674 -0.0935727 0.159566 -0.1861 0.0690703 -0.0016363 -0.906097 -0.35747 0.312508 0.159566 -0.405905 -0.368324 0.0249048 -0.758443 -0.137665 -0.523961 0.0256223 -0.0894615 0.113662 -0.26987 0.0626464 -0.151334 0.417316 -0.396568 -0.506879 -0.496186 -0.322416 0.752409 0.249479 0.332293 0.0331295 0.632014 1.1332 0.381684 -0.121817 -0.684761 0.501083 0.238786 -0.1861 0.387537 -0.00010548 0.0142117 0.251221 0.0736205 
0.020544 0.0937359 -0.182672 -0.11285 0.120782 0.660339 -0.445423 -0.0101504 0.207421 0.393179 0.12574 -0.129442 0.395224 0.508909 -0.213089 -0.213089 -0.445423 -0.148588 -0.318285 -0.110884 0.417617 0.148066 -0.363147 -0.0215587 -0.2046 0.341273 0.0337131 0.114373 -0.253661 0.185951 -0.795427 -0.474151 -0.380254 1.05068 0.00244442 -0.599135 -0.619773 0.834291 0.170008 -0.347013 -0.318543 -0.503401 -0.00360833 0.018578 0.190241 0.709828 0.209387 -0.468026 -0.187115 -0.746911 0.156555 0.0779588 0.428672 0.446867 0.0316938 0.767501 0.280897 0.45489 -0.0934253 -0.26087 0.48665 -0.0357262 -0.0548724 -0.0397373 0.849426 -0.0934253 -0.579538 0.216577 -0.0975055 0.0409035 0.278931 -0.829114 -0.153666 -0.107116 -0.120109 -0.338783 -0.0621308 0.0382167 0.0563163 -0.525587 -0.541721 -0.0372946 -0.316577 0.113524 0.718317 0.135917 0.26336 -0.100192 0.412325 1.33603 -0.287274 0.299568 0.512563 0.213891 -0.26087 -0.343286 4.60502e-05 -0.601932 -0.398993 0.257247 
-0.761804 0.158083 -0.0622827 -0.0899746 -0.863871 -0.306919 -0.282886 0.214176 0.357993 0.132297 -0.346825 0.022545 0.0508614 0.250771 0.0120926 0.0120926 -0.282886 0.289132 -0.402886 -0.784341 -0.291853 -0.0901498 -0.438375 0.452649 -0.202976 -0.743458 0.441777 0.207521 0.119139 -0.212323 0.275974 -0.00127287 0.368662 0.0939361 -0.384541 -0.246226 -0.295664 -0.410124 -0.625128 -0.121272 0.292206 -0.0806278 0.486961 -0.0674376 -0.0697861 -0.294109 -0.336373 0.362042 0.314743 -0.175664 -0.305218 -0.35891 -0.227389 -0.212498 -0.305186 -0.586307 -0.156827 0.0558411 0.561777 8.02508e-06 -0.429647 -0.55882 -0.292233 0.216982 0.099091 0.561777 -0.320549 -0.588912 0.117026 0.189238 0.537539 0.0405421 0.036493 0.279221 0.761954 0.358751 0.559696 0.174112 -0.203151 0.473771 0.156668 0.251529 -0.40216 -0.0119418 -0.509177 -0.354656 -0.384716 0.1019 -0.13429 -0.330389 1.11852 0.586977 -0.236357 -0.604038 8.02508e-06 0.626416 -0.000167161 0.0221651 0.224248 0.377425 
-0.801496 -0.267546 -0.00733408 0.439424 -0.31076 0.311446 -0.267469 0.134363 -0.124446 0.0773684 -0.449892 -0.476181 0.179343 0.322443 -0.0513124 -0.0513124 -0.267469 0.290273 -0.402917 -0.310891 0.246982 0.424873 -0.509199 0.514885 -0.259816 -0.741587 -0.169295 0.377696 -0.512753 0.246851 -0.299848 -0.0819251 0.290141 0.109539 -0.343008 -0.204563 -0.849806 0.2715 -0.0621785 -0.217373 0.421412 -0.067243 0.520666 -0.0511812 -0.108307 0.319724 -0.874761 -0.162397 -0.0691928 -0.714358 0.216369 -0.384156 0.311315 0.2323 -0.35769 -0.0872646 -0.19848 0.208639 -0.0338473 0.014424 0.111089 -0.527256 0.239198 0.121084 0.153386 -0.0338473 -0.416326 0.118118 0.148599 0.823584 0.551835 0.024828 0.0627791 0.398584 0.253671 0.398453 0.0534453 0.184121 -0.274367 0.504604 0.212777 0.845342 -0.328902 -0.496512 0.11122 -0.428873 -0.357558 -0.490863 -0.689086 0.264602 0.595125 1.19708 -0.198349 -0.521344 0.014424 0.0450363 -0.000126866 -0.483965 -0.29829 0.214557 
0.0707315 0.0580091 0.253246 -0.186587 0.362278 0.390296 -0.10537 -0.298777 0.13206 -0.107539 -0.36299 0.18108 0.00287743 0.076928 -0.478134 -0.478134 -0.10537 -0.402039 -0.0444121 -0.0224234 0.0656094 -0.274744 -0.109634 -0.175269 0.0296384 0.161834 0.215106 -0.379779 -0.511159 -0.319092 -0.805659 -0.310715 -0.78674 0.371428 0.0466904 -0.427069 0.0107195 0.409567 0.219936 -0.249757 -0.417803 0.162143 -0.69043 -0.0934324 -0.286895 -0.384989 0.296224 0.168254 -0.324648 -0.0502386 0.233028 0.203069 0.00559491 -0.407248 -0.426167 0.120738 0.382425 0.261399 0.154148 0.0879251 -0.261918 0.129018 -0.454101 -0.145562 0.718106 0.154148 -0.275898 0.0759308 -0.214405 -0.0051864 0.218261 -0.285736 -0.32193 0.269326 0.0592195 -0.115375 -0.208294 -0.0825593 -0.0585183 -0.434855 -0.294732 -0.170507 -0.253639 0.608085 0.122783 0.670816 -0.0414663 -0.291778 0.47558 0.456419 -0.249387 -0.219527 0.767126 -0.00144205 0.0879251 0.18229 -0.000231596 -0.33863 -0.159273 0.0969722 
0.235297 0.281173 -0.112644 -0.595117 0.0205713 0.0711335 0.0206338 -0.889901 0.376016 -0.027308 -0.169722 0.506097 0.0736367 0.16848 -0.380392 -0.380392 0.0206338 0.271532 0.0246275 -0.254366 0.27147 -0.611813 -0.270202 -0.698107 0.11947 0.594832 -0.312585 0.35578 -0.189552 -0.00346742 0.109288 -0.763813 -0.00340493 -0.130361 0.384163 0.306771 0.232163 0.0695806 -0.202801 -0.759819 0.0736539 -0.472179 0.175686 -0.105454 0.482201 0.0640843 0.716767 -0.394725 0.563316 0.22817 -0.111951 0.227104 -0.203804 -0.0201639 0.092529 0.00686548 -0.282405 0.0497508 -0.316579 0.0164351 0.289009 0.132261 -0.102304 -0.309435 -0.13755 -0.316579 0.330157 0.481806 -0.584721 -0.547545 -0.623156 -0.484865 0.285876 0.0640066 -1.00008 -0.210931 -0.507268 0.25164 0.102774 -0.191038 0.298579 -0.418466 0.414405 -0.384392 0.563946 -0.186559 0.367466 0.214464 0.207257 0.151721 -0.623094 -0.548548 -0.00746796 1.28099 0.0164351 -0.775155 -0.000261395 0.132324 -0.377186 -1.0812 
-0.208213 0.0558865 0.344962 0.393927 0.0913148 0.0386887 -0.312244 -0.276354 0.291495 -0.725161 -0.143759 0.403175 -0.0712804 0.164328 0.0943999 0.0943999 -0.312244 -0.116249 0.0299464 0.267447 0.287311 -0.48511 0.0959271 0.270945 0.265555 -0.0592903 -0.0897104 -0.341405 -0.65747 0.463443 -0.0485579 -0.506865 0.059884 -0.444584 0.178869 -0.240178 0.157113 -0.00991209 -0.207372 -0.164674 0.261422 0.196039 0.0703364 -0.0817328 -0.354408 -0.64075 0.165015 0.211527 -0.214238 -0.185077 -0.313954 0.640675 0.214821 -0.415594 -0.524036 -0.0233377 0.269922 -0.523623 -0.431901 0.878835 -0.293462 0.405067 -0.114356 -0.122334 -0.0178897 -0.431901 0.360099 -0.168358 -0.496413 -0.423083 0.396402 -0.00810472 0.0718636 0.0618238 0.0273585 0.237956 -0.480925 -0.226401 -0.613482 0.348108 0.60871 0.11079 0.134942 -0.275254 -0.469595 0.0833371 -0.700168 -0.29973 -0.205738 -0.31115 -0.00715728 -0.000889677 0.0937894 0.0283254 0.878835 0.374647 -0.000202595 0.00150746 -0.369246 -0.112811 
-0.216989 0.0592686 -0.131885 -0.0844227 -0.396733 0.109825 -0.277948 0.393078 0.22966 -0.27809 -0.228032 0.401597 -0.0541627 0.116229 0.0953217 0.0953217 -0.277948 -0.252492 0.106365 -0.235839 -0.371278 -0.467332 0.202349 0.403084 0.276756 -0.751592 0.516006 -0.411474 -0.174156 -0.210383 -0.148559 0.180702 -0.0915984 0.090631 -0.428238 -0.250947 0.219796 -0.557261 -0.071976 0.565015 -0.316893 0.402717 -0.0801887 -0.0655724 -0.575846 -0.752275 0.0782433 0.344211 -0.298043 -0.164517 -0.285898 0.059393 0.270719 -0.593293 -0.650253 -0.0526346 0.357149 -0.503385 0.131693 0.382747 -0.409946 -0.110998 -0.765088 -0.183509 0.0243179 0.131693 -0.309328 -0.742635 0.192111 -0.304872 0.508566 0.14139 0.0268389 0.162297 0.814271 0.323191 0.133606 -0.317402 -0.106153 0.388101 0.0254352 0.20976 -0.46831 0.50196 -0.57084 0.184845 -0.811147 0.179582 0.375999 -0.385466 0.627351 0.0378229 0.196255 -0.755165 0.382747 1.1566 -0.000162538 0.00778666 0.305543 0.536468 
-0.146227 -0.1559 -0.143528 -0.14123 -0.12085 -0.107879 -0.113436 -0.158769 -0.12999 -0.111549 -0.142306 -0.107608 -0.179906 -0.153996 -0.166607 -0.166607 -0.113436 -0.143688 -0.170528 -0.0945473 -0.151102 -0.0857796 -0.0964841 -0.144124 -0.144618 -0.128706 -0.135157 -0.156594 -0.0871504 -0.124799 -0.119289 -0.0792952 -0.117384 -0.121858 -0.153007 -0.147216 -0.146522 -0.130229 -0.146793 -0.136387 -0.0809087 -0.161049 -0.104381 -0.19291 -0.119386 -0.0822546 -0.0833074 -0.159425 -0.132588 -0.0894301 -0.0637907 -0.0316279 -0.0815759 -0.0693484 -0.0712528 -0.0572749 -0.0237905 -0.0750733 -0.0780647 -0.0559289 -0.0339626 -0.0575379 -0.093617 -0.035864 -0.0724756 -0.0780647 -0.0213194 -0.0845344 -0.0662914 -0.136384 -0.0704735 -0.0636931 -0.034258 -0.0510823 -0.112281 -0.0247792 -0.0646678 -0.0959469 -0.0891671 -0.0725198 -0.0326166 -0.0487848 -0.0342256 -0.0919012 -0.0602657 -0.0630974 -0.0975559 -0.0258545 -0.0754699 -0.10596 -0.0630588 -0.0711668 -0.0500936 -0.0440975 -0.0559289 -0.0639891 -0.000478176 -0.0501232 -0.0422858 -0.0990795 
0.249157 0.273813 -0.25836 -0.230163 -0.0781826 -0.735563 0.421563 -0.256571 -4.32955e-05 -0.363133 0.3072 0.132463 0.11146 -0.162396 0.0971762 0.0971762 0.421563 -0.219409 0.0391329 0.112367 -0.719155 -0.226067 -0.313639 0.326596 -0.234723 -0.0729232 -0.558624 0.259279 0.263624 -0.528606 0.407348 0.258365 -0.0288602 -0.30612 -0.282947 0.186952 0.201485 -0.00585559 -0.666541 -0.124065 0.284842 0.06372 0.175973 -0.0933731 -0.0093859 -0.0458213 0.342486 0.0935666 0.421632 0.583916 -0.557966 0.205696 -0.545014 -0.52451 -0.0883018 -0.33499 -0.148051 -0.049431 -0.176194 -0.00432713 -0.187171 0.479552 0.12768 -0.337571 -0.471106 -0.176194 0.148683 0.27447 0.463198 -0.62664 -0.49058 -0.141232 -0.234842 -0.400804 0.135202 -0.210255 0.493045 -0.762731 -0.230627 0.333066 0.143492 -0.372608 0.627372 0.287182 -0.37772 -0.543433 -0.278851 0.327108 -0.011261 -0.658046 0.00916524 -0.505114 -0.3386 0.138379 -0.00432713 -0.00614815 -0.000231449 0.979298 0.625551 -0.295816 
0.111738 0.190525 -0.387859 -0.397039 -0.273254 -0.38347 0.221023 0.230174 -0.245174 -0.162099 0.0586079 -0.0950044 0.0843054 -0.351394 -0.0120473 -0.0120473 0.221023 -0.474976 0.0410828 -0.176215 -0.969253 -0.0143529 0.0620961 0.22082 -0.394616 -0.356679 -0.196345 0.154115 0.476859 -0.872213 0.163982 0.560284 -0.377936 -0.038517 -0.427334 0.110893 0.147302 -0.230032 -0.141163 0.380344 -0.0276176 0.0805577 -0.184544 -0.109087 -0.404321 0.139564 -0.0243492 0.0366076 0.260335 0.327242 -0.396922 -0.312302 -0.28643 -0.489527 0.0523917 -0.215775 -0.0700804 0.188219 -0.0164048 -0.382957 -0.145965 0.123397 -0.256574 -0.343832 -0.31729 -0.0164048 -0.435884 -0.0100519 0.753676 -0.182048 -0.290905 0.171381 -0.110401 -0.167965 0.569261 -0.0709256 0.709726 -0.551002 -0.0119296 0.00510067 -0.313147 -0.177145 0.193207 0.693046 -0.243004 -0.360512 -0.0446479 0.384722 0.217872 -0.462984 0.203372 -0.327315 -0.16712 -0.379006 -0.382957 0.283731 -0.000270399 0.617674 0.859896 -0.0953947 
0.0240505 -0.601429 -0.208228 0.389556 0.0729046 -0.416938 0.0236763 0.549 -0.130218 0.545452 0.683971 -0.454219 -0.339565 0.131646 0.340702 0.340702 0.0236763 -0.0061149 -0.319218 0.408824 0.0431134 0.459014 -0.469746 0.478089 0.151993 -0.346693 0.422427 -0.821674 0.148295 0.379033 -0.403271 0.567893 0.329804 0.683213 -0.689962 -0.801327 -0.581083 0.0525581 -0.543801 0.224999 -0.698765 0.162516 -0.0145433 0.00478278 0.337154 -0.367068 -0.11095 0.224653 -1.08354 -0.238188 0.270305 0.273823 -0.0810184 0.44849 -0.284585 0.262251 0.482121 -0.483118 0.765322 -0.0694459 -0.219858 -0.197388 0.250716 0.668361 0.470203 0.765322 0.136062 -0.753552 0.223546 -0.220174 0.462853 -0.470121 -0.824992 -0.679176 0.424522 -0.343257 0.285682 -0.492562 0.221451 0.14319 -0.551555 -0.0813926 -0.679497 0.107871 -0.555778 0.490549 -0.620505 -0.0488422 0.0973474 0.250332 0.413625 0.242609 0.146201 -1.02594 -0.0694459 0.571733 1.18553e-05 -0.246617 -0.0383188 1.84521 
