1.45987 -0.646058 0.530125 0.233295 -0.63638 0.666292 -0.0329313 0.271305 0.332784 -0.589166 -0.173659 -0.213556 -0.138715 0.203646 1.17869 -0.442868 0.395415 -0.0204682 0.443942 -0.161692 0.631884 -0.339027 0.349122 -0.573297 0.361007 0.0573487 -0.484811 0.532177 -0.0204682 0.735565 -0.228884 -0.228884 0.019806 -0.0997458 0.25422 -0.280361 -0.161692 0.204877 0.277171 0.233295 0.129189 -0.223828 0.0114122 0.332407 0.0522929 0.886143 -0.436535 0.0697007 -0.516405 -0.657746 -0.741582 -0.793446 -0.259157 -0.223939 -0.360916 0.766168 0.547532 0.0853538 0.136297 -0.532247 -0.68817 0.13719 0.0679459 0.000129621 -0.0834074 0.625719 0.495291 0.100304 -0.0575525 -0.0401446 -0.298752 -0.125042 0.25887 -0.156251 -0.00697886 -0.180873 -0.235823 0.13583 0.000129621 -0.0776873 -0.0946899 -0.0512193 0.214114 -0.347644 -0.259157 0.281306 0.17384 -0.00492624 -0.218883 0.834278 -0.394857 0.19319 -0.0659996 0.136297 -0.00620356 0.188539 0.625719 -0.775523 0.067863 0.084481 
-0.641714 1.05215 -0.22941 -0.182909 0.23086 -0.226714 -0.403502 -0.0595935 -0.177754 0.572006 -0.0269978 0.267053 0.223074 -0.216726 -0.693697 -0.0677722 0.176681 0.348999 -0.39543 -0.0157886 -0.430788 0.229351 0.0144597 0.76411 -0.0273933 0.423052 0.243762 -0.544744 0.348999 -0.00741898 0.00897629 0.00897629 0.481634 0.0479485 0.371287 0.238865 -0.0157886 0.338904 -0.131033 -0.182909 -0.0439117 0.371069 -0.169728 -0.604439 0.0609599 -0.221405 0.0426859 0.563097 0.283967 0.235949 0.132309 0.415151 -0.0119302 -0.241388 0.189448 -0.274512 0.272727 0.464613 0.00284647 0.833045 0.265832 -0.377623 -0.037524 0.000151105 0.240162 -0.702999 0.128883 0.296004 -0.63462 -0.132484 0.361985 0.306099 -0.2527 0.475139 -0.0466071 0.24402 -0.199535 -0.179051 0.000151105 -0.073902 0.410041 -0.524162 0.0768996 0.508418 -0.0119302 0.0521347 -0.0557351 -0.361941 0.120705 0.0614365 0.167272 -0.477297 0.742299 0.00284647 -0.110307 0.14669 -0.702999 0.110133 -0.0905861 -0.703364 
0.472964 -0.290915 1.20378 0.49129 0.230549 0.42495 0.204723 0.184664 0.522439 0.270706 0.0543173 0.248542 -0.836476 -0.0281355 0.202833 -0.0191273 0.176079 -0.204387 0.108454 0.251003 0.299017 -0.123335 0.650749 -0.148273 0.0501457 0.261698 -0.597184 0.211841 -0.204387 -0.219829 -0.331877 -0.331877 0.198243 0.218698 0.395754 -0.584338 0.251003 -0.0513612 0.461361 0.49129 -0.110487 -0.00843299 -0.195287 -0.074416 -0.0617459 0.388897 -0.112511 -0.708986 0.413347 -0.45692 -0.0457054 -0.0481664 -0.649193 -0.570007 0.255575 0.206099 0.556545 -0.266622 -0.778987 -0.320759 -0.40123 -0.0284451 0.380618 -0.000153053 0.347008 0.0863744 -0.0427716 -0.283058 0.244457 -0.402783 0.279295 -0.436084 0.358059 -0.592923 0.668347 -0.553189 0.0305966 -0.408907 -0.000153053 -0.466238 0.542142 0.151073 -0.312902 -0.200283 -0.649193 0.269978 -0.715532 -0.323597 -0.246563 0.386436 -0.240439 -0.217367 -0.300232 -0.778987 0.0932311 -0.179671 0.0863744 -0.54172 -0.416671 -0.257681 
0.246289 -0.17426 0.561444 0.863218 -0.0104203 0.320693 0.705847 -0.0932852 0.310276 0.318452 0.257032 0.15605 -0.272667 -0.181535 0.0390176 0.241969 0.199004 0.0252206 -0.402851 0.44924 0.374837 0.0647045 -0.223557 -0.121264 0.253148 -0.105051 -0.200843 0.462521 0.0252206 0.417275 -0.129055 -0.129055 0.361407 0.362756 0.240234 -0.231865 0.44924 -0.245996 0.297045 0.863218 0.0416329 -0.312322 -0.350371 0.0750719 0.0782166 0.339999 0.142254 -0.118392 0.371448 0.323891 0.367788 0.0745973 -0.16449 0.354963 0.0221174 -0.0418695 0.364836 -0.627436 -0.240558 0.0324467 -0.538386 0.0485433 -0.430828 0.00019388 -0.171077 0.199674 -0.163558 -0.577536 -0.139384 -0.335992 0.400891 -0.306319 0.204552 0.0604236 0.282385 -0.784807 -0.121741 0.249487 0.00019388 0.130465 0.179488 -0.239099 -0.37083 -0.0849111 -0.16449 0.207465 -0.707016 0.183461 0.171696 0.0468089 -0.413784 0.252154 -0.367685 -0.240558 0.099909 0.287836 0.199674 -0.0681135 -0.146332 0.0101941 
-0.671292 0.191604 0.252798 -0.0583262 1.72335 0.015037 0.356256 0.419295 -0.584262 0.872118 0.197216 0.465363 -1.00672 -0.662725 -0.986878 0.0303454 -0.302186 0.304577 0.351799 0.345932 -0.340396 0.435448 0.293766 -0.130332 -0.65762 0.179048 0.080001 -0.293808 0.304577 -0.45623 -0.332945 -0.332945 0.104569 -0.254482 -0.86437 0.56686 0.345932 0.588932 -0.136147 -0.0583262 0.112396 -0.136539 0.681579 -0.6524 -0.0173584 -0.903696 -0.121954 -0.369195 0.550182 0.0453819 0.566855 0.686286 -0.236688 -0.633103 0.356506 0.269476 -0.0990388 -0.373658 -0.237804 -0.528241 -0.361115 0.11045 -0.0218209 -4.30271e-05 0.623545 0.11293 -0.0477468 0.356512 0.551802 0.199966 0.235439 0.0721572 -0.132564 -0.154621 0.350157 0.0409248 0.318283 -0.640947 -4.30271e-05 0.125487 -0.0580763 0.399503 -0.363334 -0.447021 -0.236688 0.315544 -0.163325 -0.196449 -0.436697 -0.784265 0.404215 0.44271 0.271708 -0.237804 0.152256 -0.289096 0.11293 0.614564 -1.12192 -0.241401 
0.694889 -0.202462 0.510708 0.336295 0.0785459 0.857253 0.20838 0.496615 0.403466 -0.180809 0.172761 0.207586 -0.286018 -0.0554128 0.573681 -0.145551 0.701912 0.122187 0.0370288 -0.0243427 -0.186706 -0.338307 0.283758 -0.215303 -0.342047 -0.0906702 -0.173911 0.483542 0.122187 0.364011 -0.0118632 -0.0118632 0.313518 0.447016 0.101786 -0.29385 -0.0243427 0.221335 -0.356014 0.336295 0.573997 -0.211879 0.0805784 0.17731 0.109345 0.138313 -0.433672 -0.151968 -0.19365 -0.0553276 -0.0692939 0.162635 -0.578329 -0.186983 0.119085 0.410508 0.249394 -0.0987641 0.346816 0.0369682 -0.507976 0.122904 0.162549 0.00027104 0.327307 0.324919 0.255167 -0.105471 0.0702537 -0.19106 -0.146976 -0.204619 0.129212 -0.0885525 0.227452 -0.226679 0.438822 -0.217691 0.00027104 0.213128 0.247 -0.217868 0.133959 -0.619722 -0.578329 0.121479 -0.0573719 0.200286 -0.386998 0.370241 -0.360367 0.368469 0.0659939 0.346816 0.288392 0.341043 0.324919 -0.548746 -0.266152 -0.43583 
-0.0231987 -0.398113 0.271616 0.702585 0.400901 0.189516 1.17835 -0.114791 -0.113446 0.111634 0.744532 0.0285986 -0.496106 -0.374642 -0.332336 0.0891413 0.00633746 -0.107681 0.041009 0.398278 0.185563 0.374262 -0.359259 -0.218722 0.00238475 -0.352149 0.3643 0.131447 -0.107681 0.121126 -0.237427 -0.237427 0.0893724 0.0237689 -0.0516296 0.185333 0.398278 -0.476936 0.0783099 0.702585 0.482106 -0.661286 0.178224 0.405434 0.0717099 0.0560488 -0.0936124 -0.36636 0.291025 0.506647 0.582572 0.212893 -0.0103749 0.610538 0.075678 0.165925 -0.166454 -1.10647 -0.0819224 -0.402943 -0.189305 -0.17286 -0.668396 0.000177751 -0.222045 0.29061 -0.0172536 -0.321561 0.241194 -0.196876 0.571316 0.0476939 0.607317 0.306462 0.564206 -0.630698 0.248894 0.293932 0.000177751 0.244646 -0.40009 0.0584404 -0.32639 -0.593397 -0.0103749 0.309315 -0.523444 0.424037 0.186679 -0.313631 -0.304129 0.427824 -0.660115 -0.0819224 0.182931 -0.231122 0.29061 0.202765 0.0395016 0.352195 
0.324166 -0.0110767 0.294686 -0.0534181 0.507068 0.520879 -0.0716626 0.682855 0.264979 0.000211522 -0.140749 0.573176 -0.128232 0.0115329 0.236661 0.021053 0.460395 0.167689 0.349616 0.108558 -0.0881544 -0.0189507 0.505858 -0.0210119 -0.148638 -0.00930859 0.0790253 0.246181 0.167689 -0.132284 0.0702485 0.0702485 -0.112569 0.323695 -0.241704 -0.106834 0.108558 0.436512 -0.206436 -0.0534181 0.442151 -0.0968136 0.408332 -0.168688 0.157754 -0.319217 -0.235226 -0.0307918 -0.00972365 -0.209716 -0.267514 0.197103 -0.244453 -0.357648 0.138388 0.197575 0.106141 0.229807 0.226584 -0.260558 -0.185477 0.408158 0.418353 0.000391032 0.564573 0.179156 0.137092 0.299068 0.469194 0.280649 -0.299209 0.0302448 -0.199464 -0.329294 0.215958 0.211563 0.296848 -0.406429 0.000391032 0.177388 0.156632 0.212916 0.0495866 -0.34449 -0.244453 0.0878961 0.329844 0.167453 -0.52471 0.145401 0.162367 0.237872 0.376028 0.226584 0.25667 0.195633 0.179156 -0.243535 -0.48545 -0.193904 
0.282021 -0.232861 0.528837 0.246519 -0.600113 0.324106 -0.173941 0.161355 1.26434 -0.389989 -0.562873 0.583983 0.0600951 0.468628 0.471468 0.273215 0.613984 -0.266557 -0.557373 0.0837678 0.0416827 0.0637736 0.233336 -0.0152858 0.331561 -0.194576 -0.179564 0.276055 -0.266557 -0.474054 0.140465 0.140465 -0.359988 0.936181 0.475629 -1.31345 0.0837678 -0.682651 -0.214499 0.246519 0.193524 -0.00512888 -0.885536 0.210919 -0.048982 -0.184498 -0.353215 -0.346927 -0.172414 0.0878089 -0.458251 0.0419637 -0.117027 -0.0648642 0.370127 -0.612196 0.230892 0.124838 -0.204852 0.119337 0.0818642 0.113303 0.422783 -0.000121414 -0.0948271 -0.0338176 -0.322318 -0.48507 0.391255 0.0933093 -0.0296571 -0.0689761 -0.23471 -0.860818 0.398255 -0.295622 -0.163089 0.0457238 -0.000121414 -0.0721025 0.790587 -0.235176 -0.132871 0.0472508 -0.117027 -0.189569 -0.0394404 0.145473 -0.210458 0.315717 -0.162873 -0.361981 -0.392772 -0.204852 0.626309 0.348358 -0.0338176 -0.991251 -0.125633 -0.18933 
-0.603709 0.553118 0.313323 0.290915 0.892486 -0.223949 0.0873576 -0.0671928 -0.35377 1.18651 -0.0258546 0.148196 -0.514093 -0.321932 -0.750618 0.300762 -0.432952 0.450941 -0.33933 0.447671 0.0679108 0.264471 0.0456864 0.125455 -0.141093 0.563821 -0.389283 -0.127923 0.450941 0.112727 -0.12363 -0.12363 0.605366 -0.155468 -0.229602 0.377106 0.447671 0.490192 0.379092 0.290915 -0.63651 0.416912 -0.141028 -0.682245 0.0232782 -0.202057 0.430484 0.0604788 0.758852 0.159108 0.679293 0.379818 -0.0638961 -0.450014 0.181517 -0.0684228 0.350524 -0.0640217 -0.537214 0.249454 -0.423313 0.0288326 -0.101222 5.77009e-05 0.243988 -0.102119 -0.277427 -0.120671 -0.191568 -0.154367 0.418896 -0.159921 -0.224156 0.011346 -0.0992379 -0.267579 -0.263234 -0.220652 5.77009e-05 -0.112822 0.385074 -0.0618458 -0.424335 0.450842 -0.0638961 0.146966 -0.57876 -0.540485 0.0905287 -0.501532 0.156814 0.0961822 0.281188 -0.537214 -0.129664 0.090736 -0.102119 0.65459 -0.761527 -0.282555 
-0.172232 -0.0299149 0.112905 0.245465 0.233555 0.145591 0.736226 -0.192183 -0.510683 -0.00988412 1.2539 -0.507112 -0.260596 -0.286205 -0.258121 -0.178198 -0.0218886 -0.232654 0.350975 -0.0923092 -0.410133 -0.312278 -0.0774196 0.25788 -0.577613 -0.117891 0.378422 -0.150113 -0.232654 0.0427527 -0.0307484 -0.0307484 0.475339 -0.255226 0.340197 0.56596 -0.0923092 -0.172125 -0.0399132 0.245465 0.468873 -0.20378 0.606431 0.542331 0.0551401 0.44531 0.129655 -0.462501 0.27791 0.195063 0.732763 0.31796 -0.460534 0.420491 0.0625038 0.400955 -0.404736 -0.68095 0.0328229 0.221971 0.407296 -0.487888 -0.163308 0.000136679 0.178037 -0.202603 0.233474 -0.1043 -0.190215 -0.707857 0.395715 -0.164829 0.998439 0.736254 0.436187 -0.190188 0.920684 -0.12276 0.000136679 -0.114626 -0.428258 0.117637 0.147586 -0.581076 -0.460534 0.0860252 -0.560408 0.173168 0.247459 0.0305073 -0.337637 0.0528537 -0.339605 0.0328229 -0.307716 -0.605388 -0.202603 0.332622 0.682703 -0.00525962 
-0.207228 0.269037 0.312031 0.149384 0.506603 0.185317 0.0251943 0.526643 0.641074 0.169068 -0.502211 1.47819 0.0972655 -0.430877 -0.50556 0.192378 0.711078 -0.15511 -0.0917056 0.49071 0.0981644 0.474789 0.227566 0.489065 0.623925 -0.454187 0.466489 0.117696 -0.15511 -0.691517 -0.233413 -0.233413 -0.598049 0.838538 -0.0497244 -0.575995 0.49071 0.00991956 -0.00344917 0.149384 0.586888 -0.752519 0.105758 -0.896392 0.0649182 -0.770566 -0.104317 0.175569 0.389096 0.032595 -0.594779 0.392706 -0.0186245 0.0575416 0.195243 -0.65306 0.422682 0.0398848 -0.126553 -0.37062 -0.13092 0.459021 -0.0707658 0.000160916 0.425029 -0.423986 -0.127299 0.214027 0.33245 0.4431 0.0318493 0.0489971 -0.699674 -0.39156 0.713602 -0.0843048 -0.338818 -0.35995 0.000160916 0.299238 0.319432 0.0357544 -0.425631 0.0039516 -0.0186245 0.298492 0.0173087 0.519266 -0.461564 0.216919 0.341487 -0.226522 0.53568 -0.126553 0.296856 0.423428 -0.423986 -0.448535 -0.667327 -0.324357 
-0.119929 0.237515 -0.760529 -0.266875 -0.95302 -0.29583 -0.487053 -0.162308 0.129644 -0.480764 -0.243237 0.109723 1.4388 0.243214 0.29578 0.282356 0.199325 -0.278331 -0.185893 -0.133354 0.0425469 -0.488745 -0.403883 0.605617 0.537702 -0.519906 0.364748 0.334922 -0.278331 0.0263143 0.50548 0.50548 -0.391162 0.39191 0.209828 -0.03965 -0.133354 -0.0715512 0.0632381 -0.266875 -0.0208521 -0.104197 0.0763733 -0.110486 0.089771 0.152841 0.741214 0.654991 -0.112662 0.0557095 -0.418754 -0.175678 0.365132 0.861978 -0.437945 -0.687517 -0.195309 0.577046 0.464922 0.519703 0.538882 0.468444 0.0118264 0.00022252 -0.141616 -0.515623 -0.192362 -0.0588404 -0.452167 0.113053 -0.601575 -0.26562 -0.505504 0.321983 -0.485552 0.356869 -0.0796064 0.23161 0.00022252 0.241798 -0.217767 0.00669152 0.223347 0.606 0.365132 -0.415487 0.336178 0.6099 0.252301 0.395917 0.133744 -0.253357 0.423604 0.464922 -0.458636 0.461975 -0.515623 0.152935 0.843527 0.238079 
0.240787 -0.183929 0.0661665 -0.157388 -0.590671 -0.0468684 -0.347233 -0.00418695 0.556532 -0.270247 -0.250491 -0.400064 0.26157 1.12567 0.741577 0.386084 -0.201648 0.115206 -0.050732 -0.114706 0.17295 0.0279719 0.349946 -0.172743 0.0181705 0.469339 -0.218233 0.00199094 0.115206 -0.138308 0.627181 0.627181 -0.0718311 0.0580441 0.283064 -0.429827 -0.114706 -0.370561 0.0285941 -0.157388 -0.391493 0.970128 -0.54922 0.893143 0.126392 0.22701 0.0308954 -0.250406 -0.259062 -0.0124083 -0.00198463 -0.287343 0.317929 -0.212055 0.211146 -0.104599 -0.310631 0.473938 -0.112722 0.274179 0.636689 0.0446724 0.850735 0.000313294 -0.148543 0.299448 -0.259379 -0.216697 0.564148 0.18735 -0.159065 0.26907 0.247998 -0.627288 -0.278458 0.284093 0.11972 0.275248 0.000313294 -0.353819 0.400991 0.20896 0.241411 0.363419 0.317929 -0.500476 0.428448 -0.342634 0.130892 -0.0583475 0.0429948 -0.19904 -0.52534 -0.112722 0.355501 -0.163974 0.299448 -0.170136 0.383175 0.483894 
1.1579 -0.718837 0.239199 0.00522846 -0.972762 0.524289 -0.362863 0.163005 0.501436 -0.75687 -0.280343 -0.532683 0.2562 0.683641 1.46462 -0.0493305 0.195461 -0.105669 0.144181 -0.356055 0.277552 -0.803338 0.244775 -0.602363 -0.0512752 -0.0238986 -0.686114 0.73165 -0.105669 0.523112 0.31753 0.31753 -0.0287254 0.135325 0.125032 -0.490604 -0.356055 0.0296878 -0.00678771 0.00522846 -0.172631 0.282826 -0.22193 0.676832 0.0108053 0.721357 -0.0661734 -0.166999 -0.640395 -0.501441 -0.456953 -0.633581 -0.229116 -0.117469 -0.26747 0.38899 0.0613938 0.373695 0.285117 -0.0508284 -0.297619 0.370367 0.5515 2.67837e-05 -0.121335 0.613195 0.0601626 -0.301121 0.100888 -0.0769167 -0.726395 -0.436478 0.0857675 -0.458148 -0.457721 0.00560365 0.178582 0.132167 2.67837e-05 -0.0817435 0.100621 0.0840451 0.366887 -0.145365 -0.229116 -0.306698 0.289944 0.0347307 -0.152173 0.544729 -0.361257 0.247084 -0.29914 0.285117 0.0168698 0.286348 0.613195 -0.55074 0.331162 0.216185 
-0.426405 -0.0556535 0.0544964 0.245438 0.0817203 -0.157685 0.0958717 -0.0153451 0.340441 0.331769 -0.163162 0.202513 0.280033 0.365405 -0.0120723 0.802111 -0.242467 -0.014478 -0.390025 0.387778 0.119057 -0.080251 -0.105804 0.0439619 0.0342751 -0.104937 -0.149211 0.424633 -0.014478 -0.291473 0.49947 0.49947 -0.113211 0.474506 -0.232443 -0.255092 0.387778 -0.206009 0.162664 0.245438 -0.392033 0.309396 -0.255959 0.0734994 0.0851374 -0.282316 0.711062 -0.233915 0.431384 0.325807 0.454196 0.268931 0.199427 0.290768 0.134866 -0.63198 -0.264556 -0.0105233 -0.21197 0.21634 0.174664 0.566973 0.308529 0.000211035 0.0282614 0.0413866 -0.716762 -0.574422 0.417997 0.0989444 -0.178984 -0.382891 -0.297227 -0.482214 -0.179852 -0.160089 0.150689 0.057087 0.000211035 0.0906697 0.284432 0.326948 -0.302429 0.392599 0.199427 -0.414122 -0.203696 0.190285 0.100694 -0.467581 0.142551 0.175452 -0.290791 -0.21197 0.0912595 0.240236 0.0413866 0.461881 -0.102331 0.383824 
0.41019 0.187111 0.248014 0.200784 -0.2525 0.688089 0.0113792 0.422308 0.679521 -0.403635 -0.00854151 0.719524 0.195314 -0.224015 0.231031 -0.244156 1.13207 -0.0901839 -0.211682 -0.0649968 -0.342896 -0.108998 0.128999 0.359063 0.101084 -0.383494 0.336344 0.210889 -0.0901839 0.0243214 -0.0973907 -0.0973907 0.00891124 0.806145 0.49822 -0.59755 -0.0649968 -0.0676054 -0.509582 0.200784 0.942665 -0.562653 -0.0850582 -0.147639 0.0817684 -0.0970361 -0.562117 0.202521 -0.231683 0.104248 -0.506418 0.278102 -0.439432 0.124925 0.151478 -0.117853 0.368767 0.0705919 0.440278 0.273733 -0.136125 -0.0548915 -0.0501605 0.000202684 0.255623 -0.277092 0.326127 0.060346 -0.219645 -0.0988925 -0.00990254 0.0377675 -0.135165 0.112211 0.50259 -0.118813 0.152839 -0.173651 0.000202684 0.293512 0.340883 -0.537606 0.146968 -0.416713 -0.439432 0.179362 0.0478727 0.465465 -0.340337 0.687484 -0.265578 -0.150468 0.376375 0.440278 0.318164 0.482918 -0.277092 -0.923475 -0.0216198 -0.711461 
0.0387142 0.403837 -0.088044 0.0714091 0.398672 0.152772 -0.0582314 0.17401 -0.156612 0.524667 -0.174899 -0.102256 -0.237934 0.137247 -0.0256913 0.0282415 -0.0457757 0.796771 -0.264074 0.092647 -0.0214109 0.422152 0.010912 -0.222569 -0.219959 0.633673 -0.157823 -0.134697 0.796771 0.630187 0.10596 0.10596 0.581147 -0.187899 -0.212519 0.327399 0.092647 0.460685 -0.215797 0.0714091 -0.175416 0.569267 -0.295362 -0.0136312 0.170365 -0.159317 -0.31149 0.452877 -0.101739 0.305221 0.309383 0.11448 0.212401 -0.46653 0.145768 0.341094 0.194468 0.229019 0.241238 0.318194 -0.385327 -0.113459 -0.0534935 0.000422293 -0.0203756 0.393356 0.142546 0.163784 -0.0664663 0.216046 0.206528 0.49987 -0.143611 0.107613 -0.416232 0.0993783 -0.23566 0.191163 0.000422293 0.16352 0.275408 -0.406198 0.0781404 0.147656 0.212401 0.0648278 0.293764 -0.462885 -0.00322275 -0.354219 0.0216603 0.362068 0.262137 0.241238 0.340154 0.293161 0.393356 0.185276 -0.55191 -0.215457 
0.423929 -0.419787 0.145602 -0.435858 0.366698 -0.0115809 0.0112635 0.276742 -0.526622 -0.3448 0.329535 -0.118047 -0.224692 -0.107886 0.144963 -0.426501 -0.246469 -0.343269 1.31774 -0.147535 0.287975 -0.132223 0.593827 -0.0641517 0.0530869 -0.0261851 0.224599 -0.173651 -0.343269 -0.354796 -0.2666 -0.2666 -0.473222 -0.685336 -0.193761 0.539019 -0.147535 0.356274 0.446346 -0.435858 0.200652 -0.305151 1.15903 0.0509121 0.0123662 0.317923 0.00866639 -0.301361 0.0108359 -0.858226 -0.464967 -0.435479 -0.134393 -0.225794 -0.276766 0.673786 -0.168125 0.00113329 -0.157153 -0.987076 0.262718 0.114672 0.314861 3.06527e-05 0.435113 0.0765485 0.438897 0.727221 0.443711 0.129983 -0.262176 0.0276775 0.488248 0.0158075 0.357836 0.448255 0.314945 -0.422716 3.06527e-05 -0.317053 -0.723887 0.878878 0.159931 -0.423144 -0.134393 0.278997 0.289884 0.038582 -0.264346 0.347411 0.288354 -0.0821651 0.121386 -0.157153 -0.435136 -0.764175 0.0765485 0.100153 0.251191 0.456131 
-0.124434 0.0171253 0.345422 0.473504 0.418102 -0.0156815 0.425804 0.0929551 0.171789 0.499473 -0.0564782 0.52164 -0.114881 -0.114589 -0.298002 0.408573 -0.0425129 0.0707228 -0.0902637 0.582141 0.473388 0.384061 -0.0014569 0.0730275 0.446557 -0.0236893 0.0520931 0.22516 0.0707228 -0.0790202 -0.0469431 -0.0469431 -0.0646799 0.239435 -0.103255 -0.0448501 0.582141 -0.0308194 0.446622 0.473504 -0.0902134 -0.197257 -0.0226177 -0.270926 0.126625 -0.11753 0.3407 0.00278502 0.555375 0.169502 0.169567 0.109066 0.169386 0.184298 0.0414202 -0.254802 0.221582 -0.298865 -0.36079 -0.265079 -0.215887 0.333797 -0.175025 0.000313872 0.0661891 0.0539113 -0.281634 -0.172997 0.259556 0.135717 0.248658 -0.0714552 -0.124124 -0.180318 0.27089 -0.346565 -0.263716 0.0607497 0.000313872 0.0947259 0.0891206 0.191684 -0.455202 0.190321 0.169386 0.173882 -0.319799 0.150628 0.0339837 -0.178031 0.10895 0.121557 -0.0576508 -0.36079 0.0681862 0.142426 0.0539113 0.237098 -0.36563 0.25212 
0.640545 -0.426471 0.364839 0.370504 -0.296823 -0.206642 0.184492 -0.132354 0.101107 0.0911154 -0.402899 0.100497 0.0324227 0.14447 0.307009 0.111256 -0.349009 -0.0719321 0.316649 0.444792 1.29198 0.383341 0.0639075 -0.284966 1.14961 0.12433 -0.258807 0.273795 -0.0719321 0.292534 -0.263963 -0.263963 -0.358391 -0.307326 0.0491791 -0.0313618 0.444792 -0.0472768 1.07981 0.370504 -0.535021 -0.209206 -0.0917839 -0.11583 0.0695726 0.6303 0.337838 0.224454 0.23262 -0.432916 -0.50272 -0.847015 0.488559 0.147342 -0.438581 0.100857 0.51972 -0.114747 -0.571308 -0.834295 -0.396081 0.348082 -0.269629 0.000172453 -0.344526 0.354711 -0.0415105 0.0327772 0.13175 0.286632 0.0968817 0.00812197 0.00553476 -0.248017 0.0364595 -0.300759 -0.938361 0.414271 0.000172453 -0.196089 -0.252569 0.358332 -0.375047 0.462399 0.488559 0.333709 -0.0885872 -0.0545846 0.202099 0.286006 0.0744602 -0.0537218 -0.189644 -0.571308 -0.22641 -0.0100775 0.354711 0.0103211 -0.0316151 0.772431 
-0.34167 0.222363 -0.0688174 0.0490669 0.467716 -0.369547 0.361886 -0.0744554 0.111893 0.276371 -0.316349 0.465817 -0.510174 -0.0118129 -0.785187 -0.0993576 -0.126416 0.360326 -0.114854 0.344159 0.372036 1.5981 -0.0708655 -0.0909444 0.615168 0.363916 0.60297 -0.872732 0.360326 -0.291574 -0.396498 -0.396498 -0.315861 -0.272792 -0.00135153 -0.0647577 0.344159 -0.499051 -0.00905889 0.0490669 0.186404 -0.0796007 -0.499539 0.00591413 0.0470188 -0.601291 -0.83726 0.24665 -0.0369361 0.474809 -0.149418 -0.0277606 0.797778 -0.195306 0.356924 -0.096639 0.130814 -0.314751 -0.300614 -0.516246 0.163043 -0.577639 -0.514382 0.000116548 -0.45555 0.13808 0.146493 0.441585 0.476672 0.676304 0.921915 1.30096 0.0683357 -0.116718 0.487134 -0.00193156 -0.88134 0.502686 0.000116548 -0.00347335 0.0441052 -0.26123 -0.297024 0.103864 0.797778 0.443633 0.379163 -0.316781 0.121591 -0.479633 0.295209 -0.246605 -0.255919 -0.300614 0.738019 -0.316292 0.13808 -0.211134 -0.488857 0.241339 
0.348936 0.00992899 0.707723 -0.236737 0.328491 0.254975 -0.369178 0.45281 0.283912 0.0600433 -0.0790331 0.221051 -0.422855 0.312618 0.265384 -0.122453 0.114038 -0.0484568 0.613653 -0.0389015 0.0550598 -0.0684083 0.996382 0.110307 -0.0858769 0.495115 -0.221457 -0.169687 -0.0484568 -0.49658 -0.0316307 -0.0316307 -0.0469699 -0.0603363 0.25672 -0.231863 -0.0389015 0.301467 0.254382 -0.236737 -0.0184032 0.411563 0.269404 -0.0176586 0.051921 0.147369 -0.173418 -0.439681 0.160421 -0.694044 -0.353785 -0.0938326 -0.402247 -0.843954 0.250416 0.31544 0.216121 0.421228 -0.45262 -0.271458 0.238563 0.0281486 0.91283 0.000128699 0.652133 -0.0582571 0.174503 0.372338 0.490244 -0.00135824 -0.0669214 0.0224142 0.265216 -0.570635 0.434346 0.288787 0.238304 -0.600083 0.000128699 -0.543443 0.382857 0.439279 0.0909512 -0.0704838 -0.402247 0.0836804 0.0894642 -0.443065 -0.400761 0.407322 0.197964 -0.402506 0.160531 -0.45262 0.0510936 -0.411002 -0.0582571 -0.406237 -0.20956 -0.160933 
-0.558167 0.774896 -0.0759825 -0.119127 -0.0802896 -0.22877 -0.213325 -0.0587428 0.0506072 0.155129 0.271583 0.497867 0.601962 -0.194754 -0.566437 0.042629 0.359419 -0.266621 -0.0290087 0.0508994 -0.278498 -0.0731706 0.125623 1.124 0.309691 -0.0822547 0.57647 -0.329054 -0.266621 -0.497083 0.0742079 0.0742079 0.0166806 0.319569 0.685006 0.0320755 0.0508994 -0.0149484 0.174831 -0.119127 0.265222 -0.0905252 0.239954 -0.458979 0.0824783 0.0363827 0.435523 0.261133 0.504228 0.0174942 -0.117366 0.329601 -0.141876 0.306159 0.0606392 -0.548135 0.102672 0.296007 -0.152583 0.596599 0.752565 -0.159027 0.117353 0.000204443 0.394586 -1.04131 0.0400537 0.210081 -0.461752 -0.283097 0.210131 -0.0415918 0.00262027 0.450237 0.418009 0.20181 0.122091 -0.311903 0.000204443 -0.184162 0.154836 -0.068858 0.0317833 0.40565 -0.141876 0.00847488 -0.251518 0.164937 0.141426 0.48335 0.170231 -0.77235 0.57324 -0.152583 -0.392689 -0.0899645 -1.04131 -0.00777378 0.522104 -0.380965 
0.355845 -0.0368989 0.102145 0.234993 -0.627869 -0.375806 -0.0125092 -0.206661 0.377162 -0.131711 -0.584201 0.612435 0.513755 -0.0241321 -0.0356413 0.0126508 0.0811484 -0.284303 0.0679384 0.404138 1.13579 0.61265 -0.0908518 0.289399 1.59274 -0.168494 0.251448 0.00114157 -0.284303 -0.0471556 -0.349491 -0.349491 -0.662998 0.0518035 0.445613 -0.335063 0.404138 -0.336217 0.926238 0.234993 -0.166353 -0.559981 -0.257421 -0.440779 0.0419957 0.394952 0.209393 0.578943 0.194587 -0.27334 -0.939844 -0.731547 0.627456 0.45925 -0.406188 -0.427505 0.639093 0.054609 -0.477846 -0.597531 -0.0242301 0.170287 -0.482339 0.000104097 -0.416211 -0.2473 0.029449 0.198594 -0.158148 0.378799 0.233955 0.250508 -0.258842 -0.0472536 0.311597 -0.192893 -1.22434 0.458311 0.000104097 -0.115705 -0.158686 0.0385935 -0.362038 0.665407 0.627456 0.391591 0.0166574 0.210594 0.24876 0.603249 0.169249 -0.572659 0.120737 -0.477846 -0.196638 0.131797 -0.2473 -0.364407 0.212917 0.4968 
0.0634837 0.424843 0.324994 -0.11191 0.220095 -0.113132 -0.355747 -0.0560347 -0.137678 0.584499 -0.113183 -0.454381 -0.532557 0.438332 0.00303155 -0.115265 -0.392133 0.580625 -3.73244e-05 -0.0548125 0.121803 0.372694 0.501436 -0.0912499 -0.157198 1.1381 -0.458305 -0.550565 0.580625 0.265892 0.00408034 0.00408034 0.646746 -0.57193 0.285905 0.202371 -0.0548125 0.32564 0.245022 -0.11191 -0.63597 1.07764 -0.434289 0.137398 0.0645325 0.307269 -0.249682 0.0439881 0.0684061 -0.179107 0.223112 -0.176456 0.054606 -0.952836 0.257796 0.458958 0.304449 0.420439 -0.437966 0.307293 0.038713 -0.493468 0.440984 0.00015996 0.0671839 0.155942 0.179957 0.237055 -0.0454167 -0.0659611 0.438816 0.492039 0.321069 -0.133728 -0.197844 0.176602 -0.294203 -0.0024914 0.00015996 -0.557311 0.501633 -0.179834 0.119505 0.421662 0.054606 0.0606121 0.0533839 -1.0734 0.120727 -0.0922987 0.0572574 -0.27831 0.0466395 -0.437966 0.134578 -0.313474 0.155942 0.0225734 -0.276021 -0.182486 
-0.431926 0.292302 -0.487139 -0.160953 0.167797 -0.149623 0.407451 0.0790486 -0.0759168 -0.321855 0.429879 0.513045 0.398847 -0.20249 -0.612435 -0.112789 0.374454 -0.164121 0.297496 0.0677192 -0.214584 0.658498 -0.168386 0.614224 0.309493 -0.411556 1.25028 -0.522734 -0.164121 -0.495315 -0.0227085 -0.0227085 -0.460447 0.103865 0.20577 0.234108 0.0677192 -0.413048 -0.282237 -0.160953 0.942858 -0.592065 0.477278 0.137242 0.1578 -0.420828 -0.282964 0.257434 6.58919e-05 0.429099 -0.162632 0.282694 0.375468 0.648499 0.102913 -0.253097 -0.387504 -0.24926 0.337907 -0.116878 0.822338 -0.294062 -0.348895 0.000391147 0.0113953 -0.456033 0.27098 0.499652 0.197082 0.296716 0.362172 0.748578 0.250097 0.529513 0.605342 0.319144 0.170619 0.146796 0.000391147 0.247826 -0.465491 0.0269073 0.0904719 -0.26059 0.375468 0.1809 0.386797 0.569747 0.0791425 0.0244976 0.229063 -0.276251 0.11103 0.337907 0.170566 -0.320578 -0.456033 -0.0364813 0.491145 0.173312 
0.490704 -0.590561 0.227528 0.408054 -0.30037 0.413472 0.0802412 0.151847 0.285344 -0.154854 -0.193014 0.0698938 0.274663 -0.0766238 0.710972 0.366697 0.154642 -0.235353 -0.195112 0.146428 0.22366 -0.911561 -0.210974 -0.385657 -0.0351706 -0.598174 -0.617092 1.15429 -0.235353 0.369947 0.189819 0.189819 -0.0701057 0.551787 -0.390475 -0.315869 0.146428 0.19424 0.127282 0.408054 -0.173171 -0.377906 0.0713312 -0.142811 -0.030449 0.21203 0.613993 -0.150509 0.0500504 -0.163225 -0.000772448 -0.077307 -0.347619 0.385354 -0.34375 -0.138391 0.107469 -0.110766 0.185868 -0.108668 -0.759645 0.892667 0.00929416 -7.54754e-05 0.055469 0.355133 -0.397221 -0.658846 -0.0452629 -0.165323 -0.746314 -1.08844 -0.459457 -0.313074 -0.359114 -0.438578 0.20955 -0.0859934 -7.54754e-05 0.362746 -0.0159377 0.202034 -0.176953 -0.116184 -0.347619 -0.220344 -0.3422 0.567649 -0.182371 0.135495 -0.261701 0.621576 -0.0645908 0.185868 -0.247372 0.690558 0.355133 0.0812769 -0.154345 0.116116 
0.0387142 0.403837 -0.088044 0.0714091 0.398672 0.152772 -0.0582314 0.17401 -0.156612 0.524667 -0.174899 -0.102256 -0.237934 0.137247 -0.0256913 0.0282415 -0.0457757 0.796771 -0.264074 0.092647 -0.0214109 0.422152 0.010912 -0.222569 -0.219959 0.633673 -0.157823 -0.134697 0.796771 0.630187 0.10596 0.10596 0.581147 -0.187899 -0.212519 0.327399 0.092647 0.460685 -0.215797 0.0714091 -0.175416 0.569267 -0.295362 -0.0136312 0.170365 -0.159317 -0.31149 0.452877 -0.101739 0.305221 0.309383 0.11448 0.212401 -0.46653 0.145768 0.341094 0.194468 0.229019 0.241238 0.318194 -0.385327 -0.113459 -0.0534935 0.000422293 -0.0203756 0.393356 0.142546 0.163784 -0.0664663 0.216046 0.206528 0.49987 -0.143611 0.107613 -0.416232 0.0993783 -0.23566 0.191163 0.000422293 0.16352 0.275408 -0.406198 0.0781404 0.147656 0.212401 0.0648278 0.293764 -0.462885 -0.00322275 -0.354219 0.0216603 0.362068 0.262137 0.241238 0.340154 0.293161 0.393356 0.185276 -0.55191 -0.215457 
0.753918 0.00659002 -0.144315 0.422634 -0.402965 0.353767 0.129746 -0.166792 -0.404938 0.145623 0.0596788 -0.679492 0.025882 -0.157096 0.56226 -0.289583 0.0279004 0.589358 -0.31643 -0.097925 0.302226 -0.270577 -0.47804 -0.493859 -0.023641 0.27811 -0.529846 0.429774 0.589358 1.56442 -0.102749 -0.102749 0.853016 -0.350591 -0.0276472 0.494067 -0.097925 0.531254 0.0453245 0.422634 -0.264987 0.0864522 -0.262083 0.0705755 0.0889086 0.752717 -0.0919862 0.717989 -0.354826 0.112671 0.181637 -0.39993 -0.00773682 0.0667198 -0.454277 0.704578 0.484766 -0.0406174 0.498302 0.335492 -1.03275 -0.0907855 -0.669698 0.000220382 -0.423693 0.582988 0.378712 -0.141847 -0.892518 -0.263437 -0.00691916 -0.0837433 0.00533184 0.688759 -0.763069 -0.333505 -0.387679 0.512822 0.000220382 0.311469 -0.16139 -0.694921 0.187054 0.0282496 -0.00773682 0.191878 -0.0766037 -0.188981 0.255921 0.17115 -0.520339 0.637335 0.205387 0.498302 -0.197376 0.604356 0.582988 0.115576 -0.0576948 -0.18232 
-0.17971 0.0538052 -0.225543 -0.0928757 -0.24886 0.00871306 -0.197986 0.0665606 0.240401 -0.0599141 0.0169976 -0.190568 0.535868 0.639213 0.387498 0.532181 -0.0629919 0.0959502 -0.197414 -0.0350282 -0.223452 -0.344681 0.0177288 0.108251 -0.295157 0.0471185 -0.0264197 0.280466 0.0959502 -0.0719291 0.717605 0.717605 0.0676625 0.318793 -0.0279883 -0.0896325 -0.0350282 -0.0683571 -0.193892 -0.0928757 -0.168103 0.614327 -0.119022 0.476255 0.150396 -0.0663152 0.451709 -0.0857865 -0.00546835 0.243072 0.344337 0.188796 0.112496 0.187486 0.110405 -0.309707 -0.461725 0.348755 0.234629 0.563166 0.491957 0.338313 0.584938 0.000372794 0.0961204 0.0425179 -0.381412 -0.323564 0.264843 0.0286605 -0.372969 -0.159257 -0.061394 -0.219185 -0.402358 0.243644 0.500371 0.0546483 0.000372794 0.0492046 0.215515 0.184371 0.185797 0.247166 0.112496 -0.566836 0.214085 0.10365 0.0842082 -0.221855 0.0582203 0.120909 -0.140062 0.234629 0.0808448 0.154315 0.0425179 0.292152 0.324078 0.238646 
-0.17971 0.0538052 -0.225543 -0.0928757 -0.24886 0.00871306 -0.197986 0.0665606 0.240401 -0.0599141 0.0169976 -0.190568 0.535868 0.639213 0.387498 0.532181 -0.0629919 0.0959502 -0.197414 -0.0350282 -0.223452 -0.344681 0.0177288 0.108251 -0.295157 0.0471185 -0.0264197 0.280466 0.0959502 -0.0719291 0.717605 0.717605 0.0676625 0.318793 -0.0279883 -0.0896325 -0.0350282 -0.0683571 -0.193892 -0.0928757 -0.168103 0.614327 -0.119022 0.476255 0.150396 -0.0663152 0.451709 -0.0857865 -0.00546835 0.243072 0.344337 0.188796 0.112496 0.187486 0.110405 -0.309707 -0.461725 0.348755 0.234629 0.563166 0.491957 0.338313 0.584938 0.000372794 0.0961204 0.0425179 -0.381412 -0.323564 0.264843 0.0286605 -0.372969 -0.159257 -0.061394 -0.219185 -0.402358 0.243644 0.500371 0.0546483 0.000372794 0.0492046 0.215515 0.184371 0.185797 0.247166 0.112496 -0.566836 0.214085 0.10365 0.0842082 -0.221855 0.0582203 0.120909 -0.140062 0.234629 0.0808448 0.154315 0.0425179 0.292152 0.324078 0.238646 
0.0137087 0.471192 0.249306 0.342315 0.133383 0.278823 0.0735425 -0.171527 -0.315322 0.613812 0.467815 -0.610475 -0.416044 -0.11507 -0.0140276 -0.135772 -0.0119604 0.515867 -0.459307 -0.108035 -0.37315 -0.319315 -0.0528808 -0.00454685 -0.663934 0.634514 -0.519428 -0.0347295 0.515867 0.828565 0.0123921 0.0123921 1.21233 -0.18786 0.318342 0.35555 -0.108035 0.412667 -0.127042 0.342315 -0.280733 0.606778 -0.331845 0.0665082 0.0401284 0.471473 -0.027316 0.0874308 0.138073 0.230761 0.767654 0.265214 -0.484704 -0.38263 0.137752 0.466783 0.296609 -0.0333146 0.0296166 0.893807 -0.428518 -0.48508 -0.0806171 9.94684e-05 0.074581 0.0447747 0.176 -0.274351 -0.743662 -0.69636 0.377144 -0.171151 0.340353 0.515117 -0.31025 -0.302088 0.228423 -0.0343532 9.94684e-05 -0.118547 0.406525 -0.635207 0.148263 0.0301774 -0.484704 0.0278358 -0.548196 -0.594286 0.211755 -0.0309665 -0.450251 0.172237 0.121883 0.0296166 -0.108356 0.150226 0.0447747 0.17965 -0.11582 -0.669659 
-0.138477 0.00487318 0.237128 0.311031 -0.258302 0.379688 -0.0246948 0.232102 0.948213 -0.179656 -0.295385 0.793478 0.334394 -0.0178282 0.117389 0.419312 0.75264 -0.285813 -0.704054 0.163446 -0.354719 -0.308879 -0.0988809 0.265708 0.0182337 -0.616796 0.0122492 0.55453 -0.285813 -0.407675 0.230889 0.230889 -0.220494 1.19693 0.164577 -0.973253 0.163446 -0.380447 -0.436985 0.311031 0.416914 -0.36093 -0.455337 -0.205969 -0.0249777 -0.477823 0.0675979 -0.182308 0.0811792 0.343289 -0.11193 0.518103 -0.322461 0.334676 0.269386 -0.817304 0.0797974 -0.000344841 0.142498 0.408325 -0.0628678 0.406944 0.156985 -6.19135e-05 0.149836 -0.290748 -0.444352 -0.591937 0.0919496 -0.0653806 -0.243561 -0.497303 -0.544101 -0.452715 0.274355 -0.33607 0.217562 -0.174875 -6.19135e-05 0.330921 0.605111 -0.259764 -0.188485 -0.0690016 -0.322461 -0.255928 -0.253804 0.591757 -0.257142 0.152209 -0.147647 -0.0420311 -0.00749434 0.142498 0.351652 0.666647 -0.290748 -0.528963 -0.18473 -0.434578 
0.233054 0.345777 0.431749 0.206074 -0.850624 0.0520228 -0.0825281 -0.315731 0.505226 -0.236225 0.317604 -0.0772186 0.169877 0.224756 0.124661 -0.270072 0.46228 -0.292867 -0.194915 -0.161679 0.0193519 -0.0198739 0.23574 0.64871 0.429609 0.258604 0.13172 -0.370168 -0.292867 -0.0671664 -0.0983273 -0.0983273 0.303274 0.182142 1.33955 -0.495135 -0.161679 -0.532329 0.247739 0.206074 0.173677 0.150211 -0.517998 0.303907 0.0100657 0.787238 -0.183737 -0.024663 0.0667081 -0.0835972 -0.265467 -0.181006 -0.270319 0.0772831 0.142078 -0.130094 0.39702 0.0926188 -0.379701 0.605137 0.574798 -0.737921 0.127347 2.49504e-05 -0.0873433 -0.638619 0.280163 -0.0875906 -0.561387 -0.596116 0.576267 0.151871 0.640688 0.282875 0.553404 -0.195984 -0.116585 0.0974339 2.49504e-05 -0.551446 0.43068 -0.475052 0.17177 0.24667 -0.270319 0.108418 -0.424371 -0.248513 0.325821 0.871698 -0.367728 -0.961703 -0.122072 -0.379701 -0.0863098 -0.262844 -0.638619 -0.775273 0.800499 -0.377643 
-0.282021 0.232861 -0.528837 -0.246519 0.600113 -0.324106 0.173941 -0.161355 -1.26434 0.389989 0.562873 -0.583983 -0.0600951 -0.468628 -0.471468 -0.273215 -0.613984 0.266557 0.557373 -0.0837678 -0.0416827 -0.0637736 -0.233336 0.0152858 -0.331561 0.194576 0.179564 -0.276055 0.266557 0.474054 -0.140465 -0.140465 0.359988 -0.936181 -0.475629 1.31345 -0.0837678 0.682651 0.214499 -0.246519 -0.193524 0.00512888 0.885536 -0.210919 0.048982 0.184498 0.353215 0.346927 0.172414 -0.0878089 0.458251 -0.0419637 0.117027 0.0648642 -0.370127 0.612196 -0.230892 -0.124838 0.204852 -0.119337 -0.0818642 -0.113303 -0.422783 0.000121414 0.0948271 0.0338176 0.322318 0.48507 -0.391255 -0.0933093 0.0296571 0.0689761 0.23471 0.860818 -0.398255 0.295622 0.163089 -0.0457238 0.000121414 0.0721025 -0.790587 0.235176 0.132871 -0.0472508 0.117027 0.189569 0.0394404 -0.145473 0.210458 -0.315717 0.162873 0.361981 0.392772 0.204852 -0.626309 -0.348358 0.0338176 0.991251 0.125633 0.18933 
-0.124434 0.0171253 0.345422 0.473504 0.418102 -0.0156815 0.425804 0.0929551 0.171789 0.499473 -0.0564782 0.52164 -0.114881 -0.114589 -0.298002 0.408573 -0.0425129 0.0707228 -0.0902637 0.582141 0.473388 0.384061 -0.0014569 0.0730275 0.446557 -0.0236893 0.0520931 0.22516 0.0707228 -0.0790202 -0.0469431 -0.0469431 -0.0646799 0.239435 -0.103255 -0.0448501 0.582141 -0.0308194 0.446622 0.473504 -0.0902134 -0.197257 -0.0226177 -0.270926 0.126625 -0.11753 0.3407 0.00278502 0.555375 0.169502 0.169567 0.109066 0.169386 0.184298 0.0414202 -0.254802 0.221582 -0.298865 -0.36079 -0.265079 -0.215887 0.333797 -0.175025 0.000313872 0.0661891 0.0539113 -0.281634 -0.172997 0.259556 0.135717 0.248658 -0.0714552 -0.124124 -0.180318 0.27089 -0.346565 -0.263716 0.0607497 0.000313872 0.0947259 0.0891206 0.191684 -0.455202 0.190321 0.169386 0.173882 -0.319799 0.150628 0.0339837 -0.178031 0.10895 0.121557 -0.0576508 -0.36079 0.0681862 0.142426 0.0539113 0.237098 -0.36563 0.25212 
0.189372 0.319054 -0.00970587 -0.274496 0.608338 0.177233 -0.502174 0.368145 -0.647393 0.48923 -0.189057 -0.0119142 -0.105842 -0.423207 0.0349776 -0.237977 -0.0978851 0.385997 0.360781 -0.083583 -0.0714435 -0.511913 0.286148 -0.0455839 -0.346561 0.304 -0.481437 0.220208 0.385997 0.497395 -0.133036 -0.133036 0.403259 -0.357221 -0.526668 0.668805 -0.083583 1.24327 0.136732 -0.274496 -0.325563 0.149606 0.650953 -0.841798 0.0213587 0.0507606 0.272509 0.41319 0.124592 -0.567048 -0.0837553 -0.0120865 -0.363996 -0.629375 -0.302258 0.534507 0.382126 0.523586 0.186991 -0.026253 -0.717828 0.41112 0.131754 5.2943e-05 0.57632 0.0669956 0.259389 0.450302 -0.409041 -0.0172094 -0.49465 -0.406971 -0.479229 0.202774 -0.512502 0.295907 0.00333485 -0.554909 5.2943e-05 0.0820497 -0.07458 0.101445 0.104995 0.0718574 -0.363996 0.154447 0.0877323 -0.282588 -0.346734 0.122429 0.190966 0.357167 0.968152 0.186991 -0.510433 0.309728 0.0669956 0.409469 -0.60643 -0.453516 
0.244817 -0.167731 0.486167 0.251697 -0.133589 -0.416965 0.036223 -0.291651 -0.196091 0.36128 -0.0736947 -0.0421318 0.0120983 -0.0409014 -0.0183468 0.113847 -0.556711 -0.307333 0.434004 0.37701 1.03879 -0.0387696 0.222214 0.127346 0.899045 0.206533 -0.367476 0.136401 -0.307333 -0.00538308 -0.275419 -0.275419 -0.153299 -0.430609 0.236551 0.183805 0.37701 0.119883 1.31814 0.251697 -0.772185 -0.0566309 0.199486 -0.381688 -0.0122558 0.80356 0.820458 -0.0198159 0.656358 -0.661764 -0.24267 -0.661812 0.12533 0.060577 -0.427294 0.0136134 0.478607 -0.0485091 -0.903162 -0.556208 -0.116773 0.261714 -0.040949 -3.0379e-05 -0.0123033 -0.139632 -0.126133 -0.00081936 -0.146505 -0.154065 0.115265 -0.428035 0.160823 -0.0812547 0.130947 -0.263983 -0.616254 1.72066e-05 -3.0379e-05 -0.513896 -0.21182 0.560107 -0.389296 0.620152 0.12533 0.263133 -0.543331 -0.218819 0.279365 0.384419 0.125283 -0.37415 -0.0198634 -0.903162 -0.706642 -0.298423 -0.139632 0.309907 0.185177 0.560154 
0.246289 -0.17426 0.561444 0.863218 -0.0104203 0.320693 0.705847 -0.0932852 0.310276 0.318452 0.257032 0.15605 -0.272667 -0.181535 0.0390176 0.241969 0.199004 0.0252206 -0.402851 0.44924 0.374837 0.0647045 -0.223557 -0.121264 0.253148 -0.105051 -0.200843 0.462521 0.0252206 0.417275 -0.129055 -0.129055 0.361407 0.362756 0.240234 -0.231865 0.44924 -0.245996 0.297045 0.863218 0.0416329 -0.312322 -0.350371 0.0750719 0.0782166 0.339999 0.142254 -0.118392 0.371448 0.323891 0.367788 0.0745973 -0.16449 0.354963 0.0221174 -0.0418695 0.364836 -0.627436 -0.240558 0.0324467 -0.538386 0.0485433 -0.430828 0.00019388 -0.171077 0.199674 -0.163558 -0.577536 -0.139384 -0.335992 0.400891 -0.306319 0.204552 0.0604236 0.282385 -0.784807 -0.121741 0.249487 0.00019388 0.130465 0.179488 -0.239099 -0.37083 -0.0849111 -0.16449 0.207465 -0.707016 0.183461 0.171696 0.0468089 -0.413784 0.252154 -0.367685 -0.240558 0.099909 0.287836 0.199674 -0.0681135 -0.146332 0.0101941 
0.140702 -0.0367431 -0.0418139 0.0401518 0.158821 0.556913 0.483886 0.400802 0.2558 -0.610454 0.478959 0.592072 -0.0281248 -0.417121 -0.140323 -0.396983 0.939403 -0.223086 0.232178 -0.115959 -0.53217 0.20056 -0.00670394 0.261604 -0.149679 -0.630592 0.901486 -0.120184 -0.223086 -0.271828 -0.205763 -0.205763 -0.263123 0.467158 0.206356 -0.180352 -0.115959 -0.298545 -0.728317 0.0401518 1.38314 -0.911617 0.443537 0.182723 0.0752617 -0.380987 -0.797983 -0.0454477 -0.312106 0.287005 -0.291634 0.416398 -0.285317 0.3805 0.205039 0.089941 -0.162523 -0.408438 0.598913 -0.161657 0.212956 -0.276295 -0.287728 0.000186555 0.204655 -0.186156 0.472431 0.316321 0.160933 0.0402239 0.160523 0.39178 0.2676 0.358249 0.784411 0.0352965 0.523475 -0.129206 0.000186555 0.407693 -0.238695 -0.240067 0.191407 -0.925199 -0.285317 0.281211 0.231444 0.70604 -0.325354 0.327045 -0.155924 0.0252025 0.0839452 0.598913 0.401187 -0.0360414 -0.186156 -0.652596 0.164214 -0.36946 
-0.238488 0.352064 0.0340675 -0.339977 -0.116287 -0.255136 -0.685679 -0.164335 0.0309738 0.416795 -0.219867 -0.773507 -0.137643 0.918327 0.288961 0.278273 -0.592087 0.495425 -0.299798 -0.249176 -0.232528 -0.0916173 0.397089 -0.120316 -0.569479 1.05685 -0.659609 -0.351092 0.495425 0.0534388 0.550494 0.550494 0.598215 -0.336859 0.156717 -0.00787176 -0.249176 0.150451 -0.0389368 -0.339977 -0.93779 1.5843 -0.667631 0.481824 0.023045 0.142483 0.120679 -0.192712 -0.0555846 -0.022802 0.507741 -0.0165907 0.0846467 -0.846367 0.351242 0.0817804 -0.181689 0.708781 -0.289146 0.788712 0.429264 -0.260292 0.924538 5.71228e-05 0.0292562 0.143418 -0.255171 -0.16437 0.113024 -0.102733 0.011173 0.180603 0.147966 -0.435624 -0.648586 0.363079 0.120202 -0.00615411 5.71228e-05 -0.561367 0.696945 -0.0445701 0.272278 0.62394 0.0846467 -0.527392 0.169488 -1.03375 0.187437 -0.381848 0.0908579 -0.224415 -0.186501 -0.289146 0.157651 -0.215664 0.143418 0.247357 -0.0127219 -0.0507813 
0.0034312 -0.182053 -0.146107 -0.371346 0.70851 0.0440006 0.16051 0.34749 -0.842754 -0.134466 0.597023 0.0914488 0.0496068 -0.594343 -0.209115 -0.280403 -0.107813 -0.362525 1.17106 -0.0678568 -0.108426 -0.504876 0.26161 0.216842 -0.26024 -0.448405 0.416413 0.104824 -0.362525 -0.288417 -0.176176 -0.176176 -0.333728 -0.424587 -0.504813 0.879214 -0.0678568 0.658478 0.22386 -0.371346 0.424043 -0.660952 1.58923 -0.365976 0.0363704 0.0245977 0.42948 -0.136742 0.264429 -0.602746 -0.118646 0.0406595 -0.339826 0.173746 -0.377507 0.468678 -0.319219 -0.124049 0.190198 -0.698089 0.117986 0.408313 0.049063 9.01533e-05 0.679776 -0.180382 0.316864 0.620353 0.144406 -0.0287065 -0.47608 -0.400649 0.178857 0.423911 0.233935 0.407807 0.695596 -0.643315 9.01533e-05 0.0859705 -0.909363 0.854289 0.104317 -0.539396 -0.339826 0.212637 0.0755207 0.484866 -0.311029 0.183903 0.30358 0.237784 0.506664 0.190198 -0.709793 -0.445886 -0.180382 0.56244 0.192093 0.210883 
0.342023 -0.599168 -0.00763961 0.0716936 -0.607873 0.158329 0.405317 -0.211933 0.271298 -0.658087 0.550519 -0.893105 -0.119655 0.865617 0.707243 0.0666521 -0.152797 -0.063198 0.0805406 -0.298569 -0.114875 0.0181734 -0.00785652 -0.464493 -0.426002 0.140879 0.0939736 -0.0917218 -0.063198 0.0618379 0.436697 0.436697 0.0822212 -0.157622 0.334689 -0.199644 -0.298569 -0.816677 -0.339718 0.0716936 0.180826 0.506099 -0.348379 1.5695 0.0714767 0.400589 -0.403417 -0.619551 -0.523412 0.324737 0.41102 -0.183516 0.138168 0.214185 0.245404 0.316128 -0.698667 -0.333663 0.166146 0.136315 0.663271 -0.461984 0.357364 0.000177173 -0.436776 0.536147 0.00500172 -0.365261 0.545786 -0.145242 0.163593 0.388219 0.979439 -0.140508 0.0148574 -3.97458e-05 0.63233 0.50843 0.000177173 -0.203899 -0.0882199 0.075716 0.370223 -0.420299 0.138168 -0.365044 0.224803 -0.0692248 0.283587 -0.193947 -0.370085 0.107227 -1.1278 0.166146 0.470247 -0.537523 0.536147 -0.204469 0.788307 0.583969 
0.122261 0.126584 0.0653831 0.135191 0.0875219 0.150717 0.131946 0.174861 0.0717493 0.10779 0.123681 0.128558 0.140954 0.159219 0.101569 0.138643 0.136962 0.181151 0.102347 0.159335 0.13088 0.119631 0.122076 0.137316 0.117125 0.128366 0.174884 0.0809928 0.181151 0.140524 0.171191 0.171191 0.116194 0.0837217 0.1012 0.12061 0.159335 0.106832 0.0900669 0.135191 0.133717 0.107673 0.11432 0.131829 0.191883 0.0984711 0.0813469 0.150914 0.118522 0.0867665 0.059708 0.0289311 0.0824552 0.0810159 0.0169587 0.0674706 0.0244133 0.0604135 0.0858092 0.0817474 0.101406 0.105137 0.101383 0.000475632 0.134048 0.0550426 0.0537164 0.0778606 0.106402 0.0654326 0.0546737 0.152179 0.111709 0.0827114 0.0483836 0.0571682 0.0859663 0.058311 0.000475632 0.0532608 0.020204 0.0491066 0.033024 0.0448877 0.0824552 0.021168 0.097981 0.0639933 0.0174983 0.0676942 0.0246198 0.067015 0.0930782 0.0858092 0.0577715 0.056506 0.0550426 0.0673691 0.0607792 0.106942 
0.862234 -0.249658 0.42215 0.303097 -0.892692 0.0858074 0.0224078 -0.395986 -0.157643 -0.211422 0.419975 -0.800803 0.110147 0.165961 0.718243 -0.322688 -0.135719 -0.242407 0.314028 -0.178696 0.597731 -0.622556 0.123647 -0.00265579 0.376205 0.277226 -0.497621 0.229595 -0.242407 0.710456 -0.139397 -0.139397 0.453662 -0.463001 0.784495 0.162249 -0.178696 0.0423576 0.812006 0.303097 -0.416408 0.133235 0.00867028 0.367065 0.00459443 1.47709 0.362658 0.0071362 0.0355794 -0.590111 -0.154309 -0.776416 -0.295477 0.12796 -0.471058 0.548819 0.424692 -0.017802 -0.336331 0.0881448 -0.121978 -0.252199 -0.0203438 1.13885e-05 -0.18171 0.00726161 0.327293 -0.1545 -0.6986 -0.696058 0.0735134 -0.439265 0.725332 0.422516 -0.0800654 -0.298491 -0.124597 0.186316 1.13885e-05 -0.519622 -0.190369 -0.0132542 0.183302 0.199488 -0.295477 0.144002 -0.512767 -0.27262 0.400592 0.854984 -0.481782 -0.298096 -0.179168 -0.336331 -0.685334 -0.238933 0.00726161 -0.165033 0.830885 0.17305 
-0.477653 -0.00277598 -0.0964684 0.0881419 -0.12816 -0.503387 -0.144463 -0.329204 -0.34357 0.40391 0.0871099 -0.151763 0.681311 -0.0473635 -0.0864959 0.653481 -0.618009 -0.41179 -0.0124384 0.262325 0.288059 -0.875734 -0.214349 0.379275 0.173436 -0.296935 -0.376966 0.614349 -0.41179 -0.151457 0.361418 0.361418 -0.0623363 0.0652113 -0.203689 0.313757 0.262325 0.246897 0.811695 0.0881419 -0.850614 0.0942219 0.396343 -0.454151 -0.029739 0.345449 1.61163 -0.0918967 0.785961 -0.249979 0.38828 -0.0258078 -0.0500621 0.566587 -0.434589 -0.568672 -0.158626 0.11465 -0.406992 0.214198 0.129046 0.788532 0.176808 -7.37157e-05 0.194432 -0.409088 -0.683294 -0.509112 -0.28737 -0.349527 -0.526281 -1.1678 -0.321671 0.0249522 -0.443695 -0.117955 0.178802 -0.224245 -7.37157e-05 -0.114929 -0.201985 0.670782 -0.292137 0.706179 -0.0500621 -0.391231 -0.641591 0.267122 0.299391 -0.0686389 0.174109 -0.000306255 0.132274 -0.406992 -0.958225 0.117676 -0.409088 0.996978 0.389379 0.446611 
0.0984956 0.587547 -0.623031 -0.102591 -0.305488 -0.15177 -0.347298 -0.054858 -0.267369 0.103817 -0.435134 0.198035 0.665 -0.258752 -0.117409 -0.221583 0.216541 0.42249 -0.252554 -0.0056783 0.244588 0.278089 -0.4107 0.274798 0.612899 0.066648 0.233345 -0.0802405 0.42249 0.728431 -0.106165 -0.106165 0.122323 -0.114782 0.0252978 0.377382 -0.0056783 0.457491 0.0413333 -0.102591 -0.0281658 -0.149257 -0.0999662 -0.600372 0.10974 0.0598394 -0.0219843 1.19365 -0.208933 0.117859 -0.453708 -0.249994 0.465037 0.207962 -0.402581 -0.0367164 0.460884 0.45731 0.471532 0.27473 -0.338402 0.0166719 -0.626605 0.000272019 -0.258112 -0.164785 0.331595 0.428508 -0.783476 0.300439 -0.0220782 0.393507 -0.587721 0.648781 -0.499426 0.212603 -0.815637 0.368125 0.000272019 0.356114 -0.157874 -0.583877 0.11569 0.50649 0.465037 0.216177 0.415857 0.0433642 0.16487 0.263553 0.0971844 -0.012198 0.825802 0.471532 -0.199327 0.600821 -0.164785 0.0460582 -0.0324609 -0.216024 
-0.520162 0.275865 0.46675 0.354697 0.581337 -0.226004 0.277535 -0.0663421 -0.125409 0.769638 0.272726 0.37901 -0.135205 -0.29996 -0.623358 0.411164 -0.250214 -0.164679 0.0270913 0.514359 0.220201 -0.0380499 0.15685 0.48534 0.195991 0.0585136 -0.0565758 0.0877664 -0.164679 -0.376937 -0.0583989 -0.0583989 0.140413 0.116153 0.0841166 0.170316 0.514359 0.13634 0.684955 0.354697 -0.327377 -0.0446819 0.268653 -0.536785 0.0447966 0.0557303 0.823321 -0.241485 0.979113 -0.059346 0.429618 0.294269 -0.193842 0.0975327 0.0527074 -0.342046 0.180469 -0.232627 -0.692644 0.0130075 0.0634208 0.247429 0.0536546 0.00011104 0.398412 -0.440433 -0.366256 -0.206594 -0.018699 -0.304981 0.267042 -0.507612 0.0311642 -0.0135558 0.365378 -0.309789 0.0583915 -0.353504 0.00011104 -0.223081 0.12987 0.393458 -0.469452 0.348074 -0.193842 0.103307 -0.774543 -0.013606 0.11125 -0.0796185 0.159773 -0.198871 0.11213 -0.692644 -0.412046 -0.145919 -0.440433 0.536683 -0.148838 0.0398434 
-0.693417 0.195933 -0.435431 0.275226 0.0446228 -0.119596 0.461243 -0.298248 0.102901 0.137981 0.157965 -0.00940433 0.00125289 -0.0852206 -0.516316 0.273673 0.0538028 0.210367 -0.873884 0.0965728 -0.477248 0.441781 -0.729529 -0.033307 -0.30385 -0.220913 0.340543 -0.157423 0.210367 0.0586471 0.158228 0.158228 0.201188 0.346349 -0.0981023 -0.12182 0.0965728 -0.587214 -0.665081 0.275226 0.239821 -0.0438128 -0.630436 0.27945 -0.0188729 -0.601874 -0.244532 0.0533927 -0.0912597 1.04098 0.679752 0.573774 0.288508 0.481369 0.330326 -0.465991 -0.363165 -0.480163 0.315788 0.551687 0.0863631 -0.336075 -0.552429 -4.67812e-05 -0.486081 0.0143873 -0.292593 -0.471246 -0.0631327 0.0091329 0.432601 0.326335 -0.0854829 0.230231 -0.0760144 -0.294145 0.0556902 0.467161 -4.67812e-05 0.431234 0.144309 -0.581338 -0.115492 -0.0853419 0.288508 -0.177147 -0.106313 0.201994 0.279329 -0.707851 -0.1787 0.257835 -0.413815 0.315788 0.518159 0.245216 0.0143873 0.170726 -0.0653572 -0.11413 
-0.804446 0.0651009 -0.0514087 0.29193 0.538903 -0.160755 0.509975 -0.383239 -0.470352 0.630972 0.668472 -0.663971 -0.500404 -0.10199 -0.499022 0.374869 -0.584056 0.187337 -0.507818 0.0694452 -0.574246 -0.209639 -0.416463 -0.19536 -0.997547 0.154113 -0.27838 -0.022163 0.187337 0.10042 0.232299 0.232299 0.710887 -0.136063 -0.307165 0.397047 0.0694452 -0.131114 -0.27318 0.29193 -0.366011 0.459537 -0.173529 0.33854 -0.0731244 -0.193265 0.366533 -0.545366 0.370511 0.652559 1.37693 0.64351 -0.213617 0.0826961 0.30922 -0.024873 -0.523651 -0.583281 -0.109527 0.593009 -0.00617985 -0.244648 -0.111039 -0.000181257 -0.0821735 0.122054 -0.448175 -0.670659 -0.0514895 -0.523732 0.313911 -0.352208 0.334182 0.19623 -0.256664 -0.365235 0.663781 0.00886783 -0.000181257 0.0330422 0.0911744 -0.0598252 -0.142751 -0.130597 -0.213617 -0.305605 -0.666301 -0.227419 0.309934 -0.926681 -0.222666 0.456344 -0.554416 -0.109527 0.00815442 -0.185004 0.122054 0.84504 -0.0930969 -0.0507761 
-0.88724 0.317012 -0.0847996 -0.0321906 0.627404 0.0402438 0.109366 0.0504485 -0.00106728 0.300567 0.222739 0.292584 -0.288257 -0.418278 -0.70658 0.158674 0.169534 -0.0384961 -0.50926 -0.0219859 -0.94947 -0.118911 -0.18744 0.220677 -0.820179 -0.276385 0.136016 -0.129627 -0.0384961 -0.512078 0.0458292 0.0458292 0.177518 0.46304 -0.253634 -0.134098 -0.0219859 -0.090375 -0.723251 -0.0321906 0.311091 -0.0957244 -0.0451534 -0.286926 -0.134831 -0.846301 -0.0784841 -0.372583 0.204232 0.515652 0.61258 0.92715 -0.401627 -0.0440602 0.463043 -0.42313 -0.322551 -0.244531 0.124709 0.487468 0.0787875 -0.119423 -0.00677979 -0.000334213 0.276667 -0.355843 -0.29384 -0.283635 0.0214037 -0.216348 0.0971027 -0.231756 -0.241368 -0.0150125 0.186047 -0.102975 0.588679 -0.411832 -0.000334213 0.237554 0.321486 -0.215755 -0.113179 -0.316966 -0.401627 -0.180995 -0.329193 0.141219 -0.185614 -0.531731 0.00987047 0.108264 0.0389152 0.124709 0.236824 0.0959978 -0.355843 0.159407 -0.394794 -0.627253 
-0.299161 -0.0562782 -0.632036 -0.217488 -0.24178 -0.64693 -0.0601113 -0.337317 -0.106268 -0.0893566 -0.501965 -0.0649566 0.306343 0.240784 -0.248325 0.14296 -0.49421 0.113215 -0.154384 0.0921244 0.439894 0.760418 -0.442065 -0.19701 0.592613 0.00846727 0.28258 -0.346149 0.113215 -0.0660939 0.0233189 0.0233189 -0.51861 -0.323733 -0.289157 0.0786832 0.0921244 -0.388494 0.117681 -0.217488 -0.336834 0.0593031 -0.371849 0.0885484 -0.0275169 -0.311573 -0.0489482 0.396238 -0.230088 0.284176 -0.190756 -0.347837 0.941557 0.273748 -0.130372 -0.323265 -0.208281 0.0325262 -0.014962 -0.315055 0.228668 -0.0365363 -0.391229 -6.82075e-05 -0.65953 0.169425 -0.170545 0.139067 0.208002 0.631757 0.128592 0.640776 -0.2845 -0.0782098 -0.32194 0.189903 -0.76093 0.631945 -6.82075e-05 0.104679 -0.287749 0.0160933 -0.119709 0.461968 0.941557 -0.050904 0.512116 -0.0360524 0.309732 -0.468654 0.309544 -0.0480404 -0.235775 -0.014962 0.19184 -0.0526978 0.169425 0.24916 0.0493595 0.648106 
-0.265389 -0.287182 -0.554296 0.300519 -0.639641 -0.25703 0.559355 -0.45196 -0.0555515 -0.476921 0.377613 0.00976303 0.801743 -0.290646 -0.138124 0.232854 0.0687003 -0.567163 -0.247232 0.10559 0.0972307 -0.234113 -0.885218 0.249578 0.422961 -1.00042 0.554164 0.385377 -0.567163 0.00691629 0.0968623 0.0968623 -0.417983 0.331957 0.0569988 0.0250735 0.10559 -0.65532 0.0514811 0.300519 0.327537 -0.873157 0.140277 0.163119 -0.0304026 0.110418 0.566255 0.137717 0.0598399 0.47559 0.10411 0.00828347 0.272302 1.3915 -0.379225 -0.589063 -0.386176 -0.589833 0.297191 0.035012 0.248171 0.190447 -0.757953 -7.53605e-05 -0.497709 -0.280056 -0.263332 -0.458262 -0.317375 -0.149255 -0.0849333 -0.370105 -0.00989535 0.545733 0.0302703 -0.330997 0.0833214 0.467231 -7.53605e-05 0.433183 -0.638062 0.0160253 -0.136067 -0.0322841 0.272302 -0.12734 -0.285247 0.969943 0.421482 0.0145919 -0.195005 0.107453 -0.329589 0.297191 -0.333476 0.174347 -0.280056 0.288331 0.82225 0.483332 
-0.466742 0.0792783 0.20691 -0.0967024 0.285592 -0.0153376 -0.0398804 -0.020299 0.315064 0.090234 -0.0447492 0.0830885 -0.562556 0.0681787 -0.352501 0.0125773 0.0308783 -0.0192404 -0.362579 -0.101664 -0.553068 0.253742 0.144777 -0.0603167 -0.506852 0.145835 -0.0557975 -0.408102 -0.0192404 -0.578456 -0.0445943 -0.0445943 0.0380238 0.202291 0.0574177 -0.474293 -0.101664 -0.392579 -0.500765 -0.0967024 0.0877003 0.260077 -0.475352 0.129962 -0.158835 -0.552976 -0.499297 -0.537202 -0.049361 0.260172 0.266259 0.451011 -0.196194 -0.443601 0.563784 -0.218022 -0.171457 -0.119349 -0.222641 0.198481 0.223519 -0.413064 0.259018 -0.000393714 0.0320038 -0.0989124 -0.171806 -0.176768 0.320709 -0.0576579 0.311006 0.19657 0.0680238 -0.423116 0.309948 -0.0625267 0.208028 -0.191233 -0.000393714 -0.16547 0.506962 -0.191166 -0.0575653 -0.200713 -0.196194 -0.114635 -0.11483 -0.305065 -0.13893 -0.368223 -0.00535509 -0.211685 -0.346363 -0.222641 0.511481 -0.222292 -0.0989124 -0.30288 -0.335697 -0.382005 
0.711105 -0.333919 0.208197 -0.109926 0.249325 0.326849 0.10113 0.0896515 -0.616496 -0.108942 0.344465 -0.714451 -0.761365 -0.196803 0.354723 -0.703506 -0.187691 0.226848 0.638736 -0.347123 0.0371328 -0.149058 0.260563 -0.618328 -0.477406 0.39776 -0.361044 -0.15198 0.226848 0.631162 -0.413943 -0.413943 0.417818 -0.833636 -0.163991 0.558793 -0.347123 0.494949 -0.00909514 -0.109926 0.0233652 0.0413778 0.421596 0.25145 -0.0575606 0.517665 -0.582617 -0.120574 -0.393351 -0.485383 -0.0170718 -0.384399 -0.338324 -0.602675 -0.167259 1.16034 0.145184 -0.158833 0.118509 -0.453104 -0.546515 -0.389177 -0.0958193 -0.000142678 0.0434235 0.560625 0.645803 0.408605 -0.128098 -0.191112 0.041911 0.140505 0.561604 0.281451 -0.095286 0.0522231 0.135294 -0.101127 -0.000142678 -0.171054 -0.378315 -0.00720963 0.28942 -0.595608 -0.338324 0.35624 0.098451 -0.455463 -0.147355 0.150338 -0.23734 0.343485 -0.01959 0.118509 -0.121031 -0.38211 0.560625 -0.0871522 -0.142201 -0.108194 
0.449198 0.170049 0.515371 0.253508 -0.162461 0.122463 -0.274521 -0.0450547 0.18332 0.266733 -0.504498 0.31802 -0.312429 -0.446106 -0.0161452 -0.379353 0.255658 0.0369516 -0.246446 0.0859901 0.412725 0.0351234 0.117974 -0.0107922 0.54592 0.19998 -0.538723 0.0506079 0.0369516 0.368078 -0.609233 -0.609233 0.204372 0.0201942 0.319852 -0.327566 0.0859901 0.299297 0.412627 0.253508 -0.27237 -0.265363 -0.409573 -0.806617 -0.143889 0.350266 -0.215843 0.333755 0.0858922 -0.425828 -0.559121 -0.327091 -0.266611 -0.44306 -0.163965 0.101913 0.993015 0.130275 -0.393264 -0.127777 -0.841038 -0.11691 -0.34737 -0.000356666 -0.0451526 -0.133454 0.235107 0.0675893 -0.645421 -0.167777 0.202544 -0.194756 -0.341372 -0.0268534 0.120537 -0.397754 -0.871007 -0.0990934 -0.000356666 -0.163385 0.364063 -0.48191 -0.230236 0.261319 -0.266611 0.464987 -0.397656 -0.344226 -0.0991913 0.582295 -0.167875 -0.29658 0.432492 -0.393264 -0.163867 0.364644 -0.133454 -0.56303 -0.509911 -0.580647 
0.0231987 0.398113 -0.271616 -0.702585 -0.400901 -0.189516 -1.17835 0.114791 0.113446 -0.111634 -0.744532 -0.0285986 0.496106 0.374642 0.332336 -0.0891413 -0.00633746 0.107681 -0.041009 -0.398278 -0.185563 -0.374262 0.359259 0.218722 -0.00238475 0.352149 -0.3643 -0.131447 0.107681 -0.121126 0.237427 0.237427 -0.0893724 -0.0237689 0.0516296 -0.185333 -0.398278 0.476936 -0.0783099 -0.702585 -0.482106 0.661286 -0.178224 -0.405434 -0.0717099 -0.0560488 0.0936124 0.36636 -0.291025 -0.506647 -0.582572 -0.212893 0.0103749 -0.610538 -0.075678 -0.165925 0.166454 1.10647 0.0819224 0.402943 0.189305 0.17286 0.668396 -0.000177751 0.222045 -0.29061 0.0172536 0.321561 -0.241194 0.196876 -0.571316 -0.0476939 -0.607317 -0.306462 -0.564206 0.630698 -0.248894 -0.293932 -0.000177751 -0.244646 0.40009 -0.0584404 0.32639 0.593397 0.0103749 -0.309315 0.523444 -0.424037 -0.186679 0.313631 0.304129 -0.427824 0.660115 0.0819224 -0.182931 0.231122 -0.29061 -0.202765 -0.0395016 -0.352195 
0.0996643 -0.038131 -0.75846 -0.290185 -0.239525 0.281586 -0.128288 0.13709 -0.190723 -0.559304 -0.00523743 -0.169515 0.409504 -0.186496 0.269279 -0.265067 0.38887 0.145423 -0.173773 -0.434681 -0.616603 -0.334603 -0.489067 -0.204346 -0.509318 -0.480734 0.248389 0.190708 0.145423 0.443316 0.148822 0.148822 -0.000919306 0.144596 -0.395168 0.169879 -0.434681 0.165864 -0.907441 -0.290185 0.550767 -0.311119 0.161545 0.119897 -0.0207923 -0.349056 -0.402508 0.406104 -0.725519 0.314826 -0.0832965 0.18187 -0.0115914 0.302008 -0.153449 0.136938 -0.331563 0.107444 1.03999 0.27598 -0.208153 0.0462124 -0.319452 -5.15391e-05 -0.153749 0.183502 0.244223 0.0997266 -0.280606 0.146291 -0.480945 0.0792858 -0.340556 0.421659 -0.489278 0.269341 0.322259 0.132905 -5.15391e-05 0.626105 -0.315346 -0.418047 0.413837 -0.464327 -0.0115914 -0.169666 0.56018 0.45989 -0.157934 -0.0838895 -0.144548 0.518821 0.273148 1.03999 0.13739 0.464208 0.183502 -0.0743956 0.0897402 -0.285091 
-0.572962 0.787986 -0.304313 -0.0212624 -0.534044 -0.0323438 -0.453391 -0.354134 0.129385 0.223282 0.179828 -0.417664 0.460202 0.196323 -0.0707483 0.159162 0.218243 0.218296 -1.00778 -0.343053 -0.883671 -0.554317 -0.311987 0.540753 -0.633084 0.260443 -0.210477 -0.10791 0.218296 0.276423 0.473278 0.473278 0.859189 0.406341 0.585588 -0.158393 -0.343053 -0.0514627 -0.564569 -0.0212624 -0.213885 0.762657 -0.730823 0.0859847 -0.028936 0.0713381 0.214601 0.20522 -0.0239502 0.546643 0.615158 0.540547 -0.315766 0.0357472 0.263592 -0.438756 -0.0701576 0.424383 0.271898 1.61199 0.333884 -0.4297 0.190227 -7.17251e-05 -0.0350316 -0.569761 -0.188169 -0.509959 -0.87512 -0.640964 0.0865754 -0.240201 -0.097127 0.413984 -0.485855 -0.00774527 0.356845 0.00602388 -7.17251e-05 -0.0422188 0.69572 -0.819681 0.314045 0.435464 -0.315766 -0.502286 -0.326848 -0.289451 0.325126 -0.00327304 -0.321862 -0.292806 0.199124 0.271898 -0.0555109 0.38991 -0.569761 0.0297046 0.392011 -0.813585 
-0.709128 0.240529 -0.365027 -0.572338 -0.347162 -0.557531 -0.219996 -0.259296 0.111669 -0.429728 0.384911 -0.158206 0.499138 0.57859 -0.297782 0.137242 -0.171858 -0.465468 0.261772 -0.274104 -0.425701 0.144728 0.217791 0.716477 -0.0400272 0.0116197 0.748495 -0.739129 -0.465468 -1.07206 0.421826 0.421826 -0.443379 -0.0450951 0.575006 -0.101163 -0.274104 -0.723281 -0.105377 -0.572338 0.180484 0.422966 0.105008 0.632697 0.0104798 -0.119028 0.149205 -0.388155 0.0462199 0.101076 0.0357259 0.151623 0.247714 0.268662 0.308387 -0.51241 -0.763662 0.230502 -0.192478 0.353641 1.63693 -0.440895 0.629137 2.59769e-05 0.061027 -0.705971 -0.126737 0.171498 0.376572 -0.0220628 0.166817 0.429312 0.541675 -0.0137242 0.372988 0.582844 0.52648 -0.0505212 2.59769e-05 -0.477061 -0.0439552 0.388535 0.284609 0.215695 0.247714 -0.41132 0.262521 -0.00111389 0.269802 -0.00313132 0.298261 -0.862735 -0.337608 -0.192478 -0.0119367 -0.829403 -0.705971 0.0255997 1.03033 0.337988 
0.119981 -0.399176 0.0115063 0.01834 0.128153 0.0770981 -0.199802 0.338087 0.146857 0.0261666 -0.506524 0.435484 0.43245 -0.00967814 0.373952 0.533301 -0.0868751 -0.189851 0.117476 0.279329 0.322212 -0.592205 0.0111257 -0.191366 0.158239 -0.516812 -0.364156 0.916931 -0.189851 -0.126348 0.271931 0.271931 -0.496192 0.428466 -0.733965 -0.128853 0.279329 0.409416 0.276859 0.01834 -0.305017 -0.262841 0.399085 -0.488809 0.0179594 -0.245499 0.81244 -0.0293322 0.233977 -0.317614 -0.198993 -0.0428382 -0.0137418 0.214688 -0.324447 -0.351324 -0.0357853 0.217806 0.0656363 -0.406194 -0.437146 1.17792 0.265097 4.45169e-05 0.292735 0.20937 -0.515297 -0.254308 0.353678 0.306386 -0.898547 -0.853575 -0.788133 -0.553816 -0.370609 -0.000336143 0.0675755 -0.274731 4.45169e-05 0.327006 -0.106305 0.632817 -0.261325 0.159048 -0.0137418 -0.253927 0.0450163 0.534816 -0.320083 -0.0893449 0.261034 0.490979 0.245443 0.0656363 -0.279095 0.545148 0.20937 0.386488 -0.373643 0.358042 
0.0469643 -0.0628498 0.416798 -0.464804 -0.00789056 0.112971 -0.69911 0.34451 0.452564 -0.107661 -0.185717 -0.0980757 -0.0279408 0.792612 0.551314 0.271085 -0.0859164 -0.133658 0.313892 -0.233265 -0.299271 -0.53272 0.892035 0.0812412 -0.498159 0.413867 -0.42276 0.029786 -0.133658 -0.709033 0.514783 0.514783 -0.0955014 0.174735 0.127532 -0.442105 -0.233265 0.126278 -0.0295763 -0.464804 -0.320223 0.918217 0.0360624 0.326767 0.0104334 -0.017417 0.196944 -0.676381 0.0364304 -0.537739 -0.0691566 0.0660325 -0.372207 -0.737484 0.343862 -0.061738 -0.270017 0.709569 -0.303801 0.209961 0.629114 0.261325 1.39638 2.58619e-05 0.614205 -0.0707819 -0.260625 -0.0290864 0.648684 -0.0381303 -0.494564 -0.289022 0.0921127 -0.872531 -0.0163964 0.475263 0.652709 -0.603746 2.58619e-05 -0.547499 0.578169 0.574543 0.243724 0.131795 -0.372207 -0.504324 0.205568 -0.403408 -0.334051 0.117772 0.231565 -0.348611 -0.0726095 -0.303801 0.074167 -0.313192 -0.0707819 -0.181454 0.0537385 -0.0292284 
-0.122261 -0.126584 -0.0653831 -0.135191 -0.0875219 -0.150717 -0.131946 -0.174861 -0.0717493 -0.10779 -0.123681 -0.128558 -0.140954 -0.159219 -0.101569 -0.138643 -0.136962 -0.181151 -0.102347 -0.159335 -0.13088 -0.119631 -0.122076 -0.137316 -0.117125 -0.128366 -0.174884 -0.0809928 -0.181151 -0.140524 -0.171191 -0.171191 -0.116194 -0.0837217 -0.1012 -0.12061 -0.159335 -0.106832 -0.0900669 -0.135191 -0.133717 -0.107673 -0.11432 -0.131829 -0.191883 -0.0984711 -0.0813469 -0.150914 -0.118522 -0.0867665 -0.059708 -0.0289311 -0.0824552 -0.0810159 -0.0169587 -0.0674706 -0.0244133 -0.0604135 -0.0858092 -0.0817474 -0.101406 -0.105137 -0.101383 -0.000475632 -0.134048 -0.0550426 -0.0537164 -0.0778606 -0.106402 -0.0654326 -0.0546737 -0.152179 -0.111709 -0.0827114 -0.0483836 -0.0571682 -0.0859663 -0.058311 -0.000475632 -0.0532608 -0.020204 -0.0491066 -0.033024 -0.0448877 -0.0824552 -0.021168 -0.097981 -0.0639933 -0.0174983 -0.0676942 -0.0246198 -0.067015 -0.0930782 -0.0858092 -0.0577715 -0.056506 -0.0550426 -0.0673691 -0.0607792 -0.106942 
-0.0715619 0.247663 0.416014 -0.172225 0.670303 0.310556 -0.219932 0.523558 -0.0322187 0.270377 0.188455 0.430547 -0.148556 -0.173838 -0.0886944 0.0236439 0.252694 -0.0677126 0.466971 0.0407764 -0.341342 -0.441061 0.664165 0.391301 -0.399204 0.0728943 -0.0296436 0.108788 -0.0677126 -0.430201 0.0587928 0.0587928 0.0925238 0.200412 -0.0543319 0.108332 0.0407764 0.603671 0.0318964 -0.172225 0.204987 0.0557619 0.699602 -0.434547 0.0759252 -0.145956 0.247395 -0.275062 0.414014 -0.438564 -0.00746393 0.382306 -0.607681 -0.444413 0.149675 0.110332 0.0650271 0.296045 -0.10527 0.017529 0.0938308 0.32179 0.647032 0.0001882 0.896796 -0.315187 0.0524695 0.265471 0.190939 -0.160048 -0.280825 -0.405913 -0.044176 -0.162532 0.310445 0.248339 0.618955 -0.820682 0.0001882 -0.140419 0.197382 0.41469 0.035337 -0.186736 -0.607681 0.0173207 -0.124899 0.00321909 -0.447444 0.243814 0.21319 -0.0825563 0.545809 -0.10527 -0.223563 -0.0927122 -0.315187 0.0560509 -0.268658 -0.406181 
0.558167 -0.774896 0.0759825 0.119127 0.0802896 0.22877 0.213325 0.0587428 -0.0506072 -0.155129 -0.271583 -0.497867 -0.601962 0.194754 0.566437 -0.042629 -0.359419 0.266621 0.0290087 -0.0508994 0.278498 0.0731706 -0.125623 -1.124 -0.309691 0.0822547 -0.57647 0.329054 0.266621 0.497083 -0.0742079 -0.0742079 -0.0166806 -0.319569 -0.685006 -0.0320755 -0.0508994 0.0149484 -0.174831 0.119127 -0.265222 0.0905252 -0.239954 0.458979 -0.0824783 -0.0363827 -0.435523 -0.261133 -0.504228 -0.0174942 0.117366 -0.329601 0.141876 -0.306159 -0.0606392 0.548135 -0.102672 -0.296007 0.152583 -0.596599 -0.752565 0.159027 -0.117353 -0.000204443 -0.394586 1.04131 -0.0400537 -0.210081 0.461752 0.283097 -0.210131 0.0415918 -0.00262027 -0.450237 -0.418009 -0.20181 -0.122091 0.311903 -0.000204443 0.184162 -0.154836 0.068858 -0.0317833 -0.40565 0.141876 -0.00847488 0.251518 -0.164937 -0.141426 -0.48335 -0.170231 0.77235 -0.57324 0.152583 0.392689 0.0899645 1.04131 0.00777378 -0.522104 0.380965 
0.426405 0.0556535 -0.0544964 -0.245438 -0.0817203 0.157685 -0.0958717 0.0153451 -0.340441 -0.331769 0.163162 -0.202513 -0.280033 -0.365405 0.0120723 -0.802111 0.242467 0.014478 0.390025 -0.387778 -0.119057 0.080251 0.105804 -0.0439619 -0.0342751 0.104937 0.149211 -0.424633 0.014478 0.291473 -0.49947 -0.49947 0.113211 -0.474506 0.232443 0.255092 -0.387778 0.206009 -0.162664 -0.245438 0.392033 -0.309396 0.255959 -0.0734994 -0.0851374 0.282316 -0.711062 0.233915 -0.431384 -0.325807 -0.454196 -0.268931 -0.199427 -0.290768 -0.134866 0.63198 0.264556 0.0105233 0.21197 -0.21634 -0.174664 -0.566973 -0.308529 -0.000211035 -0.0282614 -0.0413866 0.716762 0.574422 -0.417997 -0.0989444 0.178984 0.382891 0.297227 0.482214 0.179852 0.160089 -0.150689 -0.057087 -0.000211035 -0.0906697 -0.284432 -0.326948 0.302429 -0.392599 -0.199427 0.414122 0.203696 -0.190285 -0.100694 0.467581 -0.142551 -0.175452 0.290791 0.21197 -0.0912595 -0.240236 -0.0413866 -0.461881 0.102331 -0.383824 
0.0556825 0.247038 -0.270518 -0.635151 0.346802 -0.178689 -0.375915 0.201585 -0.478928 -0.150749 -0.150348 0.163077 -0.122247 -0.29846 -0.324947 -0.635506 0.000950366 0.0599801 0.702612 -0.254877 -0.0205053 0.399607 0.327904 0.150329 0.159134 0.186298 0.402147 -0.661994 0.0599801 -0.204822 -0.417359 -0.417359 -0.312875 -0.597827 -0.111046 0.442108 -0.254877 0.421186 -0.0130863 -0.635151 0.260187 -0.194331 0.583713 -0.419498 -0.0367291 -0.175213 -0.512615 0.355092 -0.247458 -0.480196 -0.652416 -0.234462 0.13445 -0.461433 -0.115563 0.419047 0.121302 0.339095 0.0917385 -0.513866 0.147835 -0.28172 -0.0527261 -9.10422e-05 0.209004 -0.187149 0.598686 0.978961 -0.0190564 0.372764 0.0267519 0.617755 -0.0314488 0.241473 0.168357 0.598331 -0.292663 -0.245824 -9.10422e-05 -0.126409 -0.3748 0.103835 0.218057 -0.117368 0.13445 0.380539 0.590912 -0.223118 -0.238406 0.242741 0.380183 -0.306049 0.600825 0.0917385 -0.122982 -0.385646 -0.187149 -0.15667 -0.116967 -0.141899 
-0.0734901 -0.654902 0.28568 -0.168316 0.570777 0.0257192 0.215524 0.400396 0.42608 -0.192962 -0.20758 0.310184 -0.48689 0.511069 0.105746 0.385596 -0.250357 -0.141586 0.447786 0.206361 0.107151 0.463378 0.474493 -0.492819 -0.168925 -0.0674893 0.12826 -0.019727 -0.141586 -0.926809 0.199732 0.199732 -0.753502 0.114743 -0.556159 -0.405533 0.206361 -0.409473 -0.130088 -0.168316 0.133483 0.111746 0.136449 0.520232 0.0204965 -0.690629 -0.262189 -0.828208 -0.0308791 -0.0433992 -0.00456299 0.0992601 0.232068 -0.291862 0.410597 -0.0889731 -0.563025 -0.194977 -0.25991 -0.850343 0.381593 0.354949 0.653728 5.08059e-05 0.163156 0.513367 -0.365049 0.00962732 1.46067 0.611967 -0.148538 0.277514 0.103757 -1.05628 0.393444 0.188863 0.351555 -0.142608 5.08059e-05 -0.0740462 0.0267573 0.812886 -0.185813 -0.389011 0.232068 -0.179185 0.426103 0.0880366 -0.379848 -0.586806 0.374727 0.20203 -0.685549 -0.25991 0.647837 -0.457886 0.513367 -0.0404327 -0.40363 0.670227 
-0.0972557 -0.193939 -0.402733 -0.406097 0.177766 -0.276768 -0.26372 0.170677 0.0869612 -0.196935 -0.766395 0.379661 0.0371567 0.0930981 -0.113233 0.0253704 -0.170778 0.0997525 0.0928852 0.0413473 0.220859 0.621836 -0.0582829 -0.355338 0.32685 -0.129207 0.186721 -0.18096 0.0997525 -0.338902 -0.0776237 -0.0776237 -0.747374 -0.0837606 -0.632061 -0.148761 0.0413473 -0.0588151 -0.178822 -0.406097 -0.0284 -0.145184 -0.0778366 -0.211969 -0.0616468 -0.729261 -0.365521 0.214533 -0.358334 -0.0123071 -0.517979 -0.179665 0.61465 -0.164916 -0.00894317 -0.19316 -0.126554 0.20192 0.125813 -0.65736 -0.0582155 0.266484 -0.0742598 -0.000152807 -0.229005 0.293539 -0.08717 0.360275 0.570794 0.846973 -0.22529 0.518842 -0.595673 -0.490215 -0.154366 0.344298 -0.550048 0.167205 -0.000152807 0.228807 -0.151321 0.179902 -0.103147 0.0725905 0.61465 0.0158241 0.743979 0.0674075 -0.232476 -0.390947 0.447292 0.122817 0.047175 0.125813 0.390738 0.086429 0.293539 -0.0617436 -0.49687 0.34726 
-0.366676 0.289718 0.268533 0.319973 0.202428 -0.243496 0.49366 -0.419993 -0.0468175 0.365516 0.326365 -0.0424024 -0.688284 -0.26413 -0.773523 -0.263371 -0.0926002 0.0794226 -0.310087 0.143477 0.020297 0.856635 -0.134658 0.127077 0.171193 0.364757 0.241365 -0.772764 0.0794226 -0.0931958 -0.490065 -0.490065 0.315318 -0.272753 0.529509 -0.0366067 0.143477 -0.547068 0.0796962 0.319973 0.0810864 -0.0420901 -0.536022 0.0860535 -0.0832179 0.0294984 -0.553087 -0.118796 0.202876 0.400349 0.308852 0.122973 0.100673 -0.111406 0.348909 0.0290505 0.232954 -0.577084 -0.512235 0.0593671 0.119852 -0.949261 -0.541506 -0.000206277 -0.360594 -0.210502 0.179947 0.00344989 -0.200524 -0.236102 1.09253 0.629941 0.5523 0.290786 0.593116 -0.403397 -0.417258 0.27717 -0.000206277 -0.285541 0.175222 -0.49024 -0.226901 -0.0136146 0.100673 0.406641 -0.462797 -0.448181 0.336569 -0.156381 -0.176703 -0.436437 -0.396172 -0.512235 0.28951 -0.459228 -0.210502 -0.21676 -0.0527662 -0.212864 
-0.0949753 0.331822 -0.348857 -0.289246 0.137136 -0.203149 0.0680279 0.00745032 0.0118534 -0.115312 -0.13619 0.0727353 -0.254339 0.261995 -0.385616 -0.369288 0.0530597 0.470754 0.0777569 -0.0786468 0.0295273 1.33367 0.0526671 -0.0266554 0.285736 0.515971 0.725761 -1.0169 0.470754 -0.07203 -0.178364 -0.178364 -0.134987 -0.428505 0.203104 0.100702 -0.0786468 -0.361399 -0.365614 -0.289246 0.410334 0.22533 -0.362602 0.40867 0.112277 -0.38529 -1.09661 0.394779 -0.473788 0.392073 -0.259278 -0.107896 0.710847 -0.298588 0.332463 0.225634 -0.0663552 0.0445277 0.145986 -0.169419 0.480337 -0.806299 -0.237974 0.000278308 -0.387691 0.139211 0.481843 0.692443 0.323518 0.60602 0.727931 1.5246 0.304169 0.146312 0.264627 0.401802 -0.531658 0.500247 0.000278308 -0.0449385 -0.0248115 -0.403808 0.191202 -0.0415694 0.710847 0.290919 0.796944 -0.403415 0.105105 -0.233908 0.210878 -0.301148 -0.10519 0.145986 0.727605 -0.402213 0.139211 -0.380863 -0.0624475 0.0961607 
0.248266 -0.267649 0.404615 0.180953 -0.108257 0.0900099 0.58698 -0.26293 -0.194552 -0.220217 0.986407 -0.716608 -0.534894 0.200252 0.095958 -0.324295 -0.160545 -0.213399 0.497657 -0.171987 -0.0137312 0.0603745 0.254797 -0.0231146 -0.264286 0.304329 0.186608 -0.428588 -0.213399 -0.0236262 -0.121172 -0.121172 0.335846 -0.515975 0.651249 0.225765 -0.171987 -0.474328 0.182573 0.180953 0.245482 0.152021 0.176233 0.959219 0.0311359 0.738636 -0.291158 -0.627121 0.0243169 -0.0604166 0.386442 -0.158179 -0.255101 0.0209501 0.163245 0.606062 -0.253642 -0.555767 -0.314527 -0.0670167 0.552028 -0.781529 0.10249 7.71781e-05 -0.0666262 0.0543276 0.355508 0.00256773 0.10909 -0.549167 0.609619 0.263497 1.30783 0.32815 0.560087 -0.14974 0.540033 0.0978392 7.71781e-05 -0.51765 -0.242782 0.142226 0.2032 -0.464824 -0.255101 0.152385 -0.346044 -0.273116 0.294143 0.194015 -0.352863 -0.267096 -0.724883 -0.314527 -0.0330591 -0.923677 0.0543276 -0.129666 0.741801 0.239988 
-0.195998 0.431048 -0.575509 0.00768326 -0.159456 -0.156896 0.256983 -0.421902 -0.849802 -0.013857 0.69508 -0.437635 0.263451 -0.704176 -0.477099 -0.538424 0.0576903 0.00868445 -0.00392599 -0.257323 -0.296425 -0.153821 -0.610195 0.395361 -0.0818386 -0.179609 0.436882 -0.311347 0.00868445 0.63066 -0.308104 -0.308104 0.481468 -0.45373 0.264295 0.822731 -0.257323 0.178533 -0.0886468 0.00768326 0.30699 -0.46071 0.392145 -0.18987 -0.0270032 0.406678 0.0263235 0.58024 -0.0495447 0.226156 0.219347 0.0390351 -0.0779524 0.547437 -0.357036 0.296768 0.0317345 -0.284053 0.418546 0.414953 -0.0325122 -0.576353 -0.891296 -6.69343e-05 -0.214124 -0.422431 0.511354 0.246348 -1.08009 -0.472851 0.318963 0.0764987 0.299009 1.30232 -0.111623 -0.0347534 0.0190808 0.187053 -6.69343e-05 0.188227 -0.606336 -0.515346 0.230252 -0.119474 -0.0779524 0.281034 -0.242531 0.152539 0.394831 0.226366 -0.265073 -0.0263594 0.393119 0.418546 -0.564814 -0.0610731 -0.422431 0.311311 0.589463 -0.328226 
-0.0812236 -0.125196 0.651263 0.195146 0.310825 0.12461 0.480229 0.0888519 0.374773 -0.158939 0.360515 0.633029 -0.578582 -0.389844 -0.51117 -0.270559 0.413571 -0.54966 0.303604 0.159388 -0.0464465 0.415532 0.360287 0.328634 0.242514 -0.278224 0.478213 -0.391886 -0.54966 -0.855667 -0.525776 -0.525776 -0.378398 0.238841 0.500325 -0.47084 0.159388 -0.571241 0.0890567 0.195146 0.698653 -0.708171 0.167671 -0.069003 -0.0958295 -0.130402 -0.476822 -0.602466 0.294891 -0.114588 -0.268045 0.205596 -0.356181 -0.00252424 0.341529 -0.114468 0.144627 -0.576296 -0.52689 -0.519384 0.319702 -0.427644 -0.0696595 -0.000237537 0.224355 -0.424701 0.174492 0.138734 0.335137 -0.171499 0.586794 0.160315 0.496447 -0.146121 1.22531 -0.291213 0.115249 -0.320422 -0.000237537 -0.271673 0.0564461 0.128874 -0.255455 -0.50576 -0.356181 0.429709 -0.426716 0.182157 -0.184919 0.34324 -0.035996 -0.560633 -0.282281 -0.52689 0.206026 -0.556755 -0.424701 -0.64557 0.0136941 -0.191311 
-0.246289 0.17426 -0.561444 -0.863218 0.0104203 -0.320693 -0.705847 0.0932852 -0.310276 -0.318452 -0.257032 -0.15605 0.272667 0.181535 -0.0390176 -0.241969 -0.199004 -0.0252206 0.402851 -0.44924 -0.374837 -0.0647045 0.223557 0.121264 -0.253148 0.105051 0.200843 -0.462521 -0.0252206 -0.417275 0.129055 0.129055 -0.361407 -0.362756 -0.240234 0.231865 -0.44924 0.245996 -0.297045 -0.863218 -0.0416329 0.312322 0.350371 -0.0750719 -0.0782166 -0.339999 -0.142254 0.118392 -0.371448 -0.323891 -0.367788 -0.0745973 0.16449 -0.354963 -0.0221174 0.0418695 -0.364836 0.627436 0.240558 -0.0324467 0.538386 -0.0485433 0.430828 -0.00019388 0.171077 -0.199674 0.163558 0.577536 0.139384 0.335992 -0.400891 0.306319 -0.204552 -0.0604236 -0.282385 0.784807 0.121741 -0.249487 -0.00019388 -0.130465 -0.179488 0.239099 0.37083 0.0849111 0.16449 -0.207465 0.707016 -0.183461 -0.171696 -0.0468089 0.413784 -0.252154 0.367685 0.240558 -0.099909 -0.287836 -0.199674 0.0681135 0.146332 -0.0101941 
-0.272298 -0.240354 0.0512821 -0.171211 0.316719 0.37375 0.202686 0.207511 -0.148801 -0.285166 0.882781 -0.381621 -0.134867 0.0461037 0.162901 0.0977504 0.10159 -0.331317 0.298483 -0.33745 -0.983498 -0.915172 0.202015 0.0704856 -1.25566 -0.336813 0.0812594 0.214548 -0.331317 -0.442508 0.414723 0.414723 0.198045 0.219818 -0.131895 0.128273 -0.33745 -0.017635 -0.620375 -0.171211 0.475487 0.0983869 0.667102 0.586239 -0.0204773 -0.137164 0.183444 -0.880907 0.0256736 0.0548859 0.690169 0.645998 -0.757401 0.0882963 0.277379 0.153882 -0.809148 -0.223214 0.322417 0.361084 0.510964 0.0483095 0.637215 -5.07583e-05 0.570634 -0.0910137 -0.118279 -0.284517 0.331017 -0.529413 -0.38581 -0.598199 0.514163 0.0223518 0.153019 0.150683 1.54597 -0.591163 -5.07583e-05 0.00544502 -0.0965182 0.416711 0.316921 -0.768175 -0.757401 -0.435251 -0.21244 0.316285 -0.228039 -0.181336 -0.16629 0.277605 -0.289795 0.322417 -0.0857444 -0.368452 -0.0910137 0.246501 0.399773 -0.174401 
0.0715619 -0.247663 -0.416014 0.172225 -0.670303 -0.310556 0.219932 -0.523558 0.0322187 -0.270377 -0.188455 -0.430547 0.148556 0.173838 0.0886944 -0.0236439 -0.252694 0.0677126 -0.466971 -0.0407764 0.341342 0.441061 -0.664165 -0.391301 0.399204 -0.0728943 0.0296436 -0.108788 0.0677126 0.430201 -0.0587928 -0.0587928 -0.0925238 -0.200412 0.0543319 -0.108332 -0.0407764 -0.603671 -0.0318964 0.172225 -0.204987 -0.0557619 -0.699602 0.434547 -0.0759252 0.145956 -0.247395 0.275062 -0.414014 0.438564 0.00746393 -0.382306 0.607681 0.444413 -0.149675 -0.110332 -0.0650271 -0.296045 0.10527 -0.017529 -0.0938308 -0.32179 -0.647032 -0.0001882 -0.896796 0.315187 -0.0524695 -0.265471 -0.190939 0.160048 0.280825 0.405913 0.044176 0.162532 -0.310445 -0.248339 -0.618955 0.820682 -0.0001882 0.140419 -0.197382 -0.41469 -0.035337 0.186736 0.607681 -0.0173207 0.124899 -0.00321909 0.447444 -0.243814 -0.21319 0.0825563 -0.545809 0.10527 0.223563 0.0927122 0.315187 -0.0560509 0.268658 0.406181 
-0.122261 -0.126584 -0.0653831 -0.135191 -0.0875219 -0.150717 -0.131946 -0.174861 -0.0717493 -0.10779 -0.123681 -0.128558 -0.140954 -0.159219 -0.101569 -0.138643 -0.136962 -0.181151 -0.102347 -0.159335 -0.13088 -0.119631 -0.122076 -0.137316 -0.117125 -0.128366 -0.174884 -0.0809928 -0.181151 -0.140524 -0.171191 -0.171191 -0.116194 -0.0837217 -0.1012 -0.12061 -0.159335 -0.106832 -0.0900669 -0.135191 -0.133717 -0.107673 -0.11432 -0.131829 -0.191883 -0.0984711 -0.0813469 -0.150914 -0.118522 -0.0867665 -0.059708 -0.0289311 -0.0824552 -0.0810159 -0.0169587 -0.0674706 -0.0244133 -0.0604135 -0.0858092 -0.0817474 -0.101406 -0.105137 -0.101383 -0.000475632 -0.134048 -0.0550426 -0.0537164 -0.0778606 -0.106402 -0.0654326 -0.0546737 -0.152179 -0.111709 -0.0827114 -0.0483836 -0.0571682 -0.0859663 -0.058311 -0.000475632 -0.0532608 -0.020204 -0.0491066 -0.033024 -0.0448877 -0.0824552 -0.021168 -0.097981 -0.0639933 -0.0174983 -0.0676942 -0.0246198 -0.067015 -0.0930782 -0.0858092 -0.0577715 -0.056506 -0.0550426 -0.0673691 -0.0607792 -0.106942 
-0.147031 -0.14759 -0.478421 0.0481281 0.0910551 0.115188 0.16557 0.055184 -0.0906829 -0.167622 -0.185397 0.223566 0.153669 -0.460304 -0.130292 0.00486339 0.209395 0.0349946 -0.366384 -0.0118756 -0.274094 -0.0701731 -0.6126 -0.268635 -0.179887 -0.632789 0.125598 0.334876 0.0349946 0.223772 -0.0693119 -0.0693119 -0.181793 0.300309 -0.599624 0.00441873 -0.0118756 0.0282118 -0.550885 0.0481281 0.326837 -0.61605 0.0246081 -0.282858 -0.0860509 -0.565057 -0.143154 0.257976 -0.288667 0.397562 0.0265629 0.262005 0.0753397 0.40529 -0.128987 -0.185335 -0.134394 -0.251834 0.593395 -0.070847 -0.525446 0.274872 -0.595861 -0.000213299 -0.221608 0.182371 -0.0911276 -0.151131 -0.127452 0.216575 -0.286961 -0.144348 -0.576389 0.15863 -0.266772 -0.134392 -0.027423 0.135343 -0.000213299 0.66757 -0.246429 -0.27547 -0.0743886 -0.318894 0.0753397 -0.0169523 0.142399 0.546525 -0.141448 -0.329615 -0.060217 0.573363 0.122419 0.593395 0.147804 0.550128 0.182371 0.095333 -0.336669 -0.139913 
-0.197254 0.303132 0.496738 0.06393 -0.125729 0.115839 -0.512387 0.0012069 0.738786 0.297053 -0.532249 0.21054 -0.339117 0.261285 0.0188522 0.165405 0.223545 0.113661 -0.806439 -0.0507019 -0.363795 -0.0558156 0.280479 0.0371419 -0.256089 0.392934 -0.62094 -0.0770286 0.113661 -0.282307 0.0637778 0.0637778 0.310058 0.541278 0.349281 -0.891492 -0.0507019 -0.161639 -0.28203 0.06393 -0.352773 0.60904 -1.00395 -0.2004 -0.152329 -0.269025 -0.263431 -0.289233 0.0310629 0.0774152 0.0514741 0.312716 -0.35031 -0.699176 0.510223 -0.425817 0.359833 0.359681 -0.381277 0.633871 -0.125561 -0.191661 0.496586 -0.000377585 0.0829717 -0.189848 -0.318111 -0.432743 -0.0598695 -0.196774 0.140581 -0.157442 -0.334742 -0.669154 0.0281265 -0.216636 -0.162607 -0.235678 -0.000377585 -0.27965 1.08654 -0.488706 -0.102004 0.307772 -0.35031 -0.216484 -0.298401 -0.54564 -0.153913 -0.00778369 -0.11501 -0.387356 -0.0539331 -0.381277 0.428458 0.296667 -0.189848 -0.573759 -0.52153 -0.724006 
-0.124737 -0.602025 0.134716 -0.325611 0.360897 -0.319983 -0.0248104 0.0865365 -0.257931 -0.120821 0.0426918 -0.044092 -0.0856122 0.0983004 0.0313221 0.236967 -0.625899 -0.538898 0.825372 0.0809078 0.276153 -0.332105 0.365947 -0.157506 -0.0297633 -0.259488 -0.0994952 0.169989 -0.538898 -0.786793 0.0616796 0.0616796 -0.702627 -0.294552 -0.527405 0.163317 0.0809078 0.0434325 0.518943 -0.325611 -0.325098 -0.103428 0.788752 -0.00741781 -0.0943799 -0.0628641 0.638382 -0.68619 0.323698 -0.619185 -0.0704793 -0.195479 -0.0174211 -0.0160427 -0.158858 -0.0256649 -0.457094 -0.0698034 -0.454932 -0.852484 0.335975 0.576508 0.522007 -0.000233944 0.329326 0.0628924 -0.331581 0.074938 0.755305 0.163495 -0.495834 -0.507393 0.0793125 -0.549118 0.1296 0.230998 0.379668 -0.42394 -0.000233944 -0.279645 -0.459659 1.15672 -0.175522 -0.0754322 -0.0174211 -0.156293 -0.0117923 0.164874 -0.18115 -0.187864 0.406285 0.0262717 -0.262484 -0.454932 -0.401648 -0.580445 0.0628924 0.494664 0.0880802 0.733013 
0.124434 -0.0171253 -0.345422 -0.473504 -0.418102 0.0156815 -0.425804 -0.0929551 -0.171789 -0.499473 0.0564782 -0.52164 0.114881 0.114589 0.298002 -0.408573 0.0425129 -0.0707228 0.0902637 -0.582141 -0.473388 -0.384061 0.0014569 -0.0730275 -0.446557 0.0236893 -0.0520931 -0.22516 -0.0707228 0.0790202 0.0469431 0.0469431 0.0646799 -0.239435 0.103255 0.0448501 -0.582141 0.0308194 -0.446622 -0.473504 0.0902134 0.197257 0.0226177 0.270926 -0.126625 0.11753 -0.3407 -0.00278502 -0.555375 -0.169502 -0.169567 -0.109066 -0.169386 -0.184298 -0.0414202 0.254802 -0.221582 0.298865 0.36079 0.265079 0.215887 -0.333797 0.175025 -0.000313872 -0.0661891 -0.0539113 0.281634 0.172997 -0.259556 -0.135717 -0.248658 0.0714552 0.124124 0.180318 -0.27089 0.346565 0.263716 -0.0607497 -0.000313872 -0.0947259 -0.0891206 -0.191684 0.455202 -0.190321 -0.169386 -0.173882 0.319799 -0.150628 -0.0339837 0.178031 -0.10895 -0.121557 0.0576508 0.36079 -0.0681862 -0.142426 -0.0539113 -0.237098 0.36563 -0.25212 
-0.425401 0.426315 -0.22088 -0.175663 -0.489867 -0.726076 -0.680887 -0.475109 0.0202557 0.387628 -0.660261 -0.0801347 0.509457 0.248519 -0.202328 0.298378 -0.509245 0.0107152 -0.480889 0.0753046 0.37598 0.0287493 -0.148055 0.312762 0.592811 0.337769 -0.391232 -0.152469 0.0107152 -0.0678617 0.120235 0.120235 -0.0414832 -0.108028 0.190078 -0.123349 0.0753046 0.00960487 0.574749 -0.175663 -1.01447 0.560842 -0.609173 -0.507672 -0.102839 0.145638 0.669538 0.399937 0.274074 -0.127429 -0.145491 -0.30093 0.424214 -0.0685918 -0.172646 -0.618303 0.281896 0.577794 -0.505451 0.398422 0.158895 0.0984989 0.0750184 -0.000254911 -0.27634 -0.415855 -0.401472 -0.150504 -0.450832 0.0519436 -0.0234492 -0.149394 -0.531977 -0.157486 -0.509273 0.0725696 -0.809458 0.173246 -0.000254911 -0.327308 0.332579 -0.079672 -0.178398 1.12821 0.424214 -0.223329 -0.1262 -0.440862 0.372015 -0.00980137 0.250713 -0.544139 0.226436 -0.505451 -0.371415 0.177916 -0.415855 0.277868 0.0803184 0.0938291 
-0.299161 -0.0562782 -0.632036 -0.217488 -0.24178 -0.64693 -0.0601113 -0.337317 -0.106268 -0.0893566 -0.501965 -0.0649566 0.306343 0.240784 -0.248325 0.14296 -0.49421 0.113215 -0.154384 0.0921244 0.439894 0.760418 -0.442065 -0.19701 0.592613 0.00846727 0.28258 -0.346149 0.113215 -0.0660939 0.0233189 0.0233189 -0.51861 -0.323733 -0.289157 0.0786832 0.0921244 -0.388494 0.117681 -0.217488 -0.336834 0.0593031 -0.371849 0.0885484 -0.0275169 -0.311573 -0.0489482 0.396238 -0.230088 0.284176 -0.190756 -0.347837 0.941557 0.273748 -0.130372 -0.323265 -0.208281 0.0325262 -0.014962 -0.315055 0.228668 -0.0365363 -0.391229 -6.82075e-05 -0.65953 0.169425 -0.170545 0.139067 0.208002 0.631757 0.128592 0.640776 -0.2845 -0.0782098 -0.32194 0.189903 -0.76093 0.631945 -6.82075e-05 0.104679 -0.287749 0.0160933 -0.119709 0.461968 0.941557 -0.050904 0.512116 -0.0360524 0.309732 -0.468654 0.309544 -0.0480404 -0.235775 -0.014962 0.19184 -0.0526978 0.169425 0.24916 0.0493595 0.648106 
0.17971 -0.0538052 0.225543 0.0928757 0.24886 -0.00871306 0.197986 -0.0665606 -0.240401 0.0599141 -0.0169976 0.190568 -0.535868 -0.639213 -0.387498 -0.532181 0.0629919 -0.0959502 0.197414 0.0350282 0.223452 0.344681 -0.0177288 -0.108251 0.295157 -0.0471185 0.0264197 -0.280466 -0.0959502 0.0719291 -0.717605 -0.717605 -0.0676625 -0.318793 0.0279883 0.0896325 0.0350282 0.0683571 0.193892 0.0928757 0.168103 -0.614327 0.119022 -0.476255 -0.150396 0.0663152 -0.451709 0.0857865 0.00546835 -0.243072 -0.344337 -0.188796 -0.112496 -0.187486 -0.110405 0.309707 0.461725 -0.348755 -0.234629 -0.563166 -0.491957 -0.338313 -0.584938 -0.000372794 -0.0961204 -0.0425179 0.381412 0.323564 -0.264843 -0.0286605 0.372969 0.159257 0.061394 0.219185 0.402358 -0.243644 -0.500371 -0.0546483 -0.000372794 -0.0492046 -0.215515 -0.184371 -0.185797 -0.247166 -0.112496 0.566836 -0.214085 -0.10365 -0.0842082 0.221855 -0.0582203 -0.120909 0.140062 -0.234629 -0.0808448 -0.154315 -0.0425179 -0.292152 -0.324078 -0.238646 
0.149439 -0.0844802 -0.682773 -0.744411 -0.152814 -0.11037 -0.557578 0.252582 -0.0130784 -0.588618 -0.586236 -0.0134205 0.292991 0.366906 0.286338 -0.24456 0.00869751 0.210181 0.285496 -0.381458 -0.121649 0.357406 0.0652497 -0.291049 -0.00258217 0.022848 0.309512 -0.325127 0.210181 -0.119358 0.140511 0.140511 -0.5665 -0.239474 -0.427606 0.0166991 -0.381458 0.0788368 -0.535378 -0.744411 0.19553 0.159747 0.0591008 0.190787 0.00361174 -0.51326 -0.624874 0.362661 -0.795187 -0.0950426 -0.627838 -0.2598 0.527719 -0.268198 -0.0334046 0.129113 -0.323723 0.561198 0.572412 -0.310534 0.259078 0.0378247 0.202149 8.95262e-06 -0.161146 0.29467 0.24818 0.611132 0.41764 0.776689 -0.419274 0.742476 -0.35984 -0.227186 -0.376872 0.748031 -0.200366 0.164766 8.95262e-06 0.187342 -0.220238 0.0373249 0.385079 -0.0728425 0.527719 -0.13689 1.16176 -0.0192273 -0.248962 -0.145222 0.362961 0.0682744 0.197904 0.572412 0.380324 0.000508705 0.29467 -0.231472 -0.0704605 0.202082 
-0.0634837 -0.424843 -0.324994 0.11191 -0.220095 0.113132 0.355747 0.0560347 0.137678 -0.584499 0.113183 0.454381 0.532557 -0.438332 -0.00303155 0.115265 0.392133 -0.580625 3.73244e-05 0.0548125 -0.121803 -0.372694 -0.501436 0.0912499 0.157198 -1.1381 0.458305 0.550565 -0.580625 -0.265892 -0.00408034 -0.00408034 -0.646746 0.57193 -0.285905 -0.202371 0.0548125 -0.32564 -0.245022 0.11191 0.63597 -1.07764 0.434289 -0.137398 -0.0645325 -0.307269 0.249682 -0.0439881 -0.0684061 0.179107 -0.223112 0.176456 -0.054606 0.952836 -0.257796 -0.458958 -0.304449 -0.420439 0.437966 -0.307293 -0.038713 0.493468 -0.440984 -0.00015996 -0.0671839 -0.155942 -0.179957 -0.237055 0.0454167 0.0659611 -0.438816 -0.492039 -0.321069 0.133728 0.197844 -0.176602 0.294203 0.0024914 -0.00015996 0.557311 -0.501633 0.179834 -0.119505 -0.421662 -0.054606 -0.0606121 -0.0533839 1.0734 -0.120727 0.0922987 -0.0572574 0.27831 -0.0466395 0.437966 -0.134578 0.313474 -0.155942 -0.0225734 0.276021 0.182486 
-0.324166 0.0110767 -0.294686 0.0534181 -0.507068 -0.520879 0.0716626 -0.682855 -0.264979 -0.000211522 0.140749 -0.573176 0.128232 -0.0115329 -0.236661 -0.021053 -0.460395 -0.167689 -0.349616 -0.108558 0.0881544 0.0189507 -0.505858 0.0210119 0.148638 0.00930859 -0.0790253 -0.246181 -0.167689 0.132284 -0.0702485 -0.0702485 0.112569 -0.323695 0.241704 0.106834 -0.108558 -0.436512 0.206436 0.0534181 -0.442151 0.0968136 -0.408332 0.168688 -0.157754 0.319217 0.235226 0.0307918 0.00972365 0.209716 0.267514 -0.197103 0.244453 0.357648 -0.138388 -0.197575 -0.106141 -0.229807 -0.226584 0.260558 0.185477 -0.408158 -0.418353 -0.000391032 -0.564573 -0.179156 -0.137092 -0.299068 -0.469194 -0.280649 0.299209 -0.0302448 0.199464 0.329294 -0.215958 -0.211563 -0.296848 0.406429 -0.000391032 -0.177388 -0.156632 -0.212916 -0.0495866 0.34449 0.244453 -0.0878961 -0.329844 -0.167453 0.52471 -0.145401 -0.162367 -0.237872 -0.376028 -0.226584 -0.25667 -0.195633 -0.179156 0.243535 0.48545 0.193904 
0.77944 0.00225405 0.388759 -0.0210233 -0.804191 0.286806 -0.378202 0.0377017 0.311642 -0.541827 -0.025758 0.155752 0.322293 -0.150327 0.510686 -0.538882 0.617872 -0.46824 0.312586 -0.270128 0.222506 -0.531828 0.35267 0.413382 0.553572 -0.153272 -0.0832249 0.122131 -0.46824 0.0979585 -0.325867 -0.325867 -0.0797074 0.136102 0.838026 -0.368896 -0.270128 0.0830966 0.361935 -0.0210233 0.260693 -0.422026 0.137046 -0.258401 -0.0571123 0.824054 -0.0823595 0.17992 -0.130699 -0.727018 -0.918655 -0.492776 -0.483488 0.0012039 -0.317236 0.150562 0.625791 0.320948 -0.102095 -0.0173961 -0.0370112 -0.126974 0.0839154 -0.000141567 0.17713 -0.470636 0.481628 0.232524 -0.625706 -0.388674 -0.143295 -0.318813 0.149782 0.211274 0.362646 -0.0362306 -0.199698 -0.234384 -0.000141567 -0.31511 0.0399425 -0.169184 0.212874 0.0131184 -0.483488 0.268613 -0.175659 0.0960179 -0.0949556 1.24993 -0.249246 -0.646176 0.414162 -0.102095 -0.456664 0.0420685 -0.470636 -0.850665 0.529187 -0.403426 
-0.492984 0.0648009 -0.281405 -0.524904 0.341001 -0.487091 -0.411989 0.0113795 -0.210236 0.0732303 -0.437191 0.237032 0.0168323 -0.0922731 -0.438588 0.0279614 -0.378479 -0.135649 0.21024 -0.0264343 -0.0323277 0.199726 0.100024 0.0569746 0.0762838 -0.0470042 0.0780521 -0.318354 -0.135649 -0.636819 -0.0890794 -0.0890794 -0.542281 -0.207043 -0.444689 0.0664056 -0.0264343 0.108344 0.0595106 -0.524904 -0.265563 0.00739148 0.213434 -0.477827 -0.143475 -0.556 0.1171 -0.0297371 0.065404 -0.241155 -0.257928 0.00553774 0.251422 -0.251681 0.00234406 -0.280404 -0.167667 0.268158 -0.206041 -0.379274 0.221092 0.180116 0.15442 -0.000355639 0.103218 -0.200805 -0.171792 0.326678 0.292538 0.406276 -0.206906 0.0826848 -0.440385 -0.323453 -0.0598779 0.381074 -0.227941 -0.247049 -0.000355639 -0.0890003 -0.110572 0.381677 -0.117396 0.230344 0.251422 -0.0547513 0.289235 -0.0968266 -0.15521 -0.292534 0.498114 -0.197612 0.216956 -0.206041 -0.0894942 -0.201916 -0.200805 0.237842 -0.280077 0.134984 
0.137669 -0.537162 -0.215727 0.183639 0.422101 0.284351 0.362571 0.12949 -0.366738 0.0552047 -0.00409422 -0.288371 -0.327663 -0.291702 0.212359 0.103468 -0.220763 0.247365 -0.117673 0.0287784 -0.117904 -0.299482 -0.45784 -0.843001 -0.623018 -0.339965 -0.384656 0.607529 0.247365 0.563461 0.0162156 0.0162156 0.122813 -0.0588208 -0.996058 0.308119 0.0287784 0.317152 -0.397317 0.183639 -0.0418311 -0.265276 0.190245 0.0420906 -0.058474 -0.329708 -0.0147094 -0.0965136 -0.250634 0.237986 0.463687 0.146537 -0.0635573 0.0933821 -0.16138 0.343027 -0.253766 -0.42119 0.499933 -0.307611 -0.897297 0.452668 -0.383151 -0.000144943 -0.149923 0.784382 -0.162087 -0.316948 0.162447 0.124407 -0.424034 -0.386735 -0.312012 -0.0421338 -0.541909 -0.242258 0.25856 0.0913036 -0.000144943 0.587186 -0.340312 0.0442692 -0.0873974 -0.521902 -0.0635573 -0.0748346 0.0371546 0.281346 -0.188109 -0.646858 -0.155006 1.0923 -0.187962 0.499933 0.118033 0.408254 0.784382 0.470062 -0.581201 0.135718 
-0.0953276 0.708626 -0.2724 -0.410007 0.277292 0.00806898 -0.699175 0.293839 -0.371337 0.266404 -0.37036 0.500024 0.37549 -0.591809 -0.307673 -0.336582 0.332273 0.173626 0.11207 -0.124237 -0.227634 -0.282603 0.131389 0.528782 0.0965701 0.0111765 0.0288173 -0.0524454 0.173626 0.157706 -0.218563 -0.218563 0.0986528 0.0019087 -0.130234 0.365104 -0.124237 0.954329 -0.0168371 -0.410007 0.0431044 -0.201169 0.485317 -1.16675 -0.00621812 -0.184588 0.144064 0.767679 0.0865594 -0.407472 -0.520879 0.103381 -0.225099 -0.317467 -0.269865 0.00614487 0.501498 0.692942 0.280453 0.210511 -0.345978 0.233324 -0.080956 -1.54132e-05 0.504635 -0.535016 0.330349 0.616118 -0.69894 0.074958 -0.357577 -0.164585 -0.743606 0.403538 -0.237364 0.403773 -0.282648 -0.510869 -1.54132e-05 0.162434 0.0193033 -0.218294 0.118003 0.274866 -0.225099 0.21233 0.192977 -0.01741 -0.300072 0.439673 0.285754 -0.161769 1.27853 0.280453 -0.480661 0.451603 -0.535016 0.03474 -0.361898 -0.729147 
0.0996643 -0.038131 -0.75846 -0.290185 -0.239525 0.281586 -0.128288 0.13709 -0.190723 -0.559304 -0.00523743 -0.169515 0.409504 -0.186496 0.269279 -0.265067 0.38887 0.145423 -0.173773 -0.434681 -0.616603 -0.334603 -0.489067 -0.204346 -0.509318 -0.480734 0.248389 0.190708 0.145423 0.443316 0.148822 0.148822 -0.000919306 0.144596 -0.395168 0.169879 -0.434681 0.165864 -0.907441 -0.290185 0.550767 -0.311119 0.161545 0.119897 -0.0207923 -0.349056 -0.402508 0.406104 -0.725519 0.314826 -0.0832965 0.18187 -0.0115914 0.302008 -0.153449 0.136938 -0.331563 0.107444 1.03999 0.27598 -0.208153 0.0462124 -0.319452 -5.15391e-05 -0.153749 0.183502 0.244223 0.0997266 -0.280606 0.146291 -0.480945 0.0792858 -0.340556 0.421659 -0.489278 0.269341 0.322259 0.132905 -5.15391e-05 0.626105 -0.315346 -0.418047 0.413837 -0.464327 -0.0115914 -0.169666 0.56018 0.45989 -0.157934 -0.0838895 -0.144548 0.518821 0.273148 1.03999 0.13739 0.464208 0.183502 -0.0743956 0.0897402 -0.285091 
-0.0710138 -0.179461 0.0855816 0.0221048 0.122358 0.194985 0.108389 0.138998 0.612262 -0.179931 -0.373953 0.225718 -0.542231 0.25355 -0.0271452 0.00998636 0.23858 0.216161 -0.479934 -0.0338822 -0.299881 0.675853 -0.0135302 -0.472629 -0.256287 0.0636325 0.0528714 -0.270709 0.216161 -0.28054 -0.0331385 -0.0331385 -0.167069 0.325573 -0.129954 -0.689459 -0.0338822 -0.559738 -0.739098 0.0221048 0.324864 0.107501 -0.766622 0.395821 -0.077007 -0.726236 -0.981918 -0.292932 -0.473099 0.48902 0.00620827 0.265808 0.167034 -0.356836 0.552497 -0.130779 -0.130343 -0.185587 0.109213 -0.0796061 -0.0557885 -0.326696 0.0303384 -0.000190881 -0.300219 0.395432 -0.0871843 -0.143171 0.598964 0.383039 0.292623 0.632728 -0.0872646 -0.589878 0.21546 -0.0993027 -0.114079 0.223021 -0.000190881 0.152338 0.466213 -0.39294 -0.0433158 -0.358467 0.167034 -0.0440594 0.339914 -0.14083 -0.216196 -0.466636 -0.0561778 0.108743 -0.516144 0.109213 0.991713 0.0660536 0.395432 -0.602466 -0.552489 -0.169729 
0.122457 0.0762641 -0.188592 0.20876 -0.320266 0.246364 -0.306937 0.0766899 0.333039 0.0391974 -0.672897 0.351018 0.377108 -0.267197 0.241062 0.157691 0.402061 0.167896 -0.810244 0.0390863 -0.0848207 -0.379731 -0.476897 -0.171177 0.0708765 -0.385691 -0.439544 0.665949 0.167896 0.519921 0.0390602 0.0390602 0.0902411 0.639296 -0.30776 -0.41278 0.0390863 0.259151 -0.33215 0.20876 -0.113636 -0.267086 -0.503987 -0.613221 -0.0795442 -0.281106 0.0927116 0.505944 -0.208243 0.214805 -0.188222 0.12371 -0.0787759 0.149715 -0.182548 -0.393129 0.396896 0.227196 0.434759 0.364543 -0.874527 0.496275 -0.358293 -0.00019717 -0.17064 0.0914351 -0.237432 -0.407106 -0.50803 0.0774582 -0.457386 -0.498361 -0.979154 -0.0874087 -0.548593 -0.288502 -0.398059 0.0908983 -0.00019717 0.55339 0.33315 -0.573009 -0.118828 0.189592 -0.0787759 -0.118802 -0.0411723 0.305949 -0.156431 0.0308248 -0.169871 0.397693 0.414849 0.434759 0.0647819 1.06909 0.0914351 -0.175545 -0.522502 -0.481914 
0.558167 -0.774896 0.0759825 0.119127 0.0802896 0.22877 0.213325 0.0587428 -0.0506072 -0.155129 -0.271583 -0.497867 -0.601962 0.194754 0.566437 -0.042629 -0.359419 0.266621 0.0290087 -0.0508994 0.278498 0.0731706 -0.125623 -1.124 -0.309691 0.0822547 -0.57647 0.329054 0.266621 0.497083 -0.0742079 -0.0742079 -0.0166806 -0.319569 -0.685006 -0.0320755 -0.0508994 0.0149484 -0.174831 0.119127 -0.265222 0.0905252 -0.239954 0.458979 -0.0824783 -0.0363827 -0.435523 -0.261133 -0.504228 -0.0174942 0.117366 -0.329601 0.141876 -0.306159 -0.0606392 0.548135 -0.102672 -0.296007 0.152583 -0.596599 -0.752565 0.159027 -0.117353 -0.000204443 -0.394586 1.04131 -0.0400537 -0.210081 0.461752 0.283097 -0.210131 0.0415918 -0.00262027 -0.450237 -0.418009 -0.20181 -0.122091 0.311903 -0.000204443 0.184162 -0.154836 0.068858 -0.0317833 -0.40565 0.141876 -0.00847488 0.251518 -0.164937 -0.141426 -0.48335 -0.170231 0.77235 -0.57324 0.152583 0.392689 0.0899645 1.04131 0.00777378 -0.522104 0.380965 
-0.830688 0.0506235 -0.539724 -0.136272 0.594311 -0.632508 0.137867 -0.351561 -0.995653 0.613968 0.27603 -0.510028 0.0789844 -0.262442 -0.585109 0.390253 -0.993414 0.0709282 0.0650005 0.144675 -0.053505 -0.263655 -0.461215 -0.0780688 -0.414411 -0.0387265 -0.14453 0.0675855 0.0709282 0.0420574 0.187814 0.187814 0.130582 -0.545397 -0.809272 0.937745 0.144675 0.369809 0.287096 -0.136272 -0.719274 0.206852 0.515256 -0.269249 -0.0577641 -0.19629 0.982931 -0.0379016 0.485276 0.151232 0.852739 0.198037 0.233999 0.274616 -0.252219 -0.0872543 -0.519861 -0.195775 -0.0929273 0.0152548 -0.00860682 0.348533 -0.215637 -0.000143183 -0.0109595 0.0201615 -0.44816 -0.167213 -0.07966 -0.0597975 -0.204001 -0.466094 -0.174226 0.295892 -0.62649 0.0783651 0.227811 -0.0469478 -0.000143183 0.109511 -0.526359 0.513018 -0.202582 0.300461 0.233999 -0.245721 -0.262236 -0.0191808 0.293653 -0.850992 0.280804 0.470417 0.00890307 -0.0929273 -0.592821 -0.164628 0.0201615 1.38576 -0.0374776 0.466213 
0.0060755 -0.156718 -0.421298 -0.221113 -1.1488 -0.356536 -0.0320185 -0.600099 -0.136657 -0.808772 0.619488 -0.735443 0.762954 0.284247 0.290169 -0.180582 -0.0981817 -0.67288 0.209416 -0.464676 -0.102064 -0.548001 -0.271161 0.445186 0.156291 -0.343943 0.376473 -0.174659 -0.67288 -0.137836 0.213117 0.213117 -0.17151 -0.207787 0.759878 0.0655048 -0.464676 -0.652712 0.155744 -0.221113 0.0909132 -0.0598492 0.138287 0.716904 -0.0709766 0.793005 0.368709 -0.123043 -0.206868 -0.0914736 -0.0920203 -0.362788 0.0275758 0.801913 -0.291658 -0.148925 -0.473365 -0.0391341 0.0645859 0.370938 0.989504 -0.418221 0.0129326 -0.000175934 -0.342291 -0.516338 0.109429 -0.134133 -0.44948 -0.501546 -0.0466304 -0.154302 0.690618 0.567422 0.0261514 0.149961 0.37446 0.271138 -0.000175934 -0.329113 -0.480753 0.0998109 0.393523 0.0962888 0.0275758 -0.28427 -0.107847 0.272791 0.528946 0.522238 -0.243738 -0.587468 -0.394357 0.0645859 -0.549466 -0.518208 -0.516338 -0.0441002 1.52455 0.371125 
0.0690856 -0.723104 -0.215915 -0.0181952 -0.221884 -0.479822 0.327067 -0.26216 -0.153963 -0.283408 -0.0220821 -0.34608 0.203898 0.431358 0.221585 0.351966 -0.74163 -0.290035 0.460748 0.199466 0.748374 0.228587 -0.176142 -0.411491 0.486566 -0.204016 0.105032 0.142194 -0.290035 -0.216068 0.174078 0.174078 -0.678957 -0.411242 -0.371873 0.175595 0.199466 -0.453406 0.577113 -0.0181952 -0.396368 -0.0515165 0.203469 0.558958 0.0215783 0.181563 0.472333 -0.260215 0.0282055 -0.0938545 -0.00330734 -0.548854 0.672715 0.509387 -0.291575 -0.0685262 -0.497708 -0.305435 -0.263853 -0.788266 0.343551 0.359856 -0.0236422 5.34874e-05 -0.433421 0.433123 -0.330334 -0.112673 0.670769 0.388976 -0.160336 0.0506988 0.235197 -0.303875 -0.132461 0.039827 -0.153321 0.455053 5.34874e-05 -0.085965 -0.636837 0.791136 -0.177835 0.156192 0.672715 -0.152446 0.211088 0.225648 0.283792 -0.363983 0.217715 0.175843 -0.715214 -0.263853 -0.120314 -0.431227 0.433123 0.505982 0.417517 1.24614 
