1.6497 -0.541259 -0.0924404 0.18461 0.613589 0.838742 1.20875 0.395229 -0.190416 0.288069 0.194471 -0.00997045 -0.530388 -0.387216 0.785393 0.210006 0.660374 -0.254125 0.729023 -0.00741263 0.605948 0.46945 -0.616488 0.18683 0.326278 -0.375737 0.183147 0.256167 0.246856 -0.75228 -0.153143 -0.281293 0.531771 -1.02771 0.309176 0.355736 -0.0222949 0.0265556 -0.790799 -0.50434 -0.332537 -0.643789 -0.673919 -0.311476 -0.231348 0.580499 0.00812316 -0.00317495 0.434097 0.223076 -0.658384 0.943701 -0.902693 0.725341 0.344824 0.710591 0.316818 0.539412 0.337183 -0.282139 0.212564 -0.35432 -0.0710233 0.608506 
-0.622713 2.28945 -0.78985 -0.0301856 0.438045 -0.422084 -0.223631 0.126331 -0.0321324 -0.531239 0.0319669 0.767618 0.132352 1.06855 0.392801 -0.221203 -0.518546 0.0660131 -0.930321 0.618285 0.0730091 -0.311995 0.232596 -0.333069 -1.2482 0.542211 0.496946 0.290998 0.398801 0.556472 -0.168584 0.520327 -1.52176 -0.791688 -0.81096 0.565666 0.752639 -0.832034 0.409306 -0.460999 -0.506242 0.45413 1.01307 0.251571 -0.686547 -0.56367 0.365115 0.591332 1.02226 -0.710717 0.7599 0.211408 0.119659 -0.100306 0.0414214 0.266828 -0.445925 -1.15672 -0.323614 -0.0209946 -0.370536 1.12661 -0.205447 -0.0763237 
-0.0702633 -0.68622 2.0174 -0.734147 -0.291192 0.151348 0.560195 0.593326 0.618843 0.348802 0.238715 -0.116679 0.521746 0.462004 -0.0484773 0.36606 -0.0900682 0.670619 -0.281656 0.0718011 -0.489747 0.241664 0.460327 0.0401609 0.301406 -0.310997 0.0393781 -0.641297 -0.0123973 -0.0866552 -0.0569364 -0.405364 0.570133 0.919025 0.316072 0.494798 0.860776 0.114569 1.11926 0.349204 0.591919 0.0879587 -0.926365 0.775024 -0.189565 0.604757 0.199146 0.286329 -0.344912 0.254653 -0.79902 -1.16696 0.960616 -0.282439 -0.391398 -0.197079 0.514626 0.768687 -0.589952 -0.200911 0.55454 -1.50224 0.826151 -0.301267 
0.141191 0.00784841 -0.799744 2.26216 -0.58977 -0.0565624 -0.612085 -0.96326 -1.08294 -0.0388318 0.107847 0.714975 -0.142351 -0.146466 0.0792367 -0.430941 1.07027 -0.974771 0.714444 0.868397 -0.919112 -0.413854 -0.0899063 -0.221495 -0.409738 0.339305 -0.685474 0.0474383 -0.793639 0.1614 0.71909 1.29974 0.707394 -0.260419 0.327608 -0.281634 -0.877909 0.519967 0.0123626 -0.0235669 0.64544 0.164677 0.669536 -0.226545 -0.0965948 -0.257156 0.329609 -0.0627956 0.226501 0.380053 0.130748 0.623955 -1.25145 0.250465 0.148416 0.524086 0.65695 1.03674 -0.180926 0.192626 -0.277519 1.22569 0.0866404 -0.76569 
0.583299 0.489208 -0.34366 -0.576641 1.43424 0.0355387 0.284247 0.519985 0.325067 -0.651548 0.134039 -0.0462595 0.281221 0.31056 0.513506 1.12992 -0.311336 -0.330804 -0.352496 -0.829757 1.26845 0.214562 -0.413721 -0.0317522 0.185222 0.539606 0.173894 0.654294 0.829766 -0.635179 -0.0755986 -0.131265 -0.535135 -0.883833 0.0800696 0.375762 -0.390021 -0.166244 0.00623979 0.315808 -0.604928 0.0988329 -0.501426 -0.128337 0.0595494 0.165075 0.166124 0.0048159 0.509514 -0.614872 0.494455 0.767407 -0.0589903 -0.146849 0.565737 -0.0201279 0.245861 -0.369343 0.399946 -0.245981 0.346423 -0.206966 -1.09023 0.484952 
0.738735 -0.440637 0.0291641 -0.11315 -0.0341777 1.67435 0.648494 0.242059 -0.139019 -0.217997 -0.00504865 -0.383853 0.254392 -0.316184 0.034909 -0.761614 0.593157 -0.296929 -0.127756 0.958192 -0.235817 0.186003 0.930562 -0.206688 0.756578 -0.179755 -0.338385 0.31449 -0.180475 -0.169156 0.186722 -0.711356 0.0567718 0.00148596 -0.309705 0.00985564 -0.201629 -0.702396 -1.04362 -0.71614 -0.647054 -1.67941 -0.0840283 0.489172 -0.0953123 0.0177975 0.201627 0.136439 0.0949831 0.366465 -0.840594 -0.535689 -0.556762 -0.259453 0.980365 0.776267 -0.108066 0.258411 0.778726 -0.392703 0.580431 -0.371574 -0.162654 1.10623 
1.1533 -0.197619 0.482576 -0.624108 0.259096 0.693059 2.04567 1.39855 -0.606511 0.848346 0.0838614 -0.214899 -0.887836 -0.691272 0.483897 0.326091 0.235659 0.762229 -0.0440217 -0.0280221 0.0450962 -0.235865 -0.376384 -0.130138 -0.432429 -0.658549 0.885789 0.209542 -0.482951 -0.954825 -0.411463 -0.775905 -0.0170724 -0.523388 -0.264159 0.709532 0.634218 -0.158431 -0.624277 -0.911281 -0.686479 -0.60899 -0.659857 0.375177 0.128219 0.296847 0.214207 0.88094 1.0045 0.247294 -0.417628 -0.167548 -0.275149 0.971905 -0.115033 0.328617 -0.0501591 0.196927 -0.329032 0.105935 0.512968 -0.820827 0.320298 0.231973 
0.357748 0.170303 0.533668 -0.957322 0.512794 0.304585 1.41651 1.71628 -0.519274 0.29622 0.119694 -0.100569 -0.493792 -0.474484 -0.324802 0.838547 -0.419648 0.913403 -0.762542 -0.453504 0.247741 -0.0569869 0.0665304 -0.145359 -0.0762944 -0.264602 1.23097 0.755705 -0.201712 -0.496627 -0.119877 -0.417981 -0.270576 0.12723 -0.415301 0.50492 0.0194534 -0.503673 -0.148731 -0.115529 -0.953126 -0.184594 -0.189595 1.02726 0.894246 -0.0978891 0.26535 0.494389 0.811951 0.145022 0.529258 -0.589704 0.222076 0.613782 -0.157552 0.00648064 -0.150248 -0.0055227 -0.422605 -0.0880755 0.485613 -0.951503 -0.153233 -0.105193 
-0.253547 -0.0138105 0.533535 -1.10265 0.292227 -0.102143 -0.614201 -0.544925 1.78478 -0.0876704 0.06852 -0.354529 0.832201 0.811858 0.475742 -0.208785 -0.403462 0.257742 0.272983 -0.272401 0.842102 0.632444 0.219924 0.618396 0.652787 0.142312 -0.418098 -0.596187 1.10894 0.47332 -0.334186 -0.630666 -0.340549 0.268789 0.135949 -0.147 0.931804 0.1219 0.310846 0.205225 0.38874 0.170833 -0.343139 -0.680791 -0.673892 0.412086 -0.549706 -0.287618 -0.963458 -0.476328 -0.620443 0.0736402 1.14799 -0.763511 0.0982179 -0.398623 -0.413927 -0.890425 0.648094 -0.0138788 -0.126656 -0.212054 0.179169 0.92423 
0.212019 -0.525836 0.250575 -0.0714624 -0.697307 -0.19404 0.827738 0.257651 -0.100589 1.86498 0.042747 -0.431307 -0.947262 -0.933727 0.273594 -0.0489517 0.125244 1.01755 1.24927 -0.267279 -0.338223 -0.636218 -0.363312 0.401831 -0.649753 -0.784083 0.142681 0.163992 -0.975457 0.286656 -0.444843 -0.153959 0.0946345 0.644128 -0.244605 0.128612 0.611162 0.793443 -0.285371 -0.814692 0.156209 0.236893 -0.315102 -0.867173 0.406493 -0.521953 -0.358978 0.401723 -0.473146 0.339346 -0.406801 0.035157 0.792478 0.990115 -0.255931 0.0968441 -0.603689 -0.264449 0.103153 1.03815 0.115076 0.193093 1.22775 -0.174196 
0.245392 0.164341 0.267459 0.202187 0.215251 0.145879 0.190224 0.208096 0.182572 0.169718 0.296061 0.259876 0.196058 0.190907 0.230176 0.198821 0.247156 0.196374 0.224885 0.142492 0.170732 0.161603 0.196548 0.251542 0.166755 0.217015 0.127392 0.206956 0.113591 0.138093 0.265028 0.251092 0.0962691 0.1356 0.0482565 0.0762859 0.0733486 0.138195 0.174478 0.0661283 0.0810538 0.150915 0.136802 0.119922 0.123759 0.057041 0.0452529 0.143976 0.0749941 0.0487464 0.0395624 0.107891 0.11862 0.100736 0.0890822 0.131943 0.0927756 0.140788 0.0445631 0.0906722 0.0814372 0.0621327 0.112577 0.0533476 
0.00458622 0.863628 -0.124299 0.772951 -0.00141226 -0.269289 -0.144901 -0.0485313 -0.276841 -0.340701 0.223512 1.01478 -0.103946 0.665304 0.0247744 -0.269594 0.149161 -0.076851 -0.191213 0.644536 -0.152288 0.49424 -0.0503636 0.0726361 -0.27501 0.143163 0.591862 -0.115309 0.391872 0.400531 0.245531 0.847301 0.151707 -0.469421 0.0493393 0.129411 0.268571 -0.372264 0.397122 0.145709 0.171896 0.493356 0.837139 0.517648 -0.344868 0.216819 0.15143 -0.102694 0.566019 0.102922 0.344033 0.375131 -0.593808 0.328012 -0.539137 0.332481 0.200215 0.302583 -0.690013 -0.42105 -0.639839 0.470921 0.203459 -0.522533 
-0.579966 0.164227 0.44999 -0.14851 0.261933 0.30482 -0.881973 -0.505889 0.845754 -0.920791 0.0955591 -0.168081 1.57967 0.820665 0.185291 -0.00627419 0.214839 -0.444999 -0.618785 0.340621 0.0233819 -0.183144 0.980346 -0.142992 0.57586 1.05674 -1.00808 -0.437099 0.282672 -0.116919 0.590923 -0.26779 -0.332071 0.473587 0.133745 -0.256576 -0.0959766 0.173897 0.552457 0.509828 0.433186 -0.209024 -0.0447765 0.248764 -0.348785 0.233453 0.238788 0.378649 -0.184433 -0.465579 -0.14661 -0.716051 0.444039 -1.48387 0.670927 -0.553893 0.372296 -0.0935201 0.432376 0.0403889 0.502429 -0.0547528 -0.661501 0.532085 
-0.441971 1.09525 0.385071 -0.157802 0.286095 -0.270932 -0.690586 -0.491759 0.820234 -0.912432 0.0852308 0.595992 0.815488 1.64371 0.415643 -0.170049 -0.431055 -0.476097 -0.663818 0.568204 -0.0266173 0.473381 0.25627 -0.227482 -0.354839 0.297011 -0.29371 -0.510631 1.00262 0.534268 -0.232228 0.358483 -0.499049 -0.512587 0.0301901 0.630383 0.883553 -0.670673 1.18756 0.229017 0.358565 0.356374 -0.0641583 0.22002 -1.35944 0.267699 0.312924 -0.15043 0.031956 -0.529028 -0.319438 0.0478081 0.334111 -0.730046 0.0207986 0.319779 0.342903 -0.186336 -0.291914 -0.700652 -0.197837 0.0287454 0.116805 -0.0544056 
0.770102 0.458963 -0.0859453 0.107365 0.528505 0.119625 0.524048 -0.302612 0.523582 0.334353 0.163965 -0.00507315 0.219579 0.455107 1.57569 0.0938231 0.586059 -0.182652 0.580406 0.17111 0.427943 -0.451042 -0.486512 0.063402 -0.686571 0.344462 -0.572212 -0.487242 0.134022 -0.661203 -0.240602 -0.314729 -0.46363 -1.02176 0.121434 0.505535 0.935152 0.635878 0.0204249 -0.705227 0.341957 0.0447459 -0.631229 -1.0011 -1.1174 0.43109 0.100969 0.925069 0.535509 -0.584658 -0.70137 0.77591 -0.0321274 -0.055208 0.395033 0.0454973 0.221996 -0.363068 0.29447 0.514851 0.270007 0.470839 0.0404315 0.604126 
0.163205 -0.186552 0.297082 -0.434323 1.11341 -0.708409 0.334731 0.829227 -0.192455 -0.0197034 0.101099 -0.330952 -0.00349735 -0.162095 0.0623124 2.26082 -0.66685 -0.189786 -0.191229 -1.69706 0.650999 -0.523614 -0.770515 -0.361312 -0.365016 0.283355 -0.0652356 1.01097 -0.0679045 -0.726945 -0.172355 0.333626 -0.14415 -0.0855132 0.311559 0.736115 -0.947476 0.473861 0.985318 0.806055 -0.245043 0.809759 -1.37813 -0.16313 0.75794 -0.353019 0.462662 -0.0396151 0.0849352 -0.455459 0.781598 0.38903 0.643649 0.104847 0.411878 -0.202428 0.77397 0.318261 -0.0505326 0.162552 0.894713 -0.752333 -0.738607 -0.715111 
0.662147 -0.43532 -0.110472 1.11546 -0.279273 0.694937 0.292874 -0.380394 -0.338558 0.203067 0.198008 0.136378 0.266191 -0.374527 0.603123 -0.618276 1.45036 -0.196926 0.57234 0.842435 -0.304934 -0.341164 0.230798 0.172347 0.299554 0.508943 -0.467685 -0.58794 -0.609316 -0.708855 0.777095 -0.136897 0.572188 -0.133866 0.304036 -0.552935 -0.0961936 0.817546 -0.713529 -0.369232 0.513164 -0.496439 0.386259 -0.105689 -0.100242 0.57731 0.0261519 0.812937 0.542178 0.268643 -0.430025 0.0334287 -0.981105 -0.067692 0.15351 -0.219055 0.329697 0.597849 0.127849 0.514001 0.0877821 0.518099 -0.101316 0.401124 
-0.303386 0.0982053 0.59918 -0.980613 -0.349775 -0.246183 0.76841 0.901623 0.271613 1.04434 0.096192 -0.140669 -0.444682 -0.470602 -0.216622 -0.192246 -0.247961 1.67334 -0.0274579 -0.216678 0.155579 -0.0520125 0.153395 0.601546 -0.0260916 -0.294349 1.17012 -0.247489 -0.231614 0.137037 -0.114748 -0.63646 -0.238636 0.816279 -0.418237 -0.294176 0.973335 0.235322 -0.313073 -0.285024 -0.151872 0.342613 0.572221 0.30349 0.700245 0.0775544 -0.505116 0.644234 0.141008 0.17984 0.283783 -0.710286 0.847617 0.541112 -0.921576 -0.767895 -0.923591 -0.74399 -0.416221 0.653797 -0.268255 -0.236385 0.657145 0.07957 
0.708415 -0.869476 -0.324442 0.737255 -0.342814 -0.048357 -0.00918808 -0.745669 0.315506 1.30471 0.153356 -0.226378 -0.589814 -0.62967 0.575089 -0.165036 0.549959 0.00119513 2.02231 -0.24667 0.222629 0.0690979 -0.603416 0.718798 0.108954 -0.50127 -0.559961 0.210616 -0.24565 0.489201 -0.186522 0.340653 0.643478 0.139804 0.32873 -0.225184 -0.0453508 0.97843 -0.451893 -0.407751 0.510152 0.202093 -0.329164 -1.55383 0.0469261 -0.238301 -0.565062 -0.482393 -1.04355 0.315128 -0.647556 1.14641 0.164934 0.743551 0.203926 0.478818 -0.236712 0.0780357 0.769368 0.650081 -0.185327 0.6596 0.836428 0.202337 
-0.110824 0.596328 -0.0537869 0.808405 -0.902878 0.954788 -0.0759912 -0.519433 -0.312681 -0.29464 -0.0118397 0.526568 0.286789 0.519548 0.0829904 -1.75367 0.737252 -0.270828 -0.329472 2.03562 -1.1967 0.0319137 1.05377 -0.30566 -0.200845 -0.0548027 -0.274846 -0.603149 -0.316698 0.525456 0.293809 0.059314 -0.0697884 -0.0908416 -0.418401 -0.0118579 0.704002 -0.755974 -0.331245 -0.861843 0.124025 -0.966657 0.956768 0.666216 -0.974859 0.0488539 0.293791 0.423472 0.419454 0.348583 -0.785063 -0.682102 -0.745103 -0.298658 0.138922 0.720293 -0.12458 0.224032 -0.154899 -0.337603 -0.244617 0.584344 0.58536 0.312356 
0.530917 0.0794316 -0.586955 -0.950723 1.22371 -0.210841 0.0255071 0.210192 0.830203 -0.337204 0.0447801 -0.241876 -0.00207053 -0.0468928 0.368203 0.62277 -0.381738 0.12981 0.168206 -1.16832 1.81415 0.706261 -0.696978 0.63522 0.751084 0.311054 0.513976 0.246472 1.21437 -0.43369 -0.197053 -0.524205 -0.321196 -0.707478 0.186911 -0.348495 -0.146548 0.11587 -0.647833 0.371596 -0.483911 0.255732 -0.0800695 -0.631422 0.276468 0.469241 -0.590329 -0.379041 0.00512519 -0.507996 0.49792 1.06048 0.042463 0.0469616 0.0149371 -0.537993 -0.403529 -0.911636 0.605377 -0.0709305 -0.303673 -0.0389761 -0.936985 0.887707 
0.385246 -0.314746 0.135282 -0.45464 0.160647 0.201805 -0.264628 -0.10371 0.611371 -0.644373 0.0264777 0.395478 -0.217771 0.443932 -0.519956 -0.561017 -0.427141 -0.086956 0.00550132 0.0511199 0.697087 1.88557 -0.156963 0.562918 1.22387 -0.65174 0.80173 -0.175044 1.50006 0.64468 -0.266224 -0.00102051 0.71029 -0.342187 0.324774 -0.243673 0.16958 -0.997881 -0.277732 0.485692 -0.194911 -0.175262 0.314508 0.406558 -0.256471 0.721273 -0.536375 -1.46253 -0.573845 0.385582 -0.272986 0.508672 -0.435002 0.244314 -0.58021 0.467008 -0.211666 0.17385 -0.0437699 -1.32259 -0.905375 -0.628424 0.158597 0.352729 
-0.665574 0.264963 0.389063 -0.0955731 -0.432516 0.981483 -0.370028 0.0549254 0.233969 -0.336348 0.0965412 -0.114006 0.980838 0.261939 -0.520308 -0.772799 0.179939 0.15357 -0.631894 1.1081 -0.671033 -0.121845 1.7436 -0.141976 0.597054 0.412997 -0.394139 0.265279 -0.31374 0.721217 0.604893 -0.178971 -0.37873 1.1648 -0.570625 -0.269595 -0.105985 -0.590757 -0.0783443 -0.145672 -0.233463 -0.884702 0.726693 0.92057 0.259795 -0.505661 0.238756 0.28359 -0.26412 0.192135 -0.142648 -1.3715 0.464551 -0.884057 0.724623 0.197619 -0.332108 -0.140213 0.486105 -0.0198919 0.449304 0.044879 0.0209455 0.55107 
0.19301 -0.245435 0.0241644 -0.171895 0.00471892 -0.1005 -0.0685157 -0.101697 0.687708 0.484061 0.206801 0.06426 -0.0872333 -0.166546 0.0848735 -0.30833 0.176754 0.656988 0.745587 -0.196069 0.716431 0.653303 -0.0867092 0.918514 0.732616 -0.0115368 0.467474 -0.200865 0.498194 0.339582 0.143573 -0.141848 0.310208 0.311955 0.155098 -0.647971 0.316822 0.420309 -0.479595 0.121916 0.202071 0.307814 0.558158 -0.383164 0.340678 0.361206 -0.7112 -0.239881 -0.429395 0.155622 0.0430274 0.400964 0.220074 0.294547 -0.461718 -0.385921 -0.556614 -0.401505 0.249994 0.265723 -0.568659 0.230122 0.265824 0.456103 
0.247251 -1.24577 0.200201 -0.445347 0.136485 0.777557 -0.456015 -0.117841 0.636891 -0.652731 0.0368059 -0.368595 0.546411 -0.379111 -0.750307 -0.397242 0.218753 -0.0558582 0.0505344 -0.176462 0.747087 1.22905 0.567113 0.647407 2.15457 0.107988 0.0873596 -0.101512 0.780109 -0.00650689 0.556927 -0.627294 0.877268 0.643987 0.428329 -1.13063 -0.809949 -0.153312 -0.912838 0.766503 -0.12029 -0.74066 0.33389 0.435302 0.754182 0.687028 -0.61051 -0.933452 -0.790234 0.449031 -0.100158 -0.255187 -0.325074 -0.509514 0.0699187 -0.406664 -0.182273 0.266667 0.68052 -0.58155 -0.205109 -0.711922 -0.619709 0.939219 
-0.404254 0.595147 -0.361692 0.354207 0.541379 -0.108266 -0.631625 -0.255638 0.176926 -0.73655 0.137577 0.100089 1.0778 0.323249 0.331236 0.301639 0.478652 -0.273606 -0.509179 0.0200906 0.357567 -0.596053 0.433566 -0.0462349 0.158498 1.42429 -0.476938 -0.189813 -0.0264064 -0.591754 0.854639 0.0131313 -0.494717 0.0100138 0.0749289 -0.53291 -0.46392 0.624747 0.083509 0.450916 0.240773 0.246183 0.558752 0.0774509 0.190655 0.161886 0.184153 0.820928 0.617596 -0.569305 0.722814 -0.142865 -0.137403 -0.939882 0.374423 -0.949773 0.258741 -0.310906 0.190612 0.550159 0.22164 0.665454 -1.12052 0.277569 
0.0645613 0.459814 -0.101385 -0.760641 0.0855992 -0.356963 0.822645 1.14986 -0.473552 0.100145 -0.0421141 0.45872 -1.07709 -0.35754 -0.675507 -0.13702 -0.588044 1.10079 -0.657939 -0.29002 0.470421 0.76735 -0.463639 0.342708 0.0478017 -0.567006 2.03552 0.0256178 0.461172 -0.0327001 -0.260828 -0.214711 -0.0011988 -0.301436 -0.307376 -0.166212 0.45815 -0.732018 -0.580159 0.0198391 -0.741267 0.314745 0.932099 0.921898 0.642537 0.366054 -0.384926 -0.136137 0.798587 0.306073 0.837194 -0.0293917 -0.388899 1.03487 -1.33657 -0.310846 -0.692198 -0.38602 -0.95175 -0.424746 -0.88576 -0.374725 0.0908964 -0.278319 
0.21754 0.333825 -0.702101 0.0522313 0.645958 0.37587 0.226358 0.75456 -0.571682 0.201415 0.117409 -0.168492 -0.426147 -0.494502 -0.510577 1.01915 -0.628339 -0.236855 0.192598 -0.538364 0.282877 -0.129466 0.275739 -0.245672 -0.0611106 -0.199922 0.105577 2.31432 -0.22925 0.810775 -0.100137 0.79798 -0.502026 0.285846 -0.601811 0.580918 -1.37697 -0.718017 -0.121314 -0.0736086 -1.23014 -0.25817 -0.147018 0.0248866 1.1404 -1.56828 0.363372 -0.719306 -0.376874 0.100075 0.754718 0.435245 0.403608 0.543847 1.24256 1.27399 -0.238729 -0.138945 0.879477 -0.115915 0.649274 0.191467 -0.310712 -0.0869953 
0.1144 0.347798 -0.16703 -0.882676 0.727601 -0.212924 -0.559965 -0.296687 1.03962 -1.03186 -0.069786 0.244859 0.199794 0.92492 0.0168568 -0.153559 -0.743545 -0.314808 -0.357498 -0.345743 1.15694 1.45181 -0.39711 0.359557 0.726681 -0.130345 0.447302 -0.32308 1.80173 0.303583 -0.480266 -0.208917 -0.103112 -0.848926 0.24681 -0.0190359 0.416618 -0.84544 0.0437604 0.510088 -0.200655 0.142965 0.0167396 -0.0623828 -0.7316 0.700586 -0.429516 -1.06799 -0.305879 -0.350095 -0.0670332 0.754534 -0.0885242 -0.269753 -0.316778 0.0584256 -0.182534 -0.532455 0.112565 -1.09242 -0.744161 -0.350394 -0.387079 0.566341 
-0.860111 0.530094 -0.216664 0.0969879 -0.71272 -0.17698 -1.00721 -0.566977 0.42862 0.254874 -0.0206589 0.278143 -0.175172 0.481192 -0.753743 -0.787975 -0.818459 0.0784668 0.401978 0.521036 -0.466491 0.621053 0.662472 0.22557 -0.0353106 -0.671068 -0.021946 0.741569 0.328207 2.18171 -0.378221 0.894788 -0.252002 0.833446 -0.544849 0.111282 0.14008 -0.940332 0.405937 -0.104611 -0.145634 0.15627 0.711607 -0.129842 -0.0616645 -1.16149 -0.24628 -1.25841 -1.35882 0.292795 -0.0557094 0.00871864 0.898162 0.154462 0.146819 1.09603 -0.791078 -0.498231 0.393048 -0.395534 -0.545082 0.595168 1.04957 -0.223597 
-0.133409 -0.0673975 -0.0593799 0.782243 -0.0255744 0.306463 -0.336288 -0.0626619 -0.251321 -0.349059 0.23384 0.250708 0.660235 -0.157739 -0.205577 -0.105819 0.795056 -0.0457532 -0.14618 0.416954 -0.102289 -0.162285 0.673712 0.157126 0.655688 0.90289 -0.122509 -0.0417772 -0.328077 -0.250656 1.06868 0.221028 0.318685 0.516753 0.152894 -0.757547 -0.710958 0.472305 -0.237984 0.42652 0.246517 -0.072043 0.856521 0.546392 0.665785 0.182574 0.0772942 0.426385 0.34963 0.166371 0.516861 -0.388727 -0.48388 -0.425815 0.110991 -0.541191 0.229608 0.3954 0.0342769 0.319991 0.0604266 0.387423 -0.574847 0.063957 
-0.275565 0.607509 -0.421813 1.34889 -0.0952461 -0.60562 -0.714735 -0.374771 -0.561806 -0.0721806 0.205899 0.838473 -0.212483 0.418967 -0.29371 0.386156 -0.132941 -0.581471 0.36699 0.168453 -0.443446 0.0889128 -0.124156 -0.1423 -0.542538 0.0473774 -0.090397 0.842334 -0.0707326 1.00835 0.207023 1.68773 0.231474 0.00904615 0.071829 0.347587 -0.708367 -0.159384 0.90037 0.411793 0.213329 0.81203 0.420078 -0.000934424 0.127406 -0.777425 0.34871 -0.731757 -0.240683 0.160156 0.600335 0.698418 -0.151723 0.418893 0.083988 0.875084 0.420029 0.579674 -0.264212 -0.230703 -0.283864 0.769723 0.300533 -1.11347 
0.381907 -1.59017 0.398092 0.600949 -0.654708 0.0069152 -0.111494 -0.382958 -0.427281 0.0208208 -0.104515 -0.0127129 -0.432357 -0.594157 -0.598203 -0.247212 0.420552 -0.339238 0.514222 -0.116241 -0.396029 0.644631 -0.479507 0.154163 0.806432 -0.616063 -0.0324768 -0.613263 -0.12052 -0.294034 0.149088 0.0758823 1.57719 0.186667 0.812043 -0.512541 -0.557416 0.321575 -0.186662 0.540579 0.597084 -0.11169 -0.312733 0.146154 0.217919 0.723448 -0.258938 -0.838001 -0.53124 0.764892 -0.45543 0.0558324 -0.832087 0.327582 -0.669641 -0.0662904 0.553364 1.31852 -0.410962 -0.490727 -0.35074 -0.717825 0.29633 -0.499557 
-1.13805 -0.820572 0.78651 -0.327337 -0.96388 -0.00884449 -0.578284 0.0543741 0.221583 0.60984 -0.0256585 -0.594315 0.412828 -0.568169 -1.1168 -0.149049 -0.245976 0.755202 0.0500745 -0.0977681 -0.742784 -0.36832 1.10355 0.195437 0.612677 -0.0718061 -0.293188 0.214135 -0.826808 0.83094 0.386682 -0.10702 0.226193 2.13947 -0.232294 -0.633499 -0.419966 0.331462 0.246661 0.400363 0.247439 -0.0168776 0.271351 0.382691 1.1751 -0.71959 -0.221159 -0.144698 -1.19309 0.458424 0.14796 -1.4568 1.26864 -0.43855 0.0199633 -0.502546 -0.45339 0.00509824 0.241058 0.563693 0.347498 -0.332499 0.525817 -0.246237 
0.111062 -0.927622 0.09578 0.172913 -0.0877546 -0.407813 -0.406832 -0.575934 0.00096551 -0.36667 -0.200779 -0.163332 -0.0147918 -0.113169 -0.0613901 0.160246 0.104148 -0.567091 0.151223 -0.513104 0.0638272 0.210864 -0.719654 -0.0491973 0.309242 -0.0946683 -0.386905 -0.761299 0.181151 -0.635132 -0.0649546 -0.132014 0.763792 -0.320072 0.734078 -0.287904 -0.310378 0.474017 0.134831 0.564976 0.59134 0.206536 -0.610502 -0.322786 -0.25721 0.70276 -0.152079 -0.443459 -0.263274 0.029216 -0.249477 0.301695 -0.48561 -0.186485 -0.406209 -0.474873 0.582496 0.61221 -0.254627 -0.260559 -0.189526 -0.439795 -0.249347 -0.285945 
0.18579 0.477173 0.302675 -0.408161 0.236106 -0.0600835 0.595028 0.372455 -0.253814 0.0347157 -0.144581 -0.0550917 -0.376943 0.515192 0.35088 0.612971 -0.724654 -0.414861 -0.374522 -0.0783931 -0.443411 -0.329414 -0.390455 -0.824098 -1.22155 -0.674339 -0.217572 0.449599 -0.0565261 0.0491673 -0.947227 0.171912 -0.532624 -0.693107 -0.259735 1.4818 0.467485 -0.754419 0.892056 -0.482308 -0.367534 -0.0848559 -1.27788 -0.0433063 -0.882704 -0.486739 0.679158 -0.0425288 0.154759 -0.273247 -0.520326 0.0956551 0.382427 0.232004 0.439809 1.05906 0.419782 0.146893 -0.239708 -0.495042 0.589669 -0.555413 0.4216 -0.466712 
-0.195193 0.661194 0.6657 -1.00739 -0.532629 -0.27452 0.516762 -0.115964 0.822037 0.514314 -0.15047 0.0811166 -0.219296 0.76541 0.777544 -1.07357 -0.270865 0.849698 -0.197641 0.634515 -0.244415 0.080887 -0.229797 0.137744 -0.90382 -0.608301 0.403837 -1.51124 0.376176 0.0750136 -0.90359 -0.886993 -0.580451 -0.482527 -0.285161 0.464533 2.3983 -0.228305 0.224467 -0.917887 0.392287 0.123677 -0.0990008 -0.248492 -1.54898 0.682948 -0.288587 0.736379 0.290518 -0.295662 -1.0221 -0.348212 0.565882 0.068453 -0.94734 -0.257923 -0.573375 -0.868665 -0.659126 0.0564837 -0.520174 -0.139096 1.13491 0.308983 
-0.0811739 -0.85831 -0.0153374 0.455657 -0.243683 -0.710118 -0.210719 -0.573921 0.0773022 0.761764 -0.0204555 -0.49455 0.115745 -0.723647 0.543439 0.412933 0.708044 0.176853 0.891309 -0.760293 0.083171 -1.02141 -0.6494 0.306399 -0.182014 0.545535 -0.721162 -0.78712 -0.820713 -0.94023 0.344842 -0.272842 0.363709 0.33407 0.564402 -0.692202 -0.163136 1.89221 -0.0670311 0.2012 0.988322 0.689612 -0.366852 -1.11251 0.339939 0.342693 -0.326905 0.779191 -0.118824 -0.200744 0.0665365 0.193987 0.169465 -0.136252 -0.287717 -1.3278 0.237548 0.036855 0.039137 1.32775 0.14719 0.418752 -0.14212 -0.182571 
-0.862065 0.419493 1.02581 -0.0154844 -0.034736 -1.01488 -0.640102 -0.182517 0.302712 -0.280588 0.0522904 0.311299 0.530769 1.17105 -0.0355506 0.960853 -0.786569 -0.335078 -0.502551 -0.299101 -0.644068 -0.264794 -0.100525 -0.557042 -0.905077 0.0407602 -0.53284 -0.153954 0.10495 0.442502 -0.328984 0.823375 -0.108064 0.285732 0.26168 0.990736 0.326099 -0.030568 2.16664 0.719265 0.71845 1.0673 -0.940857 0.185227 -0.661047 -0.250396 0.609462 -0.194861 -0.392623 -0.369614 -0.0322946 -0.330569 1.03675 -0.478349 -0.13306 0.137479 0.871012 0.501268 -0.742392 -0.292118 0.350453 -0.516622 0.46843 -1.25447 
-0.684494 -0.559699 0.146872 -0.160302 0.165944 -0.796288 -1.03599 -0.258203 0.0882021 -0.918796 -0.164947 -0.0490019 0.379252 0.103619 -0.87009 0.672702 -0.551159 -0.415917 -0.567297 -0.938586 0.266472 0.389743 -0.27674 -0.0644184 0.665376 0.299279 -0.0417295 -0.215136 0.46239 -0.176933 0.226632 0.22591 0.510289 0.330546 0.582936 -0.492516 -0.925143 0.128775 0.610377 1.36073 0.324693 0.630932 -0.14024 0.329294 0.508817 0.308024 -0.100937 -0.83001 -0.455822 -0.0730563 0.697409 -0.120461 0.0116152 -0.544608 -0.448728 -0.797009 0.482408 0.40976 -0.3482 -0.45457 -0.216882 -0.570471 -0.722878 -0.623112 
-0.497691 -0.589944 0.404587 0.523704 -0.739792 -0.712201 -0.796192 -1.0808 0.286717 0.0671046 -0.135022 -0.00781558 0.31761 0.248166 0.192093 -0.363396 0.346237 -0.267765 0.365605 0.0622819 -0.574034 -0.275861 -0.349532 0.0307358 -0.206417 0.104136 -0.787836 -1.35667 -0.233354 -0.202957 0.061629 0.0424462 0.581793 0.192622 0.6243 -0.362743 0.40003 0.930897 0.624562 0.339693 1.27158 0.576845 -0.270043 -0.543469 -0.66813 0.574039 -0.166092 0.0902431 -0.429828 -0.0428417 -0.498417 -0.111959 0.0384782 -0.452966 -0.619432 -0.731384 0.458543 0.416036 -0.453675 0.306262 -0.293298 0.107334 0.407785 -0.503937 
-0.738735 0.440637 -0.0291641 0.11315 0.0341777 -1.67435 -0.648494 -0.242059 0.139019 0.217997 0.00504865 0.383853 -0.254392 0.316184 -0.034909 0.761614 -0.593157 0.296929 0.127756 -0.958192 0.235817 -0.186003 -0.930562 0.206688 -0.756578 0.179755 0.338385 -0.31449 0.180475 0.169156 -0.186722 0.711356 -0.0567718 -0.00148596 0.309705 -0.00985564 0.201629 0.702396 1.04362 0.71614 0.647054 1.67941 0.0840283 -0.489172 0.0953123 -0.0177975 -0.201627 -0.136439 -0.0949831 -0.366465 0.840594 0.535689 0.556762 0.259453 -0.980365 -0.776267 0.108066 -0.258411 -0.778726 0.392703 -0.580431 0.371574 0.162654 -1.10623 
-0.783049 0.985394 -1.05767 0.603825 -0.580266 -0.093151 -0.713545 -0.261244 -0.389137 -0.348182 -0.023249 0.713453 -0.104328 -0.118533 -0.725068 -1.44045 0.275356 0.512352 -0.417686 0.951049 -0.114168 0.289583 0.666649 0.442848 0.303788 0.47814 0.941555 -0.217522 0.0400658 0.710309 0.727657 0.30522 -0.271999 0.272558 -0.521517 -1.21706 -0.0352325 -0.368252 -0.97872 -0.0692156 -0.214018 0.0698444 2.45192 0.643897 0.547527 -0.113284 -0.466155 0.0953426 0.524545 0.24946 1.03471 -0.238001 -0.727866 0.0810212 -0.750901 -0.515589 -0.987614 -0.738096 -0.284804 0.153207 -1.20286 1.34186 -0.193948 0.123429 
-0.43757 0.206931 0.626753 -0.309219 -0.22414 0.463086 0.304525 0.938645 -0.743753 -0.917216 -0.0570926 0.376997 0.172249 0.148682 -1.1119 -0.242422 -0.233555 0.226657 -1.65931 0.643533 -0.682485 0.364669 0.843563 -0.515438 0.388236 -0.020125 0.91439 -0.0625804 -0.0560204 -0.148104 0.400565 -0.132756 0.169925 0.366935 -0.250765 0.00054639 -0.201687 -1.13087 0.1304 0.383355 -0.504408 -0.52032 0.626933 2.02277 0.428203 0.258989 0.458204 0.0878504 0.775583 0.420548 0.441604 -1.39227 -0.511412 -0.229484 -0.467358 -0.0702355 0.20758 0.62827 -0.925703 -0.880249 0.0241136 -0.93763 -0.290752 -0.415949 
-0.353585 -0.72733 -0.333979 -0.175412 -0.0323968 -0.117542 0.0614242 0.80949 -0.732997 0.360306 -0.0493984 -0.481662 -0.421444 -1.42692 -1.22434 0.682505 -0.224252 0.62727 -0.0547025 -0.993685 0.229262 -0.294503 0.186644 0.212261 0.710973 0.0969362 0.638886 1.05679 -0.721381 -0.0760699 0.523814 -0.000558954 0.245546 1.16321 -0.181332 -0.834994 -1.49832 0.325431 -0.712018 0.566734 -0.625212 0.0680213 0.53442 0.43206 2.12547 -0.662435 -0.261782 -0.236121 -0.224505 0.426756 1.26632 -0.469964 0.163115 0.371923 -0.0633175 -0.641915 -0.442991 -0.0161133 0.198342 0.506641 0.170482 -0.159421 -0.590337 -0.282761 
0.391213 -0.671503 0.393294 -0.403023 0.00607926 -0.0714822 0.163002 -0.249695 0.28593 -0.63519 -0.183167 0.012976 0.0937449 0.133167 0.257094 -0.495504 0.386251 -0.0624711 -0.40698 -0.0370218 0.354985 0.616191 -0.645861 0.165739 0.576769 0.00111725 0.295353 -1.71894 0.643755 -1.24295 -0.0264464 -0.97244 0.684025 -0.798539 0.711588 -0.50608 0.66656 0.261136 -0.368416 0.298891 0.549906 -0.112138 -0.193441 0.195796 -0.729485 1.697 -0.34936 0.185604 0.543429 -0.0280177 -0.505779 -0.0215916 -0.927696 -0.277365 -1.02933 -1.01748 0.362683 0.335119 -0.680429 -0.450906 -0.545502 -0.738596 -0.34642 0.304987 
-0.19301 0.245435 -0.0241644 0.171895 -0.00471892 0.1005 0.0685157 0.101697 -0.687708 -0.484061 -0.206801 -0.06426 0.0872333 0.166546 -0.0848735 0.30833 -0.176754 -0.656988 -0.745587 0.196069 -0.716431 -0.653303 0.0867092 -0.918514 -0.732616 0.0115368 -0.467474 0.200865 -0.498194 -0.339582 -0.143573 0.141848 -0.310208 -0.311955 -0.155098 0.647971 -0.316822 -0.420309 0.479595 -0.121916 -0.202071 -0.307814 -0.558158 0.383164 -0.340678 -0.361206 0.7112 0.239881 0.429395 -0.155622 -0.0430274 -0.400964 -0.220074 -0.294547 0.461718 0.385921 0.556614 0.401505 -0.249994 -0.265723 0.568659 -0.230122 -0.265824 -0.456103 
-0.105095 0.570865 0.162232 -0.121296 -0.0668135 0.134526 0.834462 0.42995 -0.326406 0.375853 -0.00886508 -0.21917 0.326307 -0.197595 0.83844 -0.0947334 0.709244 0.591576 -0.563704 0.424963 -0.40593 -1.48025 0.230756 -0.347981 -0.956344 0.747525 -0.119471 -0.7826 -1.03745 -1.2525 0.304732 -0.839405 -0.790057 -0.13628 -0.347264 0.0254973 0.807358 0.785001 -0.225515 -0.751776 0.153478 -0.143413 0.102552 0.112024 -0.215804 0.272971 0.339094 2.09159 1.38055 -0.442815 0.0166841 -0.831958 -0.00708402 -0.335194 -0.0429153 -1.00961 -0.00814766 -0.450941 -0.382032 1.13224 0.5494 0.329623 -0.255671 0.238203 
0.262853 0.932474 -0.538333 0.098676 0.368561 0.0237457 0.888697 0.678188 -1.07157 -0.56834 -0.147171 0.380218 -0.306099 -0.084533 0.379555 -0.0395075 0.369161 0.0190248 -1.19419 0.35162 -0.0910883 -0.660884 -0.386278 -0.60682 -0.882451 0.474869 0.745929 -0.509492 -0.344667 -1.42223 0.158652 -0.417656 -0.55262 -1.25399 -0.236403 0.153461 0.292172 -0.182339 -0.492601 -0.446912 -0.435918 -0.171282 0.462431 0.730432 -0.273512 0.561471 0.459284 1.31122 2.03813 -0.316582 0.570094 -0.151064 -1.2436 0.158563 -0.457911 -0.552562 0.223246 -0.0929716 -0.91756 0.0536997 -0.0681052 0.191283 -0.821919 -0.119686 
0.0254539 -0.826886 0.034853 0.22585 -0.782204 0.268849 0.105113 -0.0151196 -0.610819 0.217773 -0.199797 -0.109257 -0.613623 -0.671895 -0.766989 -0.606279 0.0692479 0.0314785 0.138114 0.254371 -0.630588 0.272164 0.0435984 -0.0481809 0.330436 -0.73841 0.227036 -0.0589207 -0.415261 0.203004 -0.050985 -0.0431953 0.717133 0.371139 0.0297083 -0.300923 -0.320387 -0.290637 -0.49597 -0.0905246 -0.0753097 -0.469141 0.160967 0.349019 0.35137 -0.0363535 -0.152111 -0.538518 -0.34296 0.68693 -0.245515 -0.353753 -0.465098 0.413331 -0.352514 0.276639 -0.121908 0.565517 -0.200898 -0.32084 -0.242651 -0.340163 0.4331 -0.26696 
-0.865236 0.634501 -1.02805 -0.0326851 0.317893 -0.947439 -0.569038 0.359887 -0.764164 -0.537603 -0.218211 0.122624 -0.303883 -0.471535 -0.892932 0.621548 -0.63865 0.126192 -0.8338 -0.888504 0.366099 -0.395633 -0.300414 -0.170005 -0.227982 0.544479 0.748927 0.586493 -0.141429 -0.15473 0.290275 0.387754 -0.512418 0.0514455 -0.258214 -0.557232 -1.05606 -0.0325862 -0.16788 0.670711 -0.540114 0.728688 0.936989 0.360845 1.18171 -0.523344 -0.0487462 -0.0882482 0.534487 -0.254745 1.77675 0.0431383 -0.202836 0.085132 -0.428105 -0.84996 -0.306419 -0.560623 -0.3799 0.225087 -0.389581 0.527398 -1.04513 -0.64503 
0.805517 0.154678 -1.32732 0.529191 0.659514 -0.573866 -0.25029 -0.690407 -0.00141214 -0.0269769 -0.0812134 0.222391 -0.804656 -0.0356203 0.653017 0.297648 -0.106528 -0.799208 1.02883 -0.716875 0.997326 0.454693 -1.4606 0.256599 -0.314343 -0.252531 -0.0489898 0.335688 0.748806 -0.0216337 -0.546645 0.554505 0.0675122 -1.48465 0.361626 0.127417 -0.313498 0.163532 -0.397486 -0.0784911 -0.084988 0.492451 -0.267055 -1.40436 -0.485911 0.0295113 -0.338014 -0.868222 -0.118004 -0.294315 0.111807 2.07316 -0.725105 0.723241 0.0523618 0.527284 0.0238131 -0.2703 0.390174 -0.198295 -0.641618 0.79929 -0.275497 0.05806 
-1.03009 0.0737109 0.811037 -1.33543 -0.156101 -0.584157 -0.347109 0.132156 1.08372 0.741126 -0.0597019 -0.735766 0.366216 0.261465 -0.144238 0.56305 -1.11028 0.769477 0.058141 -0.769093 -0.00990748 -0.478198 0.386236 0.0864917 -0.373447 -0.236286 -0.397715 0.314833 -0.0834696 0.878592 -0.631015 -0.284852 -0.809625 1.25158 -0.414896 0.424972 0.611379 0.149793 0.980615 0.0643681 0.0762314 0.524307 -0.746137 -0.51272 0.15795 -0.86581 -0.146342 -0.0325654 -1.19976 -0.394877 -0.123386 -0.714323 2.21762 -0.426066 0.261486 -0.237994 -0.56109 -0.955819 0.407679 0.564542 0.529723 -0.379759 0.667564 -0.0432344 
0.579966 -0.164227 -0.44999 0.14851 -0.261933 -0.30482 0.881973 0.505889 -0.845754 0.920791 -0.0955591 0.168081 -1.57967 -0.820665 -0.185291 0.00627419 -0.214839 0.444999 0.618785 -0.340621 -0.0233819 0.183144 -0.980346 0.142992 -0.57586 -1.05674 1.00808 0.437099 -0.282672 0.116919 -0.590923 0.26779 0.332071 -0.473587 -0.133745 0.256576 0.0959766 -0.173897 -0.552457 -0.509828 -0.433186 0.209024 0.0447765 -0.248764 0.348785 -0.233453 -0.238788 -0.378649 0.184433 0.465579 0.14661 0.716051 -0.444039 1.48387 -0.670927 0.553893 -0.372296 0.0935201 -0.432376 -0.0403889 -0.502429 0.0547528 0.661501 -0.532085 
0.187738 -0.0342115 -0.570661 0.0347492 0.438942 0.923286 -0.216678 -0.277157 0.00426314 -0.336968 -0.118925 -0.71078 0.56342 -0.0815323 0.253238 0.301594 -0.00534891 -1.0294 0.0674481 0.0852465 -0.0671183 -0.653092 0.616622 -0.624985 -0.0081397 0.245855 -1.37507 1.1241 -0.341409 0.097564 -0.0658284 -0.0788268 -0.676864 -0.0267855 -0.365181 0.452669 -0.931528 -0.337074 -0.21888 -0.42566 -0.611364 -1.04251 -0.798858 -0.498351 -0.098167 -0.997134 0.505765 -0.0980816 -0.443753 -0.311978 -0.378339 0.0334593 0.231801 -0.682639 1.86692 0.910287 0.140879 -0.170804 1.36086 0.0278119 1.09762 0.205258 -0.611258 0.728909 
0.596579 0.234269 -0.333268 0.453493 -0.103849 0.762262 0.270047 -0.0700502 -0.449504 0.058882 -0.0329895 0.203912 -0.618326 0.260522 -0.0532238 -0.269639 -0.33484 -0.832646 0.385414 0.709692 -0.576974 0.437201 0.132693 -0.506114 -0.441648 -1.03527 -0.306273 1.1986 0.0768695 1.08985 -0.674937 0.755343 -0.0304388 -0.506221 -0.39077 1.11499 -0.199037 -1.33408 0.0947329 -0.730867 -0.680242 -0.795333 -0.520471 -0.0581541 -0.633691 -0.942201 0.473043 -1.0217 -0.49533 0.36025 -0.75712 0.551456 -0.224605 0.585255 0.953361 2.19254 0.0823542 0.442686 0.480237 -0.943396 0.236141 0.0107258 0.712725 -0.071194 
0.163443 -0.517846 0.339075 0.546995 0.122777 -0.161434 -0.148092 -0.266141 -0.50417 -0.681014 -0.11152 0.0322841 0.2685 0.244284 0.0839128 0.667397 0.174549 -1.0277 -0.369479 -0.174544 -0.481872 -0.280836 -0.436397 -0.716169 -0.25662 0.133884 -0.726987 -0.353478 -0.203452 -0.836621 0.0565002 0.260926 0.549853 -0.496427 0.627237 0.436353 -0.553852 0.191903 0.788904 0.509188 0.470323 0.0496376 -1.03186 0.180299 -0.474129 0.398595 0.604373 -0.0596022 0.241115 -0.0776598 -0.252942 0.00862234 -0.587063 -0.380296 0.144591 0.0429917 1.23189 1.1545 -0.460058 -0.43561 0.460569 -0.607785 -0.402593 -0.6887 
0.434289 -1.18039 0.641387 0.975031 -0.444176 0.253295 0.147245 -0.0731649 -0.932417 -0.293523 -0.0152561 0.182903 -0.149065 -0.236704 -0.4529 0.259939 0.490953 -0.799852 -0.0064795 0.22232 -0.941729 0.152932 -0.19625 -0.512809 0.240571 -0.387512 -0.372558 -0.205442 -0.505123 -0.495523 0.270543 0.468822 1.36326 0.0103123 0.705202 0.211716 -0.80089 0.0394612 0.467411 0.484791 0.476067 -0.268589 -0.73409 0.64924 0.00100021 0.419283 0.497515 -0.454144 -0.0268506 0.658016 -0.458895 -0.23724 -0.933541 0.133771 -0.118841 0.451574 1.20275 1.86081 -0.616393 -0.665778 0.299355 -0.885815 0.143083 -0.902312 
0.135357 -0.443988 -0.813956 -0.339333 0.22841 0.676906 -0.475417 -0.58695 0.509399 -0.0226241 -0.208184 -0.906397 0.280128 -0.438985 0.107935 -0.205558 -0.0757503 -0.568787 0.58815 -0.253314 0.478581 -0.161392 0.333365 0.0419872 0.557722 0.0173027 -1.03499 0.716276 0.0431943 0.299053 -0.187283 -0.471767 -0.462925 0.149569 -0.258339 -0.271589 -0.688055 -0.0549601 -0.872953 -0.369872 -0.490347 -0.885606 -0.377501 -1.00144 0.118752 -0.692969 -0.250688 -0.481938 -0.948142 -0.205102 -0.374874 0.326532 0.333254 -0.488828 1.31612 0.392422 -0.508511 -0.713097 1.56629 0.202863 0.447525 0.373248 -0.458011 1.13166 
-0.437627 -0.0950296 -0.378576 0.0805575 -0.371179 -0.448184 0.00588843 -0.206083 -0.106236 0.958716 -0.115737 -0.591095 -0.065521 -0.801385 0.374653 0.0538655 0.35674 0.54757 0.515201 -0.389681 -0.151388 -1.39387 -0.126294 0.104054 -0.65801 0.423188 -0.461649 -0.232777 -1.11545 -0.443191 0.144769 -0.39192 -0.496352 0.518542 -0.217933 -0.480584 0.0738934 1.28 -0.37634 -0.429904 0.315928 0.33216 0.106848 -0.909643 0.47339 -0.417108 -0.220078 1.07867 0.0694557 -0.278706 0.276451 -0.215599 0.536455 -0.0505028 0.0294098 -0.984873 -0.437724 -0.716143 0.249201 1.49764 0.255279 0.796414 -0.00535053 0.050026 
0.0477952 -0.453852 0.367594 -0.398869 0.211944 0.515669 0.403641 0.358325 -0.228294 0.026357 -0.134253 -0.819165 0.387238 -0.307851 0.120528 0.776745 -0.0787601 -0.383763 -0.329488 -0.305975 -0.393411 -0.98594 0.333621 -0.739608 -0.290851 0.0853889 -0.931943 0.523131 -0.776475 -0.60202 -0.124076 -0.454361 -0.365646 0.293067 -0.156181 0.594846 -0.512045 0.0901506 0.25695 -0.201497 -0.292913 -0.650254 -1.2585 -0.0145621 0.127949 -0.520985 0.605023 0.48655 -0.06163 -0.209798 -0.347498 -0.668204 0.492355 -0.521823 1.08994 0.185384 0.449175 0.23971 0.484582 0.245999 1.28994 -0.638911 -0.356706 0.119778 
-0.538489 1.0239 -1.70859 1.08494 -0.360845 -0.455736 -0.949555 -1.09819 -0.333092 0.0849732 -0.172958 0.272195 -0.189344 -0.100669 0.301961 -0.889702 0.332157 -0.371293 0.496038 0.503585 -0.148115 -0.728389 -0.0902045 0.0397722 -0.817064 0.509802 -0.440309 0.0459241 -0.402107 0.51883 0.18352 0.579825 -0.752131 -0.406331 -0.42585 -0.569636 -0.150367 0.342311 -0.629526 -0.574486 0.0883188 0.28235 1.26682 -0.995706 -0.221354 -0.733479 -0.213159 0.247373 0.178357 -0.32671 0.55008 0.753304 -0.436528 0.0159575 0.178175 -0.0594318 -0.63858 -0.964861 0.390905 0.767732 -0.658311 2.04937 -0.169019 0.0832752 
-0.204498 -0.257469 0.670499 -0.00341522 -1.19342 -0.196122 0.242265 -0.249227 0.108826 1.17032 -0.0718191 0.0554278 -0.745398 0.0380857 -0.0777526 -0.82528 -0.236564 0.572931 0.723562 0.555296 -0.995429 0.109327 -0.0634434 0.126168 -0.674156 -1.22548 0.0760071 -0.40556 -0.388098 1.02393 -0.728056 0.161329 0.312719 0.50268 -0.184707 0.458071 1.17433 -0.167866 0.406222 -0.676199 0.439464 0.124125 -0.218293 -0.298133 -0.601575 -0.290608 -0.198165 -0.287226 -0.78415 0.497248 -0.971754 -0.270788 0.661491 0.673401 -0.587647 0.693262 -0.382694 0.114732 -0.38966 0.0166628 -0.325412 -0.118325 1.77766 -0.495561 
0.415508 -0.187869 -0.516442 -0.915269 0.322244 1.01324 0.0944168 -0.260711 0.794363 -0.291144 -0.190572 -0.730088 0.388665 -0.192649 0.426419 -0.861308 0.206352 -0.0641672 0.0299469 0.222768 0.769739 0.243935 0.407158 0.256924 0.825249 0.113088 -0.352732 -0.241367 0.505799 -0.308764 -0.148775 -1.31219 -0.542692 -0.328898 -0.280829 -0.489764 0.288883 -0.26784 -1.3762 -0.635956 -0.531781 -1.20428 0.0395598 -0.482854 -0.353523 0.301275 -0.447968 0.147125 -0.14144 -0.262336 -0.631176 0.00324538 -0.108832 -0.579709 0.692996 -0.15018 -0.728324 -0.990187 1.14049 0.012516 0.0915491 0.0744464 -0.555084 1.7226 
