0.393629 -0.018625 0.315401 0.171765 -0.0617537 0.00819202 0.0498747 -0.0445218 0.0329928 0.0775428 0.229184 0.0862067 -0.018508 -0.0217561 -0.158551 -0.0372474 -0.116345 0.214639 0.0552562 -0.0618835 0.229601 0.282956 -0.129101 0.288887 -0.0854476 0.180178 0.0931013 -0.0330292 -0.000753992 -0.106061 -0.0076537 0.0206385 -0.0725846 -0.00489879 0.256668 -0.0814375 0.202025 0.0233503 0.275579 -0.0515036 0.0208772 0.00134589 -0.0837931 0.191189 0.154195 0.0644299 0.342879 0.183007 -0.0518601 -0.0107789 0.0193508 0.13516 0.162683 0.0849411 0.12422 -0.206953 0.089041 0.105926 -0.281353 0.133168 0.0415076 0.246341 0.204015 0.0573533 0.148022 0.128589 0.0714125 0.0726935 -0.112373 0.138988 -0.197917 -0.175678 0.0803232 -0.192997 0.0382914 -0.0449699 0.115582 0.195366 0.106035 -0.189442 0.089807 0.0629278 0.198499 0.00943732 -0.114544 -0.060551 0.0457999 -0.00787692 0.0391873 0.129117 0.1046 0.0949438 0.143539 -0.0375189 -0.0764719 -0.298238 -0.0577156 -0.0779706 -0.189465 0.158906 
-0.0533476 0.816887 -0.173907 0.232886 -0.129575 0.0288183 -0.260015 0.0998471 -0.177616 0.258375 0.0626532 -0.22716 0.0565974 0.388022 0.197051 -0.0202642 -0.233577 -0.179841 0.0947255 -0.187748 -0.0437659 0.605994 -0.127257 -0.222208 0.148521 0.120046 0.152047 0.0434894 0.0631767 0.320622 0.0551052 -0.00613318 0.065826 -0.0168665 0.300848 0.487355 -0.41697 -0.0589251 -0.190005 -0.11591 0.0669247 0.0979062 0.314706 -0.0471568 -0.0594038 0.186583 -0.232434 0.456201 -0.186978 0.182784 0.0901067 -0.293743 0.153804 -0.0844431 0.0561331 0.243274 -0.02039 0.216181 -0.062461 -0.0570483 0.195583 0.121963 -0.187701 0.169296 -0.0263825 0.00562784 -0.401086 -0.280368 0.163607 0.0995963 0.292307 -0.149286 -0.076737 0.180017 -0.199476 0.273618 0.162344 -0.17783 -0.133132 0.235023 -0.0670786 0.100304 -0.00811376 -0.517518 0.174027 -0.154061 0.00664133 -0.292749 -0.226842 -0.126705 -0.126718 -0.141073 -0.0321433 0.220592 -0.0254974 -0.299032 -0.216398 0.0827153 -0.0524026 -0.374303 
0.288289 -0.166296 0.958906 -0.388921 -0.0662855 0.0536043 -0.00494777 0.0140156 0.0759891 0.0569128 0.00949573 0.076493 -0.148301 -0.376272 -0.386795 0.143105 -0.29914 -0.0629997 0.0730525 0.148089 -0.0626911 0.00536872 -0.0982234 0.526128 -0.311539 -0.107305 -0.0446348 -0.0642237 0.0197128 -0.11355 0.458418 -0.0435464 -0.0248722 -0.0162203 -0.13197 0.15535 -0.0869129 -0.208205 0.4957 -0.163297 0.259645 0.430701 -0.4448 0.143915 0.242819 0.118723 0.105279 0.127021 -0.22755 0.0246382 -0.233729 0.149432 0.146752 0.0391433 -0.07891 -0.00601859 0.360847 0.397695 -0.160084 0.287822 -0.0354937 -0.0903834 0.203285 -0.440307 -0.100391 -0.0460102 0.127522 -0.0219587 0.178345 0.229282 -0.366308 -0.386665 -0.0172445 -0.549616 0.177837 0.172883 0.0820934 0.115917 -0.19108 -0.171679 0.0697099 0.354938 0.0495708 -0.0630059 -0.376355 0.215503 0.16644 0.0860201 0.105468 0.40796 0.259299 0.0669032 0.0546877 0.133437 -0.198604 -0.196932 0.17082 -0.0214506 -0.251509 -0.0376376 
0.140543 0.236386 -0.393032 1.12157 0.0225354 -0.431646 -0.192643 -0.102361 -0.0823151 0.126892 0.132856 0.149877 0.0308533 0.232206 0.242172 -0.116775 0.110971 0.0987724 0.132814 -0.080017 0.24327 0.238974 -0.204651 -0.293891 0.253501 -0.1206 0.251168 -0.0695393 -0.103884 0.010251 -0.531513 0.0920819 -0.430907 -0.198256 0.334519 -0.33072 0.565179 -0.23307 -0.0968902 -0.352207 -0.094951 -0.392191 0.334742 -0.320809 -0.0826293 0.0242505 -0.107779 0.00574485 0.0182947 0.020575 0.338532 -0.437824 -0.123085 0.121704 0.32408 -0.112837 0.363145 0.371874 -0.430861 -0.0666736 0.230058 0.247201 -0.014561 0.329925 0.13786 -0.103934 -0.210874 0.121537 -0.0852464 -0.0764255 -0.115103 0.104138 -0.219806 0.428376 0.114823 -0.196453 0.123913 -0.0234045 0.325419 0.0096856 0.134556 -0.101133 0.125824 -0.223623 0.0718088 -0.320101 -0.195595 -0.209465 0.354995 -0.0766843 0.487421 0.211651 0.12197 0.0338904 0.186566 -0.43959 -0.206696 -0.0785323 0.137831 0.0210659 
-0.0739922 -0.107091 -0.0514128 0.0415185 0.582601 0.270522 -0.0363837 0.0284049 0.0508644 0.0147988 -0.178387 0.193428 -0.0949544 -0.137469 0.224027 0.0523289 0.0703408 0.0998993 0.22034 0.335525 0.0729158 -0.183371 0.385774 -0.251954 0.379073 0.0502457 0.00139454 0.135816 0.130574 0.0438217 0.0949613 -0.0830171 0.00328151 -0.164685 -0.0895613 0.033027 0.35723 0.025373 -0.0122038 0.079247 0.00236747 -0.187384 0.0971924 0.268633 0.278058 -0.0283635 -0.125319 -0.323935 -0.0413039 0.298551 0.17193 0.204028 -0.207459 -0.163579 0.202677 -0.0905043 0.126892 0.142145 0.265776 0.0700467 -0.280687 -0.374501 -0.156311 -0.105127 -0.0279398 0.0220173 0.308065 -0.081479 -0.192936 -0.0665912 0.00313169 0.0623921 0.133286 0.356461 0.0755649 -0.0455772 0.0727125 -0.232019 -0.0808731 0.210893 0.0734146 0.0715111 -0.0927464 -0.203103 -0.072731 -0.109513 -0.0198335 0.182966 0.132784 0.127313 0.113488 0.0812554 0.00397841 -0.24681 0.00267484 0.250524 0.255767 -0.34998 0.166227 -0.223588 
-0.0200243 0.0353246 0.0524992 -0.428641 0.254544 0.776235 0.159826 -0.0362283 0.129327 0.0185942 -0.334949 0.245616 0.145753 -0.0752133 0.215849 0.203484 -0.332742 0.110664 0.132938 -0.165616 -0.0458836 0.277919 -0.0757165 -0.111829 -0.0088002 -0.0197865 -0.136606 0.299418 0.323307 -0.0300293 0.327445 -0.148911 0.156938 -0.0776439 0.0776716 0.23471 0.0173387 0.195343 -0.0940562 0.205125 -0.0104041 -0.255892 -0.142441 0.465568 0.311624 -0.081324 -0.138207 -0.0700504 0.287799 0.308054 -0.0298901 0.235629 0.117424 -0.178278 0.364365 0.197111 -0.1872 -0.19812 0.224131 -0.119826 -0.564394 -0.0337766 0.0708839 -0.115604 -0.033789 0.17137 0.261182 -0.279995 -0.160687 -0.103045 -0.0251058 -0.193634 0.205819 -0.198072 -0.305382 0.292524 0.0909113 0.084353 -0.135118 0.143248 0.134515 -0.0456689 -0.0537059 -0.138804 0.176912 0.0688347 -0.126378 0.280099 -0.363198 0.0372192 -0.3424 -0.271358 -0.121715 -0.170469 -0.12855 0.235052 0.11738 -0.135299 -0.158684 -0.0991305 
0.0361119 -0.239055 0.00840074 -0.175184 -0.0379079 0.17428 0.857697 -0.175538 0.425211 -0.00470861 -0.10545 0.213367 -0.0625971 0.223911 0.137885 0.279958 -0.187866 0.217351 -0.0256924 -0.115909 -0.255346 -0.0489214 0.149437 0.0650686 -0.103125 -0.121174 -0.00594452 0.13168 -0.17075 -0.260503 -0.233123 -0.0326418 -0.191971 -0.0293502 -0.0777895 -0.100725 0.0229813 0.280628 -0.354119 -0.100583 0.211277 0.149544 0.163712 0.0337343 0.254823 -0.156379 0.106279 -0.253747 0.220281 -0.0435653 -0.138253 -0.119222 -0.320597 -0.0764597 -0.127521 -0.0768294 -0.135803 -0.0730348 0.220904 -0.0362634 -0.19527 0.468454 0.288513 0.212133 0.142504 -0.0329197 0.49692 0.169281 0.0663391 0.330367 0.234468 0.253989 0.255541 -0.315515 -0.0656364 -0.0559293 -0.288747 -0.0198459 -0.26073 -0.263711 0.328836 -0.181516 0.161612 0.484118 -0.0201033 0.307126 -0.113785 -0.0482243 -0.248197 0.0449049 -0.137039 -0.00596439 -0.168157 0.44755 -0.0858912 0.158136 0.214578 0.301257 -0.0523588 0.447006 
-0.073468 0.105624 0.0121807 -0.100086 0.0116972 -0.0369582 -0.190721 0.686172 -0.285613 0.226098 0.229407 -0.143454 0.0690191 -0.182355 0.240647 0.00323348 0.186472 0.0421049 -0.0404434 -0.0337935 -0.200277 -0.0674162 -0.037399 -0.00968355 -0.0103323 0.157798 -0.0684905 0.253987 -0.0207008 0.69219 0.149484 0.203373 0.463785 0.173211 0.133974 0.241774 -0.173952 0.267756 0.147204 0.089674 0.0776912 0.0306045 -0.0403364 -0.414444 -0.208763 -0.13123 0.0369068 0.162308 0.139499 0.0649204 -0.180305 -0.0597333 0.136273 0.0298824 -0.236657 0.215477 0.0849093 0.0380214 -0.0383829 -0.109742 0.0407454 -0.467978 -0.112056 -0.145697 -0.284874 0.0403691 0.341112 0.098521 -0.149165 0.180391 -0.157017 -0.0829845 -0.428536 0.171526 0.195284 -0.410973 -0.0851778 0.101389 0.090007 0.019146 -0.012083 0.179104 -0.0956501 -0.237038 -0.0740987 0.360362 0.0611791 -0.0319484 -0.0354337 -0.0188108 -0.209679 -0.0905453 -0.0945715 0.0289175 0.121109 0.00850497 -0.206334 -0.245928 0.358321 0.118588 
-0.00262149 -0.178508 0.0674861 -0.0867077 0.0274886 0.121929 0.403359 -0.292281 0.975351 -0.0769597 -0.00235062 0.31581 0.245575 -0.0562053 -0.207901 0.258627 0.128203 -0.0891775 0.336827 0.131824 -0.1455 -0.0290873 0.447451 0.2167 -0.211933 -0.356331 0.220644 -0.0441232 0.0971028 -0.41552 -0.282162 -0.418663 -0.37917 0.00862868 0.0450237 0.142045 0.0441344 0.121085 -0.0251334 0.125553 0.508153 -0.0160217 -0.133725 -0.118455 -0.0936144 -0.232151 0.0258283 -0.175874 -0.0654653 0.0104958 0.0237171 -0.00744606 0.0258178 -0.12864 -0.311888 -0.00927596 -0.219692 -0.161369 -0.0300392 0.389904 -0.285734 0.426406 0.192631 0.118357 -0.247527 0.0107139 0.0832877 -0.13783 0.158671 -0.276601 -0.132702 -0.00962407 0.0578183 0.186048 -0.191242 0.408507 0.0268614 0.0411078 -0.317061 0.0470354 0.357037 -0.326821 -0.2188 0.314374 0.0460742 -0.168679 -0.674822 -0.244276 -0.0293779 0.193592 0.077912 -0.0832106 -0.0575888 0.154204 -0.145211 -0.0883619 0.445037 0.212084 0.307349 0.189394 
0.0710662 0.286621 0.0775475 0.151637 0.0205607 0.0403339 0.0025775 0.248567 -0.047822 0.344614 -0.103871 -0.116626 -0.0501186 -0.0186186 0.175992 0.149103 0.0213771 -0.0745921 0.0476808 -0.0506886 -0.0319583 0.232584 -0.117402 -0.115628 -0.013406 0.166269 0.0375881 0.00191181 0.0479678 0.224693 0.0735197 0.213904 -0.0163867 0.0204756 0.13304 0.237641 -0.0452306 0.182707 -0.0687379 -0.0645205 0.308623 0.031278 0.20897 -0.0860482 0.0131525 0.0360558 -0.0414222 0.195368 -0.0314115 0.0619025 -0.18617 -0.196317 0.0721703 0.0308894 0.138629 0.0869416 0.196214 0.199904 -0.22234 -0.0647392 0.0395139 -0.101819 0.100002 0.00632806 -0.154104 0.104607 0.11572 0.0242143 -0.0539224 0.254591 0.0369767 0.029311 -0.226479 0.0732479 0.083726 -0.0665532 0.102522 0.0766557 0.0182677 0.10714 0.135384 0.132186 0.1387 -0.150529 0.0578784 0.176627 -0.132615 -0.213726 -0.20638 0.149263 -0.110812 0.084205 0.0610024 0.193305 0.141417 -0.226029 0.178234 -0.113434 0.0666734 -0.163746 
0.18158 0.0497724 -0.0109964 0.116474 -0.213752 -0.354336 -0.139291 0.21075 -0.0143397 -0.144998 1.06302 -0.179576 0.046923 0.259466 -0.246364 -0.393426 0.0931931 0.497976 0.0801299 0.14066 -0.156023 0.139673 0.19086 0.320513 0.0532612 0.100881 0.171315 0.266473 -0.318954 0.386578 -0.251741 -0.275935 0.190642 0.13947 0.459102 -0.162491 -0.189588 0.0898278 0.433316 0.0139181 -0.232606 0.240251 -0.171194 -0.125089 -0.391604 -0.0210468 0.514452 0.0521235 -0.231877 0.0782771 0.0599314 0.232512 0.323245 -0.256841 -0.599685 -0.243944 -0.253783 -0.0134386 0.0133328 0.191771 0.189215 0.180762 -0.0978147 0.08662 0.237715 -0.337951 0.0583866 0.0722269 0.00422563 -0.0718114 -0.229171 -0.310777 0.00622203 0.271334 0.0790885 -0.359941 0.0463542 0.0462977 -0.1509 -0.141592 -0.146025 -0.187315 -0.0767445 -0.231773 -0.160878 -0.284865 0.040648 -0.211247 0.223219 -0.0785288 0.062529 -0.115969 -0.193893 0.0801353 -0.0817741 -0.227012 -0.637361 -0.002636 0.00557898 0.517567 
0.027896 -0.250748 0.0452935 0.122788 0.147356 0.215522 0.16882 -0.172819 0.293113 -0.16846 -0.190283 0.782677 0.354307 -0.136174 0.335996 0.0225481 -0.212268 -0.108435 0.156735 -0.100269 0.135353 -0.029679 0.00557519 0.0654253 -0.0843676 -0.356284 0.043903 0.11858 0.130309 -0.29171 -0.102619 -0.384621 -0.0671138 -0.049329 -0.0987642 -0.0658762 0.423613 -0.273688 -0.0444491 -0.140364 -0.0846952 -0.408614 -0.0957636 -0.204503 0.365615 -0.399069 -0.242777 -0.233374 0.423077 -0.0337876 0.294474 -0.0183394 -0.259983 0.172551 0.0419577 0.0486155 0.0685549 0.0599538 0.00480749 0.310271 -0.278346 0.222388 -0.198678 0.0397948 -0.00554892 0.113214 0.254436 -0.149504 -0.0385447 0.0452445 -0.348511 -0.304882 -0.0393226 -0.231078 -0.202118 0.0533051 -0.0936185 -0.000690118 0.11529 -0.149243 0.475385 0.0397054 -0.0273898 -0.10751 -0.27496 -0.0621607 -0.122917 0.235593 0.176806 -0.0729612 0.280918 -0.301872 -0.2231 -0.171869 -0.477008 0.0134087 -0.109448 0.0140686 0.264002 0.181426 
-0.0483318 0.0614962 -0.151013 0.0322511 -0.11254 0.144146 -0.0786582 0.0681414 0.251366 -0.0734658 0.0647026 0.382794 0.745061 -0.0029386 0.295573 -0.162463 0.294402 -0.371518 0.0699393 -0.0303717 0.17966 0.124241 -0.197182 0.17414 -0.0771886 -0.278309 0.153857 0.286024 0.230907 0.0195754 0.0661389 -0.26254 0.229489 0.37537 0.0417673 -0.0784908 -0.0252808 -0.0617399 0.0309803 0.102451 -0.116138 -0.142984 -0.114671 -0.247473 -0.274386 -0.122591 -0.176787 -0.0183854 0.558063 -0.103378 0.00504523 0.0674523 0.200986 0.237314 -0.0805894 0.239995 -0.195182 -0.297373 -0.0468631 0.200101 -0.056192 0.20581 -0.291033 0.0218146 0.0642533 0.112635 -0.258703 -0.0995388 0.121323 -0.232494 -0.230821 -0.187406 -0.289604 -0.0404377 -0.323637 0.263205 0.166955 0.187305 0.318253 0.244392 0.175465 -0.213727 0.0102487 0.0214579 0.0508708 -0.0379928 -0.200557 0.0826497 0.00844347 -0.0975118 0.0321405 -0.488942 -0.0978375 -0.0428687 -0.272839 0.055328 -0.136813 0.345421 0.421351 0.163889 
-0.0530151 0.391486 -0.38042 0.232168 -0.156489 -0.0782561 0.206415 -0.184668 -0.05185 -0.043401 0.275811 -0.109123 -0.00437384 0.857662 0.147433 -0.12351 -0.274661 0.345791 0.079931 -0.00645636 -0.0941456 0.166538 0.0263293 -0.349021 0.0912888 0.0278302 0.172157 -0.0441119 -0.016611 -0.0291164 -0.0970738 0.039161 0.018394 0.164026 -0.0279334 0.0119851 -0.0918829 -0.0815188 -0.224887 0.0909618 -0.121718 0.11524 0.541964 -0.00813408 0.054912 0.0974992 0.0545577 -0.049455 0.0776189 0.0895667 0.211281 -0.159037 -0.066669 -0.231885 -0.102539 0.00120069 -0.241152 -0.0111909 0.23301 -0.0227154 0.237982 0.477999 -0.108551 0.2568 0.377702 -0.441201 -0.266482 -0.187044 0.446212 0.165907 0.335808 -0.0275727 0.233968 0.0988629 -0.13358 -0.0157983 -0.0961208 0.00568793 -0.161215 -0.0168642 -0.01014 -0.0943757 0.152508 -0.0229774 0.320711 -0.257414 0.077129 -0.244834 -0.0866465 -0.446126 -0.025594 -0.0533652 -0.503363 0.273731 0.187066 0.00304845 -0.442207 0.392747 -0.429663 0.0573971 
-0.201967 0.188358 -0.403099 0.229978 0.192849 0.20065 0.108232 0.226178 -0.215703 0.139053 -0.242177 0.350891 0.281981 0.135277 0.97834 0.113918 0.119369 -0.236834 0.0442672 0.0404145 -0.114478 0.151104 -0.136815 -0.276942 0.165696 -0.0673634 0.046486 0.313702 -0.105821 0.196805 -0.0205244 0.049379 0.123292 -0.0716777 0.0296646 -0.0161907 0.0755687 0.076034 -0.301421 -0.335542 -0.289837 -0.368758 0.494794 -0.210915 0.105076 -0.256242 -0.431687 -0.431567 0.463928 -0.0296028 -0.106829 -0.0499207 -0.275078 0.174056 0.155284 0.15334 -0.0156526 0.168615 0.206665 -0.184715 -0.164478 -0.186188 -0.446137 0.0566964 0.23663 -0.0424132 0.319328 -0.076453 -0.205626 0.276285 0.171563 -0.0468832 -0.171675 -0.0244505 -0.245373 -0.297294 0.00526264 -0.0192615 0.318497 0.209218 0.345495 0.144906 0.403068 -0.347656 -0.0190639 0.246024 -0.0638106 -0.0390978 -0.19548 -0.217855 -0.10822 -0.419758 -0.334822 0.20595 -0.264442 0.0223971 -0.158913 -0.0367059 0.346246 -0.17774 
-0.0810971 -0.0293914 0.126366 -0.129403 0.0207177 0.187851 0.249871 -0.0116701 0.250391 0.11173 -0.389673 0.037009 -0.176489 -0.136101 0.113484 1.05491 -0.0625359 -0.014864 0.331461 -0.0538004 -0.513416 0.027261 0.192248 0.326988 -0.328551 -0.337872 0.161413 -0.234133 -0.110695 -0.19089 -0.019584 0.479725 -0.244469 -0.641896 0.22096 0.497362 -0.0510325 0.155864 0.252185 -0.205433 0.061837 -0.306928 0.00327417 -0.263943 0.0924285 -0.0517534 -0.175835 -0.25409 -0.166635 -0.00804975 -0.0146686 -0.0478324 -0.125666 0.17542 0.0233799 0.398921 -0.0822296 0.237735 0.131289 -0.438252 -0.308917 -0.133144 0.307264 -0.101482 -0.298464 -0.0864506 0.174454 -0.208144 -0.0883117 -0.328165 0.266756 0.0689829 0.243977 -0.142017 -0.176968 0.24157 -0.347626 0.223698 0.069442 -0.265407 -0.0186286 0.366271 -0.00863635 0.288048 0.321604 0.529668 -0.253896 -0.10465 0.03896 -0.279747 -0.0325471 0.0179396 -0.0171348 0.272986 0.144634 -0.188676 0.176601 -0.119488 0.0833433 -0.294643 
-0.161047 -0.243557 -0.316731 0.09749 0.0378766 -0.349229 -0.218806 0.170715 0.119115 -0.016849 0.0960937 -0.19866 0.279523 -0.288105 0.118082 -0.0633888 1.08795 -0.464247 -0.0365937 0.522148 0.0845499 -0.358025 0.205296 0.198459 0.0515232 0.0636407 0.153715 -0.0682664 -0.174055 -0.00594667 -0.157195 0.130034 -0.017355 0.171174 -0.0290968 -0.336023 -0.0541812 0.245684 0.16556 0.0424782 -0.0974485 -0.0506722 0.101052 -0.190592 -0.683102 -0.00218416 0.0554858 -0.415966 -0.0275341 -0.36755 -0.359708 0.327928 0.127405 0.275025 -0.230396 -0.160242 -0.212488 -0.279367 -0.0444364 4.75634e-05 0.144308 -0.384809 -0.241696 -0.0477255 0.0642235 0.0354601 -0.169524 0.240353 -0.222616 -0.354143 0.0666269 0.337845 -0.26788 0.436945 0.00404493 -0.178774 0.231581 0.151304 0.478433 0.392049 -0.122985 -0.182456 0.224616 0.302013 0.0721347 0.0356011 -0.306834 -0.229971 0.0826644 0.078218 -0.0419243 -0.0589307 0.238195 -0.0194108 0.0761811 0.0224421 0.352372 0.0136917 0.617538 -0.147199 
0.167893 -0.191865 -0.0826346 0.083248 0.0653917 0.092134 0.184368 0.024305 -0.100309 -0.114862 0.498834 -0.0968703 -0.38844 0.330304 -0.240164 -0.0177603 -0.466291 1.1089 0.124616 -0.143906 -0.258339 -0.0195053 0.0423922 -0.248831 -0.0123467 0.0696765 -0.1009 0.126345 -0.0499033 0.172083 -0.16097 0.0759068 0.00597405 -0.151765 0.264784 -0.181122 0.367436 0.180943 0.199624 0.246091 -0.114081 -0.192681 -0.0831473 0.160526 0.158377 -0.0935857 0.463887 -0.132295 -0.0204734 0.368638 0.223437 0.0556704 0.106484 -0.513546 0.0395747 -0.157333 -0.0710354 -0.0250525 0.0798721 -0.228162 -0.225338 0.137687 0.396824 0.0277664 0.0939011 -0.43573 0.455926 -0.000747092 -0.0624501 -0.0536905 -0.239263 -0.156709 0.269008 0.160487 0.224959 -0.458016 -0.204738 0.230429 -0.290797 -0.377287 -0.0668351 -0.145613 -0.164082 -0.0388129 0.222244 -0.163619 -0.0169022 0.0661973 0.0986794 -0.202707 -0.0570738 0.241545 -0.396124 -0.127598 0.447214 0.0338892 -0.506446 -0.288156 -0.592574 0.501634 
0.0390225 0.113214 0.0839299 0.147802 0.216344 0.14492 -0.0281635 -0.0277311 0.356207 0.0379236 0.111499 0.198812 0.0835294 0.0949562 0.0714492 0.359077 -0.00812472 0.155128 0.494951 0.274531 -0.162883 0.0941395 0.327856 0.0860887 -0.0294047 -0.218111 0.286676 -0.030646 0.110737 -0.0652046 0.029381 -0.0318278 -0.127131 -0.199902 0.193689 0.29487 0.181387 -0.0369527 0.342193 0.0377404 0.109335 -0.199477 0.0659866 -0.0826584 0.0538064 -0.0511638 -0.0339743 -0.234595 -0.128628 0.22702 0.192584 0.119618 0.0759373 -0.11581 -0.0638616 0.120336 -0.0377486 0.228772 0.0716912 0.127538 -0.206257 -0.00613053 -0.0169652 -0.0907177 -0.0896862 -0.24715 0.0308191 -0.320901 0.103801 -0.275127 -0.107368 -0.256195 0.102007 0.281976 -0.110745 0.185985 0.0459324 0.131711 -0.0698605 0.0631277 0.125665 0.130408 -0.0705068 -0.152278 0.158944 -0.127168 -0.327505 -0.157172 0.19286 -0.112781 0.211004 -0.0632347 -0.236838 0.0291082 0.0480591 -0.194829 -0.0106019 -0.106354 0.0706865 -0.184549 
-0.0939872 -0.185129 0.143097 -0.0808991 0.315659 -0.169504 -0.13425 -0.0369511 0.135335 -0.0763158 0.156159 -0.0740618 -0.0326517 -0.00730105 0.0517265 -0.0420544 0.534747 -0.129263 0.258661 0.937029 -0.0804161 -0.417492 0.465756 0.0619647 0.123355 -0.0164345 0.188288 -0.111156 -0.11223 -0.158883 0.232971 -0.0403963 -0.0866931 0.0864164 -0.327551 -0.175442 0.0485451 -0.081826 0.3681 -0.0039219 -0.0154509 0.238318 0.234489 0.168351 -0.167468 0.0912426 0.0143212 -0.706568 -0.288409 -0.0270027 -0.242886 0.493379 -0.0067 -0.117362 -0.250073 -0.271108 -0.00754702 0.21273 0.276022 0.300764 0.0435069 -0.418153 -0.333825 -0.358967 0.269723 -0.477724 -0.0231983 -0.0834298 0.173238 -0.0696931 0.00473927 -0.064924 0.0574404 0.308351 0.100761 -0.117575 0.274704 0.0232063 0.00458249 0.393247 -0.00595227 0.123375 0.290782 -0.0628507 -0.0802196 -0.176121 -0.13179 -0.231781 0.196384 0.139641 0.257057 0.000723637 -0.260424 0.0953339 0.020481 0.0557444 0.280079 -0.0109533 0.0552034 -0.391906 
0.216358 -0.0222857 -0.0488223 0.261249 0.0719119 -0.0309096 -0.254825 -0.184574 -0.123128 -0.0387241 -0.121662 0.180421 0.196241 -0.076129 -0.0843043 -0.482808 0.11601 -0.224835 -0.159891 -0.0615548 0.798128 0.0344497 -0.117805 -0.066888 0.141673 0.391111 0.00452128 -0.248376 0.305404 -0.279225 0.0305803 -0.0984732 0.0850907 0.311488 -0.161681 -0.184244 0.350062 -0.203393 -0.0690425 0.238173 -0.068936 -0.173089 0.0917514 0.245421 0.21512 0.0500599 0.149127 0.33623 0.139007 -0.196878 0.274303 0.136559 0.00573462 0.299073 0.308344 -0.288302 0.0537327 -0.242808 -0.291985 0.352902 0.262004 0.154662 -0.166601 0.200514 0.118798 0.507583 -0.337686 0.0534768 -0.102434 0.120295 -0.110009 0.0177772 -0.019339 -0.00966905 -0.0134985 0.0733553 0.20725 -0.0145122 0.363894 0.0530771 0.0396564 -0.00677835 0.112539 0.0391999 -0.144863 -0.379204 0.221557 0.198583 0.0696016 0.031339 0.096978 0.104975 0.326703 -0.543999 -0.158516 0.00455585 0.090291 -0.0354584 0.00851857 -0.102278 
0.236506 0.594268 -0.0139693 0.223747 -0.217582 0.259686 -0.0816079 -0.0849193 -0.0399222 0.192612 0.140827 -0.0178175 0.107615 0.151348 0.148071 0.0246616 -0.359772 -0.0192084 0.0639241 -0.431837 0.00124281 1.01312 -0.396208 0.129608 -0.000375758 0.0990952 0.0949198 0.247583 -0.087801 0.101291 -0.128494 -0.212026 -0.165132 -0.272993 0.731973 0.202794 -0.289118 0.102868 -0.0700875 -0.355828 -0.120514 -0.140676 -0.0207086 0.303551 -0.0130339 0.0850955 -0.0315206 0.392382 -0.13427 0.151151 -0.0617293 -0.0612061 0.334997 -0.0518822 0.291462 0.0452841 -0.125712 0.142475 -0.268051 -0.156541 -0.147297 0.391414 0.0799118 0.240883 0.177782 0.201933 -0.135411 -0.18446 -0.268331 -0.00155113 0.0724658 -0.312185 0.0853649 -0.172944 -0.393739 0.269042 0.31716 0.00588498 -0.0422992 0.0765897 0.0755155 -0.0919568 0.188248 -0.512548 0.064371 -0.156172 -0.17041 -0.192327 -0.388089 0.0921306 -0.223404 -0.280893 0.17463 0.190364 -0.329358 -0.536239 -0.221803 -0.0590527 -0.168962 -0.101563 
-0.170106 -0.133539 -0.112117 -0.214434 0.357008 -0.0885048 0.122195 -0.0494574 0.442061 -0.15193 0.197459 0.0228813 -0.208363 0.0165838 -0.134403 0.195093 0.208994 0.0481337 0.303085 0.456855 -0.145567 -0.390763 1.10938 0.123897 0.188037 0.164214 0.209143 -0.254008 -0.130987 -0.124486 -0.248459 -0.225195 0.000344828 -0.192612 -0.0739063 0.447683 -0.0890801 0.113458 0.0938379 0.21472 0.161308 0.0335936 0.189151 -0.0812093 0.129117 -0.203045 0.175602 -0.223339 -0.557089 0.0257122 0.341562 0.298636 -0.31419 -0.156673 -0.646897 -0.217122 -0.35879 -0.0336429 0.458452 0.387358 -0.0136057 -0.159121 -0.24421 0.146349 -0.224647 0.0276376 0.239244 -0.187344 -0.0482292 -0.0912357 0.31124 0.0950195 0.387006 0.548501 -0.0130823 -0.0144848 -0.265854 -0.385543 -0.360994 -0.0889494 0.00192933 0.140391 -0.308347 0.0725089 -0.178208 -0.206652 -0.0721963 -0.181376 0.210214 -0.154951 0.00228322 0.0923765 -0.0732799 -0.149491 -0.191307 0.133305 0.20244 -0.222491 0.410354 -0.150068 
0.256151 -0.220221 0.520504 -0.295406 -0.272451 -0.116349 0.0460955 -0.0134732 0.219579 -0.141887 0.335381 0.0910002 0.171228 -0.350498 -0.266262 0.338102 0.210426 -0.234821 0.0695867 0.0613327 -0.0863814 0.143322 0.132166 1.10942 -0.277377 -0.153724 0.220218 0.016166 -0.324752 -0.169029 -0.0196239 -0.0264486 0.0320088 -0.246932 0.373696 0.0829497 -0.32222 0.00892397 0.640529 -0.304629 -0.273213 0.192172 -0.505239 -0.0650431 -0.176633 0.0774116 0.276275 0.0362415 -0.230603 -0.282892 -0.102309 0.415849 0.16251 0.396796 -0.4223 0.0028682 -0.227975 0.0466636 0.0101007 0.0746708 0.0200016 0.122901 0.0502118 -0.0767233 0.0953417 0.177369 -0.0535641 0.0734668 -0.163861 -0.263995 -0.0221902 -0.177129 0.225217 -0.45386 -0.207852 0.244545 -0.0932797 0.113158 0.209224 -0.326135 -0.164733 0.193194 0.0857157 0.288726 -0.292994 0.30955 0.156528 0.0588681 0.244804 0.0170699 0.13413 -0.225591 0.351186 0.149691 -0.500903 -0.264538 -0.0779692 0.117457 0.278876 0.174092 
-0.092714 0.175977 -0.291694 0.277456 0.384045 0.0121497 -0.0966288 0.0113474 -0.183585 -0.0141958 0.0935982 -0.0333234 -0.0546312 0.115281 0.201845 -0.291967 0.0889595 0.0271329 -0.0204374 0.148192 0.147649 0.038807 0.221776 -0.251907 0.717942 0.0634065 0.021995 0.400952 -0.0803309 0.302811 -0.12266 -0.175685 0.0504731 -0.110752 0.1078 -0.189494 0.0839769 -0.0433106 -0.272602 -0.139098 -0.249428 0.130443 0.087883 0.299693 0.0462378 0.254686 -0.151481 -0.0331351 -0.0729357 0.32314 0.242575 -0.0183408 -0.230379 -0.170266 0.156725 -0.106782 0.13059 0.141305 0.318138 -0.0711398 0.012964 -0.136107 -0.256623 0.147774 0.225323 0.0574225 -0.0162746 0.143907 -0.146527 -0.0724873 0.266538 0.305001 0.145588 0.413497 0.0718228 0.0263966 0.102176 -0.59226 -0.118876 0.268998 -0.200209 -0.179522 -0.154445 -0.250528 -0.139702 -0.191694 0.294791 0.219183 0.186595 0.152078 0.166781 0.0660945 0.287179 -0.0507395 -0.0680633 0.307423 0.0217075 -0.0744422 0.227038 -0.00927221 
0.136586 0.111177 -0.123786 -0.13297 0.0188924 -0.035162 -0.151004 0.143152 -0.364309 0.129153 0.104893 -0.341566 -0.292077 0.0154974 -0.0675394 -0.337614 0.0647516 0.0728308 -0.245469 -0.0279226 0.360761 0.101953 0.161627 -0.16458 0.0270811 0.932444 -0.131903 -0.357268 -0.0185766 0.0377741 0.00251013 0.0939696 0.236577 0.178862 0.00436408 0.186037 -0.135136 0.301558 -0.093669 0.298002 0.0409207 -0.0573203 0.379214 0.32131 0.173089 -0.100888 0.453164 0.335126 -0.319926 -0.217308 -0.0700635 0.307147 0.070875 0.0257228 -0.0333769 -0.458993 -0.259802 -0.265754 -0.134873 0.157223 0.257744 -0.161619 -0.108866 0.220072 0.0305937 0.427153 0.142716 0.0261692 -0.372463 0.498045 0.215564 0.000574149 0.10943 0.0964817 0.056776 -0.439119 0.0783445 0.0148639 0.0660268 -0.0566045 -0.0208232 0.183918 0.263488 -0.152386 -0.116109 -0.199862 0.198129 -0.187199 -0.397506 -0.049361 -0.520858 0.16613 0.103686 -0.368906 -0.0593372 -0.128922 0.0304219 -0.403069 -0.171631 -0.235022 
0.0932235 0.186892 -0.0174013 0.282511 0.0137553 -0.108267 0.00794045 -0.0394221 0.256381 0.044187 0.21904 0.102336 0.183803 0.203539 0.090024 0.205385 0.19854 -0.0540317 0.303032 0.220514 0.0178859 0.141491 0.25027 0.253076 0.0293837 -0.0881885 0.363266 -0.0747423 -0.0318641 -0.0840282 -0.105764 0.0440949 -0.0818663 -0.0612249 0.214198 0.153747 0.0371277 -0.0403732 0.245734 -0.0666489 -0.0129231 -0.026533 0.188624 -0.161806 -0.0797238 0.06618 0.0584387 -0.07404 -0.0982446 -0.0159916 0.162316 0.0736082 0.025827 0.125446 -0.167085 0.0310903 -0.102531 0.145259 0.01388 0.139356 0.11023 0.181648 -0.103022 0.107727 0.0960061 -0.0940685 -0.19105 -0.126856 0.119541 -0.153747 0.0986623 -0.0620213 0.0874644 0.190747 -0.137316 0.166991 0.0253671 0.0628032 0.128564 0.0209925 0.0372885 0.0883596 0.0959502 0.0421059 0.0830323 -0.078008 -0.125767 -0.20915 0.202149 -0.165062 0.216549 -0.0681058 -0.0296313 0.145817 -0.0545035 -0.23391 -0.0556205 0.13 0.193871 -0.0892725 
-0.0569993 0.0542418 -0.0610826 -0.0622877 0.124085 0.303664 0.121473 0.258963 -0.032479 -0.0155817 0.290106 0.15292 0.291878 -0.0368229 0.333148 -0.214254 -0.0475338 0.149121 -0.0383823 -0.103023 -0.259104 0.270062 -0.236974 0.0249316 0.384249 -0.337647 -0.0988347 0.977066 -0.123718 0.579579 0.0110091 -0.363207 0.204153 0.00945542 0.353719 -0.318925 -0.126469 0.162065 -0.142735 -0.259674 -0.262829 0.188427 -0.390956 0.159795 -0.20935 0.0802853 -0.192955 -0.130704 0.392504 0.421852 -0.169648 -0.0258956 0.101729 -0.27253 0.0590962 0.183472 0.073247 0.0474074 0.268027 -0.230128 -0.373955 -0.0202648 -0.0740177 -0.0812997 0.222795 -0.114868 0.325171 0.190442 -0.154685 -0.132541 -0.150853 -0.0138386 -0.131818 -0.00101645 -0.0627091 0.00428538 0.152096 -0.25788 -0.187046 0.249879 -0.0118822 -0.411903 -0.154187 -0.300939 -0.141544 0.166975 0.0442444 0.304522 -0.0375246 0.317405 -0.010006 -0.364772 0.0358086 0.267055 -0.204354 0.293867 -0.207492 0.0984662 0.256534 0.505073 
-0.0232361 0.0754172 0.0243419 -0.0951444 0.12033 0.329041 -0.17947 -0.0142367 0.110235 0.0319623 -0.293832 0.166137 0.238249 -0.00783413 -0.0848878 -0.0893276 -0.151835 -0.0256393 0.104489 -0.102609 0.296164 -0.0638339 -0.112465 -0.314499 -0.0955466 0.00253309 -0.0544685 -0.12223 0.604488 -0.0711564 0.345843 -0.0218838 0.196148 0.339475 -0.271829 0.225976 0.230743 -0.118958 -0.0273607 0.525831 0.268929 -0.193804 -0.045083 0.034835 0.170236 -0.0318301 -0.101893 0.244516 0.310685 0.14579 0.20888 -0.0526648 0.164189 -0.032672 0.269703 0.218733 0.050654 -0.25075 -0.124298 0.194927 -0.0865859 0.000181121 0.0189119 -0.103387 -0.284926 0.146794 -0.227868 -0.259223 0.242928 -0.106568 -0.258246 -0.155436 -0.154487 0.0779276 -0.0280031 0.302505 0.09121 0.195325 0.0232458 0.158198 0.0850905 -0.00463585 -0.239796 -0.004348 0.242192 -0.186864 -0.110503 0.179376 -0.0451767 -0.0650824 -0.0357767 0.00879599 -0.127383 -0.401861 0.214081 0.177107 0.0956245 0.0117077 -0.119833 -0.146392 
-0.146391 0.315014 -0.126769 0.00114262 0.0157302 -0.0421431 -0.28707 0.680806 -0.420236 0.19084 0.393851 -0.27373 0.00906909 -0.0381874 0.199891 -0.187371 -0.00157403 0.178499 -0.0893009 -0.167109 -0.306313 0.10741 -0.123811 -0.176624 0.269748 0.0410358 -0.124481 0.563219 -0.0890043 0.970003 0.0670077 0.0347832 0.465712 0.088467 0.310827 0.160376 -0.302945 0.202493 -0.0167355 -0.0242816 -0.0518466 0.175488 -0.172283 -0.304236 -0.307052 0.034476 -0.0816681 0.292553 0.0774839 0.332521 -0.0793916 -0.236092 0.163463 -0.21806 -0.179385 0.288445 0.153389 0.120695 0.0717904 -0.262747 0.0179098 -0.417362 -0.12631 -0.0912411 -0.217304 -0.0773072 0.238642 0.129863 -0.118496 0.0531145 -0.0996409 -0.0345487 -0.401692 0.31979 0.218112 -0.320006 -0.0351492 -0.189944 -0.146421 0.119386 -0.19733 -0.0298812 -0.323806 -0.478847 -0.0651585 0.229022 0.174066 0.0562457 0.00908788 0.058234 -0.161931 -0.100835 -0.0185777 0.108279 0.152933 0.104485 -0.395375 -0.206745 0.295948 0.237627 
-0.0358755 0.061606 0.457307 -0.528513 0.078978 0.32744 -0.247582 0.150208 -0.27477 0.0517745 -0.232359 -0.0725299 0.0677409 -0.0940366 -0.00533042 -0.00395605 -0.140714 -0.142446 0.0173929 0.236853 0.0156008 -0.110266 -0.235677 -0.01511 -0.143616 0.0178801 -0.134108 0.00675737 0.340103 0.079116 0.812835 0.154666 0.378068 0.28043 -0.40841 0.19337 -0.158984 -0.160148 0.280106 0.231876 0.0148091 0.245474 -0.108295 0.258386 0.139363 0.193664 -0.144102 -0.0220227 0.155397 0.11271 -0.239982 0.261503 0.223676 -0.0229131 0.16549 0.230497 0.131079 0.0557019 0.139815 0.0525029 -0.0477255 -0.39696 -0.125264 -0.533121 0.0109667 -0.159451 -0.151174 -0.232345 0.308114 0.0991639 -0.141457 -0.313413 -0.0776056 -0.338309 0.0228521 0.191343 0.169662 0.216015 0.0171053 0.237839 -0.110472 0.323317 0.101533 -0.15697 0.0638548 0.160196 0.247659 0.204432 -0.105615 0.0487201 -0.0548041 -0.126392 -0.245421 -0.0839104 0.0866269 0.215192 0.0387444 0.0529167 -0.355772 -0.37945 
0.00938906 0.01734 -0.0276846 0.112054 -0.082028 -0.131944 -0.0301285 0.22107 -0.394298 0.209131 -0.239581 -0.33756 -0.243965 0.0591706 0.0815453 0.512326 0.163488 0.111404 -0.0268435 -0.019542 -0.0964802 -0.176826 -0.19544 -0.00496225 -0.179668 0.126312 0.0327233 -0.350487 -0.0106511 0.0638638 0.171639 0.886421 0.0769552 -0.143398 -0.0416926 0.105271 0.100163 0.13546 0.216561 0.053072 -0.0804973 -0.138816 0.270723 -0.216573 -0.0285787 0.197194 0.0731121 -0.0318029 0.0445379 -0.150611 -0.101336 -0.0808665 -0.0225809 0.287202 0.235624 0.215825 0.108419 0.0910808 -0.0699319 -0.525495 0.197124 -0.294792 0.24542 -0.106459 -0.0574295 -0.100613 -0.0801829 0.0943153 0.00599675 -0.0183564 0.254652 0.273137 -0.00465615 -0.0820811 0.172142 -0.194148 -0.245192 0.38969 0.430898 -0.188419 -0.264856 0.381129 0.242746 0.375997 0.411305 0.483282 0.173959 -0.0391015 0.0659994 -0.354304 -0.0679884 0.294191 0.0315643 0.088385 0.583283 -0.0525936 -0.0182761 -0.0718302 -0.198182 -0.248269 
-0.100805 0.0723285 -0.025981 -0.427905 -0.0127 0.156935 -0.206429 0.464511 -0.371776 -0.0381302 0.210026 -0.0370231 0.231092 0.021433 0.138487 -0.22884 -0.000872309 0.0245001 -0.139117 -0.0828094 0.070113 -0.146903 0.0131294 0.0365245 0.0295195 0.251948 -0.110209 0.199903 0.19041 0.477822 0.37807 0.0599845 0.774607 0.397118 -0.124331 0.261061 -0.257177 0.075371 0.125019 0.390033 -0.213575 0.0867386 -0.0784089 -0.146965 0.00384964 -0.0597809 0.0988185 0.260037 0.314884 0.0167072 0.0842331 0.199852 0.106178 0.0782864 -0.266159 0.211894 -0.210569 -0.300435 0.256271 0.045211 0.115111 -0.281726 -0.321381 -0.106024 -0.0788816 0.144508 0.0476647 -0.0681591 0.0436098 0.140124 -0.0256647 -0.175459 -0.117248 -0.0653603 -0.0109455 -0.161591 -0.17215 0.0341458 0.109567 -0.0390412 -0.170067 0.188147 -0.162627 -0.10224 -0.0598432 0.182991 0.443314 0.275637 -0.0204148 -0.300579 -0.282647 -0.251355 -0.187238 -0.271052 -0.0708687 0.346137 -0.42119 -0.0136039 0.135853 0.123768 
-0.0313735 -0.0086186 -0.0155838 -0.193509 -0.178921 -0.0759023 -0.0420621 0.175682 0.0177683 0.000477508 0.160599 -0.0174931 0.378719 0.168811 -0.0547366 -0.624521 0.189402 -0.131494 -0.210143 0.0920455 0.298256 -0.253019 -0.178082 -0.240671 -0.12996 0.195979 -0.0878219 0.00695082 0.335482 0.102322 0.282177 -0.158623 0.398864 0.893303 -0.487451 -0.146868 -0.0835528 -0.00958657 -0.143023 0.502658 0.283308 0.314273 0.114475 -0.135999 -0.172553 -0.0784988 0.135803 0.192686 0.430712 -0.159894 -0.181937 -0.0110421 0.20682 -0.0179661 -0.222515 -0.0541002 -0.0541112 -0.411864 -0.131586 0.445099 0.29965 0.115826 -0.193553 -0.0584297 0.0128628 -0.00358139 -0.184034 0.0581457 0.418744 0.349959 -0.266339 -0.0964589 -0.420511 -0.00987846 0.113065 -0.12238 0.160993 0.208564 0.0247626 0.228153 0.160934 -0.197191 0.0509139 0.104597 -0.0194003 -0.156827 0.0106873 -0.0547297 -0.18897 0.054 -0.142411 -0.1087 -0.305739 -0.0935003 0.0935759 0.226166 -0.0272445 0.363825 -0.0261375 0.226767 
0.21121 0.290112 -0.150317 0.320282 -0.122781 0.0604299 -0.109485 0.117462 0.0351801 0.0940585 0.461247 -0.0859116 0.0261331 -0.0421324 0.0276224 0.219351 -0.0298521 0.266073 0.164465 -0.340905 -0.193897 0.732965 -0.0783597 0.360974 0.0696085 0.00249786 0.168618 0.332231 -0.294805 0.305699 -0.425646 -0.0759012 -0.141569 -0.506434 1.00273 0.103748 -0.138956 0.298185 0.22812 -0.320234 -0.268935 -0.303532 -0.250766 0.0400679 -0.277017 0.0131044 0.185782 0.213051 -0.248364 0.181997 0.0631227 0.0459393 0.321183 -0.0517812 0.0390486 0.0355475 -0.211949 0.0844337 -0.183768 -0.343982 -0.225408 0.174187 0.192194 0.260668 0.0276574 0.137828 0.102666 -0.00366974 -0.529339 -0.392502 4.87438e-06 -0.133492 0.113004 0.181197 -0.237378 0.0197916 0.0977629 0.0291543 0.0490729 -0.115534 -0.122074 -0.159811 -0.0644343 -0.301331 0.0875689 -0.0306746 -0.23427 -0.134546 -0.0305113 -0.0109087 -0.13739 -0.153903 0.315905 0.0890797 -0.149804 -0.480151 -0.328967 -0.29563 0.174647 0.189773 
-0.136148 0.467367 0.12775 -0.354209 -0.00944528 0.208215 -0.141673 0.216009 0.122948 0.189407 -0.169599 -0.0622764 -0.103378 -0.0114667 -0.0274858 0.486501 -0.346031 -0.189087 0.256393 -0.198049 -0.225712 0.194533 0.433977 0.0609747 -0.236938 0.174918 0.0989136 -0.349666 0.193748 0.145995 0.166881 0.0618096 0.23457 -0.175104 0.0944948 1.12832 -0.456129 0.0511528 0.0707011 0.212725 0.370674 -0.0936389 0.122122 -0.329969 0.249069 -0.187251 -0.117171 0.494066 -0.382219 0.0669194 0.255292 -0.113894 0.000724675 0.0219819 -0.341599 0.371428 -0.20977 0.0813888 0.0772975 0.144839 -0.000298276 -0.151015 -0.0997719 0.0410353 -0.629245 0.26047 -0.00961962 -0.505504 0.0807326 0.0901708 0.231645 -0.288027 0.0635692 0.0972321 -0.190792 0.294255 -0.27413 -0.0886434 -0.283003 -0.158528 0.0381784 0.508392 -0.349278 -0.281588 0.0588189 0.107689 -0.0485134 -0.219965 -0.171788 -0.317118 -0.300264 -0.0889185 -0.13475 -0.08084 -0.131923 -0.213861 -0.0296285 -0.233979 0.165144 -0.472387 
0.183419 -0.400853 -0.0784073 0.577795 0.350863 0.0269493 0.0181384 -0.163611 0.0611431 -0.0573596 -0.16059 0.463318 -0.0140626 -0.0792295 0.100379 -0.0257884 -0.0280841 0.395577 0.179015 0.0620433 0.344699 -0.261274 -0.0666811 -0.30809 0.0726377 -0.110149 0.0183998 -0.121104 0.234619 -0.281221 -0.149368 0.0928071 -0.247563 -0.0756837 -0.112103 -0.420024 0.997952 -0.180403 0.0986507 0.103931 -0.0222613 -0.575629 0.068297 -0.0130741 0.336069 -0.172171 0.0527311 -0.317915 0.318863 0.0944915 0.357062 -0.0348015 -0.184704 0.044184 0.480297 -0.183506 0.349054 0.100653 -0.238275 0.0687712 -0.168133 0.0218938 0.149874 0.00818406 0.0304389 -0.0538978 0.234353 0.0653951 -0.125741 -0.0830788 -0.445111 -0.00391326 -0.0437167 0.175949 0.218366 -0.268249 -0.00231579 0.232746 0.297954 -0.134249 0.267411 -0.0181603 0.0392035 0.0837802 0.0458276 -0.215943 -0.154455 0.229121 0.381187 -0.0302029 0.424813 0.280991 -0.0847575 -0.410075 0.264066 0.0101255 0.0180987 -0.278712 -0.0887454 0.141525 
-0.00786761 -0.0554204 -0.212312 -0.233066 0.00639366 0.192341 0.263173 0.265485 0.125481 0.157966 0.106213 -0.246595 -0.063134 -0.0814776 0.0882319 0.168496 0.259168 0.196471 -0.0519367 -0.0809401 -0.221368 0.118099 0.123245 0.0104419 -0.067262 0.313932 -0.0717133 0.154818 -0.127694 0.211606 -0.163144 0.115492 0.0723732 -0.0143297 0.312425 0.0746458 -0.193015 0.657011 -0.101046 0.163641 0.14745 -0.0932983 0.0643367 0.100605 -0.218607 -0.149993 0.283467 -0.0474882 -0.0179903 -0.00777885 -0.34999 0.163966 0.169111 -0.12431 -0.0914486 -0.0845147 -0.339473 -0.325186 0.0149388 -0.242934 -0.227422 -0.0967286 0.224616 0.128063 -0.0954395 0.174395 0.448212 0.139795 -0.398246 0.0263987 0.152142 0.199324 0.006085 0.16513 -0.0481386 -0.270782 -0.0034519 0.170097 -0.0478639 0.0307394 0.0435248 -0.19992 0.0900814 0.161268 0.175747 0.221419 -0.307181 -0.192017 -0.436295 0.0796087 -0.569152 -0.0228011 0.0595484 0.0951237 0.127543 0.000651781 0.193017 -0.210312 0.146681 0.170297 
0.237237 -0.193624 0.484469 -0.104011 -0.0383074 -0.104182 -0.378698 0.137808 -0.0278612 -0.100603 0.442577 -0.0244805 0.022462 -0.23197 -0.296347 0.257693 0.17192 0.208028 0.320085 0.361862 -0.0941422 -0.0619804 0.0965004 0.634922 -0.303678 -0.0884193 0.20727 -0.157107 -0.0432207 -0.0147476 0.269985 0.189468 0.114897 -0.154891 0.235235 0.0870698 0.0789142 -0.10817 0.987487 0.0426949 -0.242252 -0.0817031 -0.355361 -0.0666551 -0.170457 0.0634191 0.323152 -0.180855 -0.248081 -0.0276302 0.00121671 0.519472 0.384914 0.115446 -0.211598 0.0138119 -0.0519378 0.175743 -0.0798615 0.0687102 -0.0193026 -0.279114 0.0269078 -0.39347 0.0171263 -0.285015 -0.0782923 -0.17232 -0.0172582 -0.394841 -0.382211 -0.474267 0.0684444 -0.0550227 0.0339778 -0.0365021 0.0600901 0.462086 0.261713 -0.165036 -0.21287 0.354265 0.0569682 -0.0457643 0.00758341 0.0265389 0.00644799 -0.00674051 0.417527 -0.145712 0.255936 -0.0428427 -0.0980812 -0.168123 0.0415312 -0.307542 -0.295103 -0.223556 -0.102536 -0.100237 
-0.0926173 -0.122301 -0.1773 -0.362099 0.0503719 0.192228 -0.127934 0.0775065 0.120053 -0.0991576 0.0204078 -0.123167 0.0911616 0.0811072 -0.33324 -0.202697 0.0460673 0.251723 0.0128606 -0.0129318 0.210301 -0.350492 0.214611 -0.313007 -0.172945 0.30048 -0.107885 -0.276817 0.5072 -0.0250651 0.218984 0.0232078 0.37714 0.488019 -0.315889 0.226323 0.0814229 0.153745 0.0399234 0.889096 0.257774 -0.14802 0.000985562 0.0164987 -0.0138528 -0.146393 0.289279 0.204252 0.149898 0.0247549 0.183586 0.181268 0.235892 -0.171556 -0.112389 0.0227707 -0.332315 -0.63276 0.0189745 0.214955 0.00826425 -0.064297 0.0493759 -0.0184927 -0.326275 0.100876 -0.112417 -0.200158 0.182404 -0.138772 -0.155676 -0.0491257 -0.0283903 0.295471 0.0495811 0.00757471 -0.0695605 0.282734 -0.0683647 0.0296378 -0.0755068 -0.107796 -0.329443 0.236139 0.331194 -0.26081 -0.110909 0.0668223 -0.112545 -0.25218 -0.341042 0.101415 -0.245993 -0.552947 0.380759 0.319419 0.00142313 -0.067335 -0.16012 0.0329385 
-0.0152262 0.0655438 0.250653 -0.0998327 -0.0214974 -0.0182913 0.188937 0.0705339 0.507663 0.278996 -0.221106 -0.062488 -0.122417 -0.126562 -0.282524 0.0695833 -0.0888492 -0.103438 0.0894649 -0.0194506 -0.0917971 -0.110168 0.166209 -0.276581 -0.278265 0.048409 -0.0491488 -0.274963 0.255307 -0.04762 0.00692751 -0.105351 -0.221459 0.273679 -0.25958 0.389281 -0.0397591 0.142564 -0.240013 0.262784 0.979717 0.21215 0.0773233 -0.247687 0.046933 -0.19079 -0.00774957 0.296126 -0.17284 0.0370366 -0.186242 -0.403721 0.0469226 -0.206881 -0.158188 0.0220697 0.231772 0.0363562 -0.360265 0.384032 0.00533607 0.0733712 0.301504 -0.0198827 -0.597652 0.0936832 0.173017 -0.0432741 0.269007 0.327724 -0.206983 0.0180055 -0.362592 0.194209 0.239248 0.0842612 0.0492203 0.0489278 -0.452836 0.0810232 0.386394 -0.0540485 -0.217078 0.0504278 -0.00794645 -0.0327817 -0.50751 -0.383115 -0.275359 0.390474 -0.0963733 0.268725 -0.0841109 0.148787 0.231261 -0.16485 0.569907 -0.0135158 0.0598568 -0.0397926 
-0.0234317 0.107851 0.433034 -0.385747 -0.199923 -0.252454 0.138529 0.0347731 -0.00518494 0.012977 0.263077 -0.375081 -0.137937 0.121721 -0.35012 -0.287856 -0.030747 -0.170713 -0.20802 0.245644 -0.184624 -0.119004 0.0498207 0.200131 0.112932 -0.0385061 -0.0514328 0.187619 -0.1961 0.19104 0.248919 -0.152344 0.0901811 0.31597 -0.282852 -0.0637056 -0.5818 -0.086858 -0.0681385 -0.131684 0.223476 1.00754 -0.143249 0.138443 -0.168758 0.37613 0.0409844 0.169253 -0.258709 0.0388518 -0.345628 -0.0866337 0.0180484 -0.198633 -0.406077 -0.0538422 0.161325 0.178617 0.196794 0.199598 0.320936 0.0629018 -0.0124335 -0.180436 0.14948 -0.233773 -0.16757 0.218077 0.470291 0.317116 0.170755 0.124251 -0.0222414 -0.203938 0.225741 0.161934 0.0701758 -0.349595 -0.474566 0.13278 -0.202225 -0.0830727 -0.0329828 0.0766867 -0.287155 0.115768 0.346583 -0.0821532 -0.03772 0.407501 0.096915 0.0693099 0.0739717 0.515116 -0.0615109 0.179502 0.157407 0.462627 -0.134555 0.146091 
-0.117261 0.31596 -0.451156 0.332496 0.0759629 -0.147693 0.144007 -0.0448583 -0.131578 0.181978 -0.157058 -0.0709209 -0.118315 0.539755 0.504742 0.0136559 0.112287 -0.0698692 0.0487524 0.233125 0.0715258 -0.0077274 0.196688 -0.505972 0.0616814 0.389338 0.155033 -0.400454 -0.0560689 -0.165421 -0.113541 0.248504 -0.0836568 0.107482 -0.238776 0.143365 0.0534347 0.0620865 -0.350486 0.0086312 0.0799588 -0.151939 0.98087 -0.105845 0.190574 -0.132034 -0.052561 -0.236179 -0.0419784 -0.205009 0.000539313 -0.0789206 -0.292716 0.0524944 -0.00353703 -0.195663 -0.134598 0.0915686 0.0719737 0.0785391 0.290927 0.0459251 -0.297766 0.256775 0.226036 -0.139799 -0.00765321 -0.148209 0.112892 0.514268 0.455532 0.10802 0.0500118 0.220475 -0.0698981 -0.338505 -0.022604 0.0373813 0.129668 0.116492 0.263626 0.223773 0.506743 -0.0919706 0.173048 -0.130396 -0.0838509 -0.467692 -0.271246 -0.354322 -0.161543 0.0472356 -0.415014 0.166347 0.103096 -0.154193 0.0224695 0.0345805 -0.105984 -0.435456 
0.142195 -0.061428 0.122032 -0.338581 0.231878 0.44479 -0.00149673 -0.434492 -0.131835 -0.128565 -0.126479 -0.195186 -0.266643 -0.0258688 -0.216493 -0.269087 -0.194884 0.158278 -0.115418 0.151461 0.20967 0.301007 -0.0891984 -0.0813011 0.257966 0.315908 -0.210922 0.134771 0.0083234 -0.3129 0.237614 -0.254318 -0.167739 -0.158518 0.0365322 -0.324252 -0.0434622 0.082829 -0.0773067 0.00861859 -0.260577 0.114226 -0.121371 1.17338 0.209644 0.305154 0.142491 -0.170415 -0.266169 0.207955 -0.213061 0.544077 0.175361 -0.33456 0.509833 -0.414315 -0.156963 -0.133377 0.193435 -0.0875356 -0.306625 -0.00839168 0.0976965 -0.0994492 0.486003 0.0646072 -0.0344943 -0.0410722 -0.2714 -0.0766226 0.167285 -0.00362838 0.53355 -0.19281 -0.156668 0.212345 0.438022 -0.147539 -0.21497 0.286686 -0.19717 -0.224787 0.244987 -0.151309 0.0114964 -0.351588 0.122507 0.203742 -0.356466 0.372886 -0.23932 0.0321119 0.231573 -0.197189 -0.145148 0.169849 0.288739 -0.155804 -0.624617 -0.259864 
0.119957 -0.0589186 0.235692 -0.0856451 0.256059 0.305603 0.234348 -0.214054 -0.0922375 -0.0146082 -0.378238 0.389688 -0.278799 0.0519336 0.114255 0.102041 -0.672637 0.170886 0.0358028 -0.169602 0.194125 -0.000822117 0.135884 -0.178134 0.0192668 0.182444 -0.114083 -0.219617 0.15848 -0.30096 0.133348 -0.0515667 -0.0021677 -0.180316 -0.265797 0.269543 0.320438 -0.221626 -0.166352 -0.00697657 0.048799 -0.178218 0.189804 0.2244 0.865765 -0.168973 -0.0454997 0.0781076 0.00898859 0.08328 0.367797 -0.0225229 -0.418893 0.0145305 0.231674 -0.10802 0.164473 0.218774 0.123984 0.200384 -0.108275 0.101012 -0.0169687 0.0639806 -0.0179135 0.209325 0.335412 -0.192431 -0.021015 0.492061 0.0506396 -0.18064 0.335091 -0.354279 -0.00098384 -0.0270712 -0.245024 -0.178582 -0.165135 -0.344682 0.277319 0.394662 0.0340844 -0.144699 -0.253696 -0.0249118 0.327161 0.246802 -0.0229984 -0.107954 0.0649979 0.110466 -0.156926 -0.235665 -0.254731 0.0696834 -0.00925644 -0.212462 -0.313143 -0.141029 
0.0646409 0.221516 0.146045 0.0556831 -0.015914 -0.0528967 -0.142405 -0.102073 -0.196326 0.0427434 0.0267676 -0.340547 -0.0925559 0.128969 -0.212615 -0.0076926 0.0427296 -0.0466286 -0.034719 0.123557 0.0635133 0.131756 -0.161829 0.110358 0.262163 -0.0570855 0.0662687 0.104466 -0.00913698 0.0750171 0.222097 0.208654 -0.0313498 -0.0518131 0.0587735 -0.13233 -0.153354 -0.118564 0.101972 -0.105069 -0.154476 0.401118 -0.0983555 0.354358 -0.134525 0.572008 -0.0312908 0.122504 -0.161238 0.165128 -0.05035 0.00969519 0.122839 -0.0284917 0.24241 0.0759478 0.159845 0.158703 0.0925039 -0.231122 0.166584 -0.00963307 0.098764 -0.10841 0.244875 -0.123913 -0.462829 0.0995254 0.188758 -0.223484 0.243483 0.220185 0.164393 -0.0254114 0.063913 0.358486 0.167429 -0.14569 -0.00126535 0.191814 -0.434219 -0.0424885 0.0215025 0.0933297 0.152058 0.0197783 0.304629 0.11665 0.134828 0.13852 0.18337 0.160187 0.334629 0.175263 0.215751 0.0936457 0.0820889 0.22437 -0.242999 -0.156132 
0.324247 -0.216343 0.113759 -0.0951891 -0.131712 -0.128622 0.10141 0.0472214 0.0428112 -0.0535771 0.543424 -0.203097 -0.165595 0.0671852 -0.406903 -0.150617 0.081557 0.492002 -0.036372 0.0277935 0.143738 -0.00370285 0.197975 0.290379 -0.162846 0.478125 0.039685 -0.187617 -0.0980427 -0.0599695 -0.134512 0.06573 0.108407 0.143646 0.212608 -0.0810912 0.0527052 0.296053 0.342863 0.311761 0.00972238 0.0471305 -0.0377245 0.172853 -0.0298938 -0.0501333 0.734051 0.142743 -0.212647 -0.131814 -0.00594281 0.369093 0.234386 -0.0539429 -0.257872 -0.402915 -0.293928 -0.276083 -0.13808 0.153196 0.136358 0.181863 0.234478 0.142248 0.106672 0.0826713 0.186864 0.131759 -0.172897 0.106783 -0.0953476 -0.069367 0.20642 0.0245459 0.115876 -0.3399 -0.0451886 0.282775 0.0144247 -0.318002 -0.0707903 -0.0402325 0.108852 0.249924 -0.0255419 -0.134498 0.0453941 -0.12043 -0.0281807 -0.0579814 -0.200666 0.187562 0.0249294 -0.188605 0.0902062 -0.155925 -0.151917 -0.157013 -0.229752 0.338237 
0.13277 0.440687 0.103896 -0.01327 -0.361933 -0.0920706 -0.290221 0.141018 -0.190496 0.151608 0.0494904 -0.2253 -0.0387982 -0.0684325 -0.438388 -0.260477 -0.4215 -0.135785 -0.268598 -0.7247 0.299236 0.388595 -0.232571 0.0187407 -0.0761052 0.328481 -0.124399 -0.15697 0.216761 0.282646 -0.0440374 -0.07079 0.238021 0.168924 0.208272 0.498541 -0.349546 -0.0665069 -0.19275 0.195129 0.281993 0.143794 -0.252948 -0.171658 0.0621084 0.0720569 0.111138 1.15389 -0.170372 -0.01419 0.283215 -0.436655 0.186664 0.104081 -0.0388939 0.163235 0.0706349 -0.154494 -0.419996 0.113995 0.340652 0.255599 0.149131 0.292619 -0.475088 0.609662 -0.343506 -0.00328086 0.015043 0.177498 -0.0220727 -0.0571739 -0.185109 -0.0791386 0.0490025 0.25495 -0.0993568 -0.199317 -0.159693 -0.243747 -0.163612 0.0440146 -0.453489 -0.155916 -0.111581 -0.0939956 0.279394 0.0510626 -0.125465 0.016966 -0.205372 0.1395 0.433108 -0.246593 -0.0625501 -0.194867 -0.178556 -0.0372403 0.00176573 0.0975579 
-0.0765639 -0.176959 -0.225142 0.0248126 -0.0537692 0.291311 0.20934 0.143741 -0.0545548 -0.0496387 -0.208977 0.456684 0.563183 0.0841741 0.48264 -0.147489 -0.00753519 0.00156893 -0.137098 -0.281009 0.127546 -0.112525 -0.540788 -0.222571 -0.0903731 -0.301038 -0.123071 0.39177 0.308464 0.0931101 0.158915 0.0310834 0.318401 0.432483 -0.227609 -0.352212 0.312765 -0.0114763 -0.234443 0.166308 -0.161441 -0.258635 -0.0332142 -0.241879 0.0185222 -0.186153 -0.21872 -0.144839 1.01052 -0.0253391 -0.0264126 -0.160257 -0.0233152 0.177528 0.264353 0.307814 0.0386245 -0.321236 0.00746876 -0.121353 -0.166193 0.163606 -0.0669155 -0.0337974 0.11747 0.00704899 0.104789 0.0908143 0.133066 0.0535831 -0.290226 -0.016066 -0.331179 -0.300434 -0.103531 -0.0815548 -0.0729929 0.312263 0.360001 0.0428906 0.254954 -0.214288 0.0791426 0.202585 0.154752 0.251692 0.000456875 0.364218 -0.0641912 -0.178777 -0.0348076 -0.326295 -0.304125 -0.044718 0.0511232 0.36733 -0.235026 0.327412 0.0976051 0.433675 
-0.032902 0.195384 0.0296263 0.0296736 0.288666 0.314147 -0.0519257 0.0717435 0.023987 0.0462561 0.103757 0.00240001 -0.0956776 0.0987027 -0.00831011 0.0136769 -0.34497 0.393261 0.221131 -0.0170221 -0.205759 0.175477 0.0445937 -0.272279 0.308283 -0.195839 -0.038237 0.423699 0.146149 0.350728 0.118809 -0.161485 0.0228042 -0.155543 0.205332 0.0995072 0.090974 0.00131592 -0.0114111 0.0437454 0.0510169 0.0415063 -0.193664 0.234826 0.0953944 0.142794 -0.135305 0.0139235 -0.0227584 0.58282 0.163842 -0.101377 0.0840299 -0.453135 0.201399 0.177758 0.174907 0.202738 0.186228 -0.130384 -0.31672 -0.0907038 0.102353 -0.121382 -0.0742498 -0.222768 0.142177 -0.129401 0.0506954 -0.204509 -0.114135 -0.0948136 0.0660747 0.273794 0.0725039 0.160269 0.086156 -0.204741 -0.394171 0.163526 -0.0809196 -0.140695 -0.351447 -0.360416 0.108831 -0.120202 -0.04016 0.166135 0.0731182 0.157049 0.0904141 0.0297205 -0.0772905 0.0082659 0.181224 0.158398 -0.0873486 -0.151209 -0.138168 0.0646404 
-0.0425169 0.0629616 -0.268485 0.307886 0.122301 -0.0635416 -0.186358 -0.213227 -0.00253635 -0.241561 0.045667 0.290917 -0.0269987 0.180673 -0.125281 -0.0326866 -0.376873 0.208315 0.14695 -0.27265 0.225678 -0.0771478 0.320699 -0.131441 0.187974 -0.0883395 0.100326 -0.207546 0.169494 -0.100929 -0.273628 -0.151954 0.0505854 -0.21733 0.046713 0.248135 0.3138 -0.38064 -0.0223089 0.162832 -0.212006 -0.382719 -0.0278604 -0.225935 0.340166 -0.112429 -0.0491791 0.271583 -0.0635765 0.124097 0.869169 -0.174748 -0.27907 0.0285899 -0.0458827 0.0847033 -0.0532327 -0.0187011 0.113724 0.137163 0.085706 0.211092 -0.150211 0.295792 -0.191439 0.13737 -0.215326 -0.238937 0.0553227 -0.253395 0.0129641 -0.0786427 0.258633 0.256969 -0.0598948 0.164533 -0.349505 -0.292794 -0.0413198 -0.341812 -0.103418 0.107013 -0.510473 -0.0947043 -0.0202033 -0.367063 0.244272 0.259098 0.46959 -0.47182 0.288654 0.0927066 0.00269071 -0.48815 -0.0800118 0.0791925 -0.423824 -0.123719 0.0705362 0.0472007 
0.0695858 -0.324595 0.110969 -0.472176 0.150693 0.198271 -0.171033 -0.0963611 -0.0374057 -0.255414 0.214541 -0.0256027 0.0317021 -0.193352 -0.0720789 -0.0695566 0.307057 0.0368425 0.0702782 0.459909 0.084227 -0.0803309 0.274067 0.383011 -0.0766484 0.285164 0.00791203 -0.0674995 -0.0957566 -0.261336 0.22415 -0.135191 0.162498 -0.0501414 0.0258233 -0.124757 -0.0817699 0.12961 0.49224 0.156808 -0.433191 -0.12743 -0.111027 0.527496 -0.0538595 -0.0560898 0.322151 -0.451993 -0.201128 -0.144828 -0.178454 0.901655 0.231371 0.00175771 -0.130713 -0.343201 -0.480924 -0.269225 0.262855 0.125384 -0.19493 -0.289978 -0.23368 -0.22081 0.339797 -0.0240127 0.0795401 -0.158265 -0.313537 -0.22144 -0.019942 -0.277305 0.367424 -0.0863505 -0.228359 -0.10636 0.210098 0.213647 0.18108 0.0982937 -0.138052 0.0932327 0.291576 -0.0296795 -0.0703676 -0.174819 0.0289562 0.0622136 -0.0657791 -0.0650183 -0.217597 -0.235594 -0.0835479 -0.340735 -0.298622 0.0511558 -0.0190825 -0.243443 -0.124116 -0.226719 
0.0747558 0.100599 0.0859357 -0.179791 -0.283148 0.0577127 -0.394762 0.0772916 -0.0264955 -0.00928072 0.282921 -0.2896 0.142882 -0.123338 -0.31959 -0.169744 0.0841798 0.0653024 0.00424351 -0.0625239 -0.0689506 0.293519 -0.361113 0.107318 -0.31104 0.0265392 -0.0622229 0.0377712 0.0987434 0.115866 0.16397 -0.0992591 0.0464705 0.145367 0.278714 -0.0324921 -0.254026 0.112402 0.335328 0.189078 -0.00490153 -0.0451016 -0.347176 0.136427 -0.472583 0.0347005 0.16509 0.148973 -0.086539 0.0182253 -0.305129 0.209017 0.660304 -0.163682 0.0230861 0.0425866 -0.193203 -0.24099 -0.3117 -0.0576939 -0.0980298 -0.0509313 0.136614 -0.204287 -0.0556115 -0.121051 -0.265416 -0.137987 -0.0397787 -0.348425 -0.355296 -0.354223 -0.204793 0.0202668 -0.102869 0.0833079 0.365597 0.416901 0.0292103 0.204026 -0.153639 -0.200942 -0.0166512 -0.207533 0.23924 -0.206139 -0.330962 -0.160768 -0.214237 0.101399 -0.246146 -0.157533 -0.0462491 -0.116455 0.136586 -0.263913 -0.153411 -0.0748969 -0.25008 -0.0356648 
0.0264948 -0.108167 0.00780823 0.0944792 -0.209787 -0.208508 -0.121143 0.000382291 -0.151472 -0.0210803 -0.267684 0.172415 0.208691 -0.259073 0.159025 0.160824 0.261281 -0.525246 -0.158023 -0.143704 0.253869 -0.0638792 -0.174115 0.371085 -0.221446 0.0108683 0.0668778 -0.307007 -0.0686362 -0.236177 -0.0531376 0.240005 0.0480602 -0.0499377 -0.0647695 0.0182464 0.0043433 -0.151539 0.0953418 -0.188889 -0.229224 -0.232302 0.0275161 -0.344012 -0.00967839 -0.087149 -0.0937577 0.0958713 0.143786 -0.489458 0.0320114 0.00888539 -0.1342 0.635348 -0.00349848 0.0762841 -0.0190836 -0.0538738 -0.191147 -0.0213081 0.235037 -0.02407 -0.16041 0.0796658 -0.0265084 0.365336 -0.220058 0.0753585 -0.148093 0.0159384 0.0729145 0.0531086 -0.104411 -0.335138 -0.139336 0.0179326 -0.144795 0.132329 0.5743 -0.199288 0.00537511 0.290987 0.216969 0.239638 -0.12648 0.258604 0.177534 0.0720945 0.12258 -0.233218 0.0688744 -0.107093 0.25159 -0.110743 -0.265746 -0.156357 -0.0189095 0.0666018 0.31888 -0.15208 
0.0706374 0.0372735 -0.105381 0.30172 0.161333 0.338999 -0.167341 -0.261293 -0.329856 0.0915235 -0.605664 0.0466862 -0.104348 -0.124862 0.145117 0.0136475 -0.239276 0.0327386 -0.10121 -0.271552 0.268004 0.284329 -0.659475 -0.443146 0.110409 -0.0433673 -0.220789 0.0294842 0.238603 -0.192637 0.14013 0.193292 -0.291521 -0.249622 0.0309245 -0.34047 0.445321 -0.113813 -0.226838 -0.124858 -0.175667 -0.434882 -0.0236512 0.505245 0.212329 0.188617 -0.292823 -0.0422395 0.235475 0.16994 -0.0375971 -0.118721 0.0574316 0.00136565 0.999764 0.0406199 0.328196 0.0679729 -0.256523 -0.438411 -0.277749 -0.0749306 0.241812 -0.0788797 0.141497 0.107278 -0.14178 0.00328063 -0.243152 -0.166078 -0.0872837 0.0933498 0.0114094 -0.168421 -0.0352644 0.146291 0.291295 0.126104 0.256218 0.202363 -0.0331413 -0.0949077 0.18266 -0.145172 0.284828 -0.0824377 -0.0531546 0.282277 -0.157932 0.159348 0.0158835 0.143736 0.234599 -0.232108 0.249609 0.00370001 0.180762 -0.204607 -0.442739 -0.304842 
-0.286023 0.198927 -0.0579774 -0.160686 -0.157336 0.146258 -0.142137 0.165353 -0.0527316 0.0143482 -0.27541 0.0278562 0.190748 -0.0466103 0.117686 0.3637 -0.19461 -0.189657 0.0575001 -0.318074 -0.35413 0.0126633 -0.255188 -0.043466 -0.178585 -0.494471 -0.048102 0.128373 0.162145 0.249705 0.179649 0.148004 0.161044 -0.106695 0.00193547 0.347069 -0.24397 -0.132367 -0.026916 -0.0151857 -0.0208969 -0.108135 -0.241265 -0.444391 -0.152852 -0.0033332 -0.463353 0.134401 0.253448 0.120811 0.067501 -0.356697 0.0514442 0.0556604 0.015132 0.656288 0.0463177 0.020857 0.0867126 -0.332287 -0.136389 -0.127934 0.0108483 -0.16978 -0.362661 -0.11313 -0.212711 -0.205999 0.227938 -0.3382 -0.0179458 -0.071669 -0.212715 -0.0992769 -0.131013 0.33805 -0.210806 0.0508333 -0.00277625 0.00607292 -0.134438 0.0841445 -0.363522 -0.0457198 0.269516 0.319605 -0.0416392 0.141081 0.0523236 -0.252595 -0.0161324 -0.213561 -0.126503 0.110757 0.138675 0.112173 -0.202617 0.152951 0.128155 -0.0771557 
0.0362027 -0.0385056 0.33512 0.341529 0.0862922 -0.211822 -0.174879 0.0610172 -0.236916 0.149853 -0.259018 0.0740274 -0.218196 -0.262732 -0.0250751 -0.0912182 -0.220624 -0.0771275 -0.074353 -0.0282815 0.0141368 -0.132101 -0.370623 -0.248078 0.0850179 -0.269049 -0.155491 0.0443789 0.0202979 0.140881 0.106462 0.0668303 -0.235187 -0.0804747 -0.21933 -0.207898 0.314821 -0.361094 -0.0664339 -0.34404 0.215037 0.133264 -0.153968 -0.160807 0.145872 0.106795 -0.328135 0.0680332 0.01049 0.144192 -0.0442032 -0.468188 -0.158114 -0.0134756 0.32894 0.0725495 0.779127 0.554935 -0.305229 -0.0169374 0.0654288 -0.224713 0.118283 -0.252855 -0.162688 -0.136475 0.0590639 0.187042 0.121696 0.211763 -0.347638 0.00609559 -0.380149 -0.0846886 0.414789 -0.0952831 0.0806194 -0.147973 -0.0595787 0.0276064 0.093122 0.12876 -0.0758886 -0.262395 -0.249056 0.0942585 0.0995042 0.119545 0.257014 0.394945 0.473783 0.286855 0.116672 0.104642 0.165775 -0.0810364 0.134134 -0.106051 -0.0706943 -0.0453265 
0.0479688 0.192946 0.366849 0.345138 0.0964258 -0.227861 -0.117229 0.00901026 -0.183712 0.148423 -0.0237925 0.0603071 -0.325506 -0.0378892 0.154073 0.223627 -0.292621 -0.0362637 0.187048 0.186877 -0.287523 0.130967 -0.0505956 0.021442 0.0906142 -0.28012 0.0871794 0.0134202 -0.286226 0.103068 0.0259664 0.0443728 -0.330172 -0.443346 0.0719344 0.0781424 0.0613014 -0.351926 0.156128 -0.649603 0.0145023 0.145437 0.0670792 -0.14234 0.195054 0.100535 -0.315409 -0.162215 -0.35449 0.166903 -0.0147907 -0.261608 -0.21102 -0.0533849 0.0635978 0.0419697 0.549816 0.859353 -0.0551697 -0.0285494 0.0370349 -0.193049 -0.0574694 -0.216793 0.0405687 -0.369663 0.117245 -0.0504018 0.0856555 0.213379 -0.0629493 -0.20875 -0.0635345 -0.0785814 0.186438 -0.0792825 0.0353295 -0.219858 -0.155539 -0.0396623 0.0951446 0.37879 0.121957 -0.501833 -0.284149 0.0929126 0.0833301 -0.149107 0.265803 0.187018 0.488572 0.103081 -0.078369 0.383333 -0.0976444 -0.364707 -0.0653883 -0.151184 -0.0833595 -0.282928 
-0.357708 -0.104094 -0.209328 -0.475995 0.201659 0.175992 0.158311 -0.0857923 -0.0707804 -0.292219 -0.0154194 -0.0132374 -0.0933949 0.187913 0.173725 0.0987829 -0.0760893 0.0502626 0.0115694 0.23177 -0.355098 -0.297958 0.423101 -0.0335191 0.249049 -0.167637 -0.0625979 0.215642 -0.178171 0.0357648 0.0916816 -0.135038 0.208135 -0.181467 -0.214665 0.0556527 -0.296025 -0.0301989 -0.117875 -0.0162674 -0.400518 0.145216 0.0290861 0.166073 0.081866 0.0159373 -0.195804 -0.446115 -0.044183 0.131996 0.0992362 0.252073 -0.300128 -0.209057 -0.279297 0.089427 -0.328746 -0.0735679 0.776359 -0.150522 -0.174441 -0.201591 -0.315643 -0.090131 0.201076 -0.276336 0.107656 -0.140893 0.0822461 -0.14992 0.416005 0.0953896 0.424683 0.00371321 -0.166842 0.0611483 -0.257637 -0.371343 -0.267464 0.0363426 -0.228553 0.0190417 -0.148972 0.0111025 -0.0135027 0.081182 0.293791 0.214027 0.0496048 -0.265798 -0.0991248 -0.224539 -0.262107 0.0683146 -0.180187 0.521181 -0.151072 0.108195 0.0110346 -0.0617318 
0.0730864 -0.0824073 0.254852 -0.0955335 0.0222036 -0.151692 -0.0825823 -0.140878 0.365436 -0.118344 0.179293 0.3085 0.169844 -0.0515379 -0.201381 -0.454484 -0.0153313 -0.241498 0.0836902 0.272786 0.306063 -0.170173 0.368281 0.047325 -0.123955 0.140733 0.0791519 -0.26624 0.157327 -0.282498 0.0206432 -0.574327 0.0133495 0.411492 -0.358606 0.139468 0.0272953 -0.271798 0.0469708 0.195987 0.360054 0.164294 0.0519255 -0.0986234 0.174539 -0.291414 0.111746 0.10415 -0.156731 -0.168343 0.138949 0.130876 -0.0298479 -0.0229434 -0.44491 -0.313299 -0.0241807 -0.0306736 -0.134248 0.876722 0.187497 0.174608 -0.325316 0.0151625 -0.110156 0.102584 -0.0343871 -0.182173 0.247134 0.341621 -0.324624 -0.385275 -0.128655 0.0594783 0.0144786 0.0124794 0.140367 -0.104389 -0.219949 0.0360195 0.381364 0.0568022 -0.0556185 -0.205498 -0.449112 -0.47068 -0.112686 -0.183355 0.0520268 0.159816 0.173315 -0.0842762 -0.224714 -0.220651 -0.434556 -0.127755 0.0983335 0.0504821 0.14026 -0.0254829 
-0.0304682 0.15833 -0.0803582 0.189304 -0.340424 -0.608153 -0.253483 -0.00228423 -0.322095 -0.0259852 0.164843 -0.292011 -0.098344 0.197265 -0.193038 -0.337043 0.117035 -0.250568 -0.261999 0.00363486 0.203271 -0.172824 -0.0445769 -0.0192384 -0.0517453 0.22936 0.0381321 -0.42196 -0.13608 -0.013736 -0.0914795 0.136398 0.0713548 0.254149 -0.251926 -0.0175632 -0.221503 -0.26818 -0.0529362 -0.0225979 -0.0305363 0.273738 0.252419 -0.329607 -0.146013 0.0943969 0.0830135 0.318913 -0.213465 -0.366573 0.075598 -0.201332 -0.082078 0.221507 -0.296142 -0.129295 0.0462913 0.0230165 -0.170062 0.175603 0.655671 0.0717521 -0.210759 0.138997 0.0418059 -0.0106145 -0.461688 0.104228 0.263773 0.273221 0.158916 0.0795467 -0.145698 0.00013095 0.159773 -0.160003 -0.0909236 -0.0926248 0.132264 -0.115446 -0.173066 0.160655 0.082263 0.0472961 -0.128757 -0.129877 0.327206 -0.212203 0.133951 -0.197447 0.110409 0.159615 0.0361286 0.0181908 0.031152 -0.146787 -0.210676 0.208227 -0.0445002 -0.100314 
0.19834 0.108684 -0.111273 0.230422 -0.410264 -0.0535615 0.434216 -0.487033 0.414019 -0.143343 0.180364 0.232697 0.187632 0.461257 -0.190773 -0.137296 -0.388108 0.136432 -0.0378979 -0.43405 0.119903 0.389862 -0.166118 0.107635 -0.176841 -0.166028 0.133524 -0.0442959 -0.0253379 -0.425033 -0.416739 -0.331544 -0.301507 0.0942994 0.171644 -0.144306 -0.00750178 -0.113512 -0.288773 -0.0711846 0.0614735 0.0396781 0.031392 -0.0073991 0.087248 -0.0578452 0.152494 0.257834 0.140309 -0.116582 0.224958 -0.272405 -0.0110049 -0.0136249 -0.0693496 -0.0968655 -0.219876 -0.183093 -0.173236 0.186688 0.0957267 0.995645 0.216451 0.458904 0.223254 0.0398301 -0.243261 -0.0186226 0.255545 0.0707021 0.036817 -0.0493087 0.207078 -0.285708 -0.265723 0.289647 -0.0738107 0.0203553 -0.162933 -0.279311 0.219543 -0.364626 0.0250703 0.256556 0.0516694 -0.281372 -0.135705 -0.127548 -0.111884 -0.114529 0.0569914 -0.0909086 -0.0601981 0.213217 -0.214036 -0.210019 -0.207216 0.502645 -0.249143 0.461928 
0.140028 -0.216966 0.166409 -0.0473261 -0.208059 0.0351134 0.238289 -0.147096 0.164258 0.0424916 -0.114198 -0.204354 -0.325196 -0.141279 -0.466708 0.287127 -0.26098 0.379583 -0.0647182 -0.365708 -0.217346 0.0623743 -0.267192 0.0189608 -0.313343 -0.129261 -0.167131 -0.114034 -0.0225927 -0.149967 -0.161029 0.192683 -0.357147 -0.231065 0.173665 -0.109048 0.104493 0.191847 0.0012631 0.0265027 0.273621 -0.0516428 -0.328285 0.0827034 -0.0467181 0.0345662 0.189123 0.135381 -0.106199 0.0604898 -0.15233 -0.232092 0.160554 -0.165951 0.231408 0.0259315 0.107134 -0.0634989 -0.303274 -0.329221 -0.20277 0.200465 0.700281 -0.00662756 -0.229241 -0.0329079 0.140317 0.154077 -0.072344 -0.173647 -0.151772 0.147368 0.0481769 -0.165816 0.156229 0.0430572 -0.0936492 0.254344 -0.185801 -0.272729 -0.0564987 -0.206352 -0.144827 0.340116 0.244764 0.140422 -0.2651 -0.0198735 -0.119705 0.182788 -0.102489 0.328601 0.169218 0.0930005 0.401091 -0.132641 0.17895 -0.0744967 -0.383931 0.267464 
-0.014617 0.132049 -0.485166 0.289176 -0.164858 -0.159358 0.153925 -0.188721 0.0820012 -0.0591656 0.0622532 0.0261352 -0.0203319 0.216089 0.0281419 -0.129603 -0.0749931 0.00254226 -0.146454 -0.398834 0.141786 0.215362 0.115383 -0.115958 0.0830701 0.191694 0.0356349 -0.1293 -0.152875 -0.122881 -0.57687 -0.16718 -0.149775 -0.103925 0.234156 0.0237759 -0.0451806 0.0873109 -0.427098 -0.0493493 -0.0557495 -0.227629 0.218273 -0.122426 0.0262478 -0.180591 0.0889092 0.270885 -0.0810638 -0.171229 0.285689 -0.227206 -0.18833 0.0661418 -0.0972678 -0.16268 -0.271987 -0.230806 -0.0857457 0.00327384 0.139002 0.434935 -0.014611 0.556514 -0.00294982 0.320206 -0.0493321 0.056578 -0.205028 0.071012 0.275267 0.199326 0.137727 0.140369 -0.168461 -0.0588216 -0.169675 -0.224287 -0.0199591 -0.210037 0.0719205 -0.20833 -0.0729754 0.0654619 -0.0156998 -0.221238 -0.0468301 -0.136536 -0.123632 -0.208948 -0.177187 0.0146488 0.159834 -0.0683679 -0.184025 -0.126927 -0.13204 0.0200112 0.152588 0.180005 
0.0974219 -0.0422602 -0.12388 0.118481 -0.0663016 -0.056173 0.105666 -0.306529 -0.262513 -0.198228 0.234718 0.00216144 0.0434768 0.358361 0.229446 -0.305215 0.0583259 0.0900469 -0.124053 0.251226 0.0814397 0.173631 -0.234243 0.0774772 0.181989 0.0235852 0.0452835 0.196165 -0.313044 -0.227574 -0.0114118 -0.0967804 -0.101262 -0.0112628 0.0225151 -0.625134 -0.00155576 -0.114822 0.00486812 -0.335762 -0.612148 0.123657 0.208904 0.484397 -0.0342765 0.194064 0.0747035 -0.475452 0.091573 -0.102727 -0.180171 0.35477 -0.0182842 -0.0186625 0.144479 -0.334191 -0.16045 0.0479257 0.226831 -0.100674 0.0631814 0.220655 -0.215855 0.0184201 0.840518 -0.332902 -0.132706 0.0922925 -0.0136876 0.081622 0.186854 -0.040906 0.313167 -0.289066 -0.183168 -0.145733 0.228828 0.0084863 0.184189 0.11906 -0.0747076 -0.143377 0.575681 -0.049358 -0.0457576 -0.170076 0.233168 0.0192095 -0.0486702 -0.0510369 0.0830618 -0.206599 -0.145877 0.207253 -0.228895 0.0184558 -0.26319 0.261773 -0.380993 0.0353407 
0.0821276 -0.0061113 -0.0653607 -0.119174 -0.0122059 0.153125 -0.0656188 0.0228535 -0.000133522 0.0646217 -0.33681 0.125063 0.0959967 -0.456404 -0.0454591 -0.0890626 0.0337011 -0.435446 -0.277378 -0.492082 0.474364 0.201921 0.0221805 0.163643 0.0182272 0.424283 -0.140652 -0.13736 0.122814 -0.0834388 -0.17769 -0.135826 0.126266 -0.0235684 0.136824 0.268719 -0.0817539 0.159151 -0.293135 0.0955275 0.0833249 -0.255457 -0.152793 0.0671392 0.197101 -0.170586 0.0548411 0.613437 -0.0147089 -0.247106 0.152776 -0.00490049 -0.0795856 0.377321 0.114398 -0.0805216 -0.130099 -0.358168 -0.246442 0.116203 0.0148995 0.0413695 -0.0153829 0.345715 -0.328763 0.970153 0.0394225 0.101156 -0.512387 0.119429 0.107789 0.163735 -0.0114308 -0.122133 -0.157385 0.139806 -0.0580039 -0.220563 0.179084 -0.14422 0.0594603 0.0272744 -0.153761 0.0727082 -0.264276 0.0354318 0.125561 0.202156 -0.228346 0.104673 -0.335373 -0.0085904 0.631533 -0.448764 -0.421651 -0.018373 0.273544 -0.253846 0.426455 -0.035958 
-0.000385534 -0.438161 0.082835 -0.25145 0.248505 0.2176 0.438885 0.29826 0.0471039 0.0503986 0.0341919 0.240949 -0.300677 -0.307021 0.290946 0.146506 -0.196619 0.430874 -0.0247452 -0.0628926 -0.396242 -0.16076 0.20845 -0.0926264 -0.0808062 0.11451 -0.26297 0.277343 -0.277184 0.207174 -0.194751 -0.140732 0.0040867 -0.229357 0.0763256 -0.0267068 0.18116 0.407632 -0.111748 -0.143101 0.137322 -0.214591 -0.0459833 -0.0572986 0.297851 -0.534838 0.133698 -0.365068 0.057695 0.0925019 -0.225257 0.073316 -0.249286 -0.23341 -0.159996 -0.205439 0.0401041 0.103404 0.112213 -0.0461035 -0.461511 -0.267058 0.132506 -0.0491599 -0.153904 0.0140862 1.14917 0.159113 -0.495434 0.450712 -0.220892 -0.0950527 -0.0334515 -0.0834314 0.174187 -0.708373 -0.232317 -0.00816127 -0.267606 -0.286567 0.43212 0.0532982 0.0422174 -0.173917 -0.353414 0.31653 -0.172714 0.0170275 -0.225318 0.199353 -0.273264 -0.0257279 -0.276977 0.0552988 -0.179091 0.0489134 0.0362738 -0.510509 0.140556 0.378277 
0.01147 -0.306869 -0.0560709 0.091535 -0.130464 -0.313002 0.12182 0.0662436 -0.163439 -0.0305326 0.0586068 -0.152417 -0.130938 -0.217008 -0.0942607 -0.225518 0.223832 -0.0152245 -0.36589 -0.11255 0.00549567 -0.199235 -0.207563 0.0449791 0.0899503 0.00853752 -0.188202 0.153188 -0.297965 0.10897 -0.265347 0.0443412 -0.101163 0.0233969 -0.0194352 -0.512016 0.0227772 0.10979 -0.195201 -0.220267 -0.0683942 0.181632 -0.175965 -0.0533019 -0.219417 0.0380909 0.0891674 -0.0142678 0.0542946 -0.168501 -0.238292 -0.153915 -0.111283 0.0725813 -0.00436068 -0.188153 0.178657 -0.0536679 -0.125761 -0.183315 0.11498 -0.0318449 0.15684 0.0673248 0.0816693 0.0863943 0.169687 0.496668 -0.206887 0.104951 -0.0264426 0.370282 -0.162128 -0.0840349 0.256354 -0.318506 -0.0459201 -0.12344 0.0727143 -0.0909293 -0.0871131 -0.245394 0.0419497 0.243786 -0.207099 0.18821 0.126677 0.089276 0.0363875 0.27301 0.0209875 0.174978 0.322424 0.12317 0.0493388 0.106564 0.103898 0.033426 0.132498 0.383994 
-0.171119 0.139584 0.14671 -0.112771 -0.239443 -0.191216 0.021356 -0.178965 0.13554 -0.106192 -0.00691683 -0.0389799 0.0924006 0.418725 -0.220956 -0.103208 -0.236659 -0.0744498 0.0612892 0.146596 -0.147937 -0.280628 -0.0659705 -0.189871 -0.198006 -0.387617 0.0606733 -0.18946 0.206664 -0.136912 0.27759 -0.0414997 0.013084 0.386473 -0.542627 0.0766976 -0.165881 -0.425774 -0.0376619 0.164771 0.246364 0.436322 0.0876137 -0.281152 -0.0455234 0.129801 -0.213011 0.00653374 0.0990241 0.0140726 0.0584446 -0.306708 -0.0105969 -0.148392 -0.248316 0.248262 0.115789 0.084867 0.0998558 0.248469 0.277003 0.2448 -0.067103 -0.191804 -0.0218332 -0.524671 -0.482382 -0.204409 0.856745 0.0566902 -0.053128 -0.136659 -0.117439 -0.107418 0.073896 0.302737 -0.0745144 0.0432432 -0.274488 0.0680082 -0.0109227 0.00972191 -0.141481 0.110346 0.153046 -0.118321 0.0394848 -0.117398 0.135108 -0.152141 0.282654 -0.000876437 -0.480727 0.2662 0.227013 0.130778 -0.126444 0.57844 -0.33256 -0.0316956 
0.0886641 0.0839954 0.206069 -0.0955273 -0.104676 -0.125152 0.293806 0.159014 -0.29131 0.210744 -0.0745315 0.0532317 -0.252993 0.146842 0.269377 -0.334638 -0.359764 -0.0572679 -0.309217 -0.0879129 0.0832136 -0.00542539 -0.100555 -0.281582 -0.115544 0.491313 -0.204192 -0.158895 -0.134409 0.0431211 0.0770623 -0.0574305 0.11802 0.32611 -0.397368 0.0945581 -0.114797 0.00729306 -0.406822 -0.147982 0.313504 0.29157 0.497413 -0.0779523 0.475975 -0.274018 0.0750914 0.177411 0.0279634 -0.23271 -0.241851 -0.206189 -0.310821 0.0240612 -0.16282 -0.309454 0.214277 0.221013 -0.123888 0.351379 0.294873 0.0683798 -0.159983 0.0926588 0.0818988 0.115567 0.472187 0.115851 0.0651126 1.15903 0.0450041 -0.143275 -0.1821 -0.403139 0.200705 -0.568818 -0.0882811 -0.106371 -0.186032 -0.188738 0.472595 0.30805 0.420328 -0.262061 -0.48139 0.121454 0.267044 -0.226993 -0.411058 0.132668 -0.200659 0.0420358 -0.328202 0.220387 -0.280656 -0.130624 -0.0105653 -0.0197412 -0.200164 0.0275054 
-0.257917 0.26703 -0.399197 -0.143881 -0.0446295 -0.0568892 0.188231 -0.188071 -0.157088 -0.0165465 -0.241568 -0.3502 -0.260997 0.307067 0.154979 0.250606 0.0513299 -0.252517 -0.151134 -0.0231567 -0.156766 0.0589153 0.292245 -0.0494542 0.213805 0.199156 0.0385403 -0.186883 -0.295763 -0.119311 -0.173235 0.205902 -0.0574444 -0.299864 -0.0145369 0.226356 -0.486505 0.12336 -0.403868 -0.174562 -0.230879 0.135533 0.429001 0.156279 0.0248772 0.183272 -0.136716 -0.0318359 -0.325522 -0.152011 0.0148321 -0.0143677 -0.327368 0.0713611 -0.0937013 0.00112444 -0.354799 -0.0649917 0.432361 -0.324542 0.170892 0.0248184 -0.147785 0.287238 0.177454 0.0942508 -0.209094 -0.0252188 -0.0543819 0.0353279 0.879836 0.444851 0.448791 0.00935221 -0.233598 0.152985 -0.222951 -0.391015 -0.0746742 0.0038683 -0.286173 0.0831515 0.123245 0.185397 0.147815 0.127392 0.257397 -0.133742 -0.227987 -0.291732 -0.299712 0.00965259 0.163443 0.24354 -0.0857056 0.142553 0.109578 0.153997 0.00227998 -0.361522 
-0.219191 -0.158077 -0.403067 0.0918463 0.0311174 -0.208931 0.224238 -0.0975516 -0.017523 -0.00772564 -0.306687 -0.290085 -0.201096 -0.039827 -0.0469806 0.0693194 0.339035 -0.153476 -0.283474 -0.0763336 -0.0124937 -0.309249 0.0925108 -0.187906 0.268754 0.000652676 -0.105657 -0.0333818 -0.176467 -0.0377318 -0.328705 0.240873 -0.190752 -0.113497 -0.131547 -0.27683 -0.0288209 0.187029 -0.479438 -0.0515253 0.0105957 0.105515 0.0979749 0.00185209 -0.189915 0.17646 -0.0942488 -0.0504506 -0.0348754 -0.116204 -0.0602882 -0.255244 -0.309808 0.0680416 0.103419 -0.0361123 0.0154206 -0.194306 0.128232 -0.368707 0.108009 -0.0448208 0.167842 0.227783 -0.0338189 0.166683 -0.0667679 0.387992 -0.121427 -0.136465 0.461338 0.773784 0.0720551 0.201186 0.140363 0.0044631 -0.177649 -0.310858 0.0241397 0.0433355 -0.249644 -0.281864 -0.103158 0.516343 0.134754 0.189779 0.0727424 0.0670139 -0.00752886 0.0764235 -0.0825106 0.30517 0.44407 0.117127 0.275112 0.337959 0.402396 0.126203 0.21813 0.0755239 
0.010444 -0.111894 -0.0600125 -0.258463 0.0756452 0.164156 0.199424 -0.469469 0.0235535 -0.289881 -0.0160537 -0.050891 -0.329659 0.195347 -0.198139 0.217947 -0.293057 0.245875 0.0483612 0.019665 -0.0759758 0.0619349 0.358132 0.188073 0.0829751 0.0831422 0.0174629 -0.177728 -0.201884 -0.431241 -0.119263 -0.0632859 -0.158907 -0.463915 0.0885828 0.0484009 -0.0949902 -0.0325763 0.0369074 -0.0571558 -0.396367 -0.067343 0.0136006 0.512664 0.29945 0.0943027 0.155172 -0.204752 -0.376354 0.0183186 0.250622 0.363119 -0.186744 -0.115844 -0.0048876 -0.203524 -0.39719 -0.0754563 0.431159 -0.138453 -0.143601 0.1852 0.0422845 0.139818 0.293888 -0.0348482 -0.0315326 -0.170784 -0.128572 -0.201655 0.438912 0.0456892 0.770135 -0.165665 -0.252462 0.193561 -0.189326 -0.203396 -0.185331 -0.250578 -0.243373 0.0559412 0.0165868 0.15098 0.0513047 -0.158946 0.234074 0.124085 0.00829054 -0.259598 -0.0898462 0.0252624 0.0387734 -0.103993 -0.201032 0.109425 -0.0813536 -0.0468939 -0.377043 -0.134147 
-0.253215 0.154521 -0.582723 0.39938 0.308482 -0.230073 -0.36197 0.140255 0.161444 0.0195068 0.25872 -0.232985 -0.0708315 0.0699042 -0.0412524 -0.158385 0.42143 0.147015 0.237992 0.280237 -0.0566444 -0.186712 0.529288 -0.481342 0.360546 0.0798559 0.130407 -0.037264 0.0401921 0.299903 -0.370305 -0.131049 -0.0973579 -0.0436214 0.166437 0.0917252 0.134337 0.13613 -0.0768983 0.276367 0.170095 -0.239378 0.193726 -0.204034 -0.380259 -0.0858401 -0.0170403 -0.0891197 -0.335948 0.2357 0.258619 -0.0809942 0.0479767 -0.336909 -0.175056 -0.0804246 -0.092068 -0.0808417 0.0198511 0.0593422 0.0118891 -0.297924 -0.162047 0.152121 -0.298683 -0.135889 -0.071851 -0.0830291 -0.10889 -0.413033 0.00913428 0.184481 -0.156003 1.068 0.144107 -0.149035 0.113831 -0.214848 -0.159601 0.335513 -0.112346 -0.260487 -0.407292 -0.258636 0.21231 -0.473737 -0.421403 -0.282656 0.185409 -0.0388442 0.0188326 0.189935 -0.00362318 -0.249126 0.356495 0.00862485 0.0690183 -0.336025 0.388479 -0.152543 
-0.0331784 -0.236223 0.133478 0.0745747 0.0163337 -0.348636 -0.123343 0.15276 -0.227097 0.0187328 0.0552221 -0.215277 -0.365283 -0.17379 -0.273427 -0.204588 -0.0227221 0.200235 -0.165981 0.0613954 -0.0717259 -0.41876 -0.0435475 -0.246585 0.00761943 0.028898 -0.208908 -0.110209 -0.0769907 0.186972 -0.0203958 0.111922 -0.0541952 0.0680699 -0.26339 -0.207551 0.165502 -0.0883905 0.000850196 0.019225 0.203882 0.179049 -0.1079 -0.179144 -0.0382162 -0.00776777 0.0630373 0.0277693 -0.150297 0.0231572 -0.0694968 -0.234255 -0.0864115 -0.15236 -0.053152 -0.123412 0.396158 0.172925 -0.161956 0.00309041 0.160279 -0.289191 0.148747 -0.167961 -0.204037 -0.182393 0.174515 0.246108 0.0611721 0.179558 -0.245068 0.112406 -0.254053 0.132854 0.492373 -0.390213 -0.0801511 -0.0605639 -0.151189 -0.100954 -0.0674753 0.0256 -0.165536 -0.0219082 -0.160054 0.0203118 0.0990984 0.00699133 0.189646 0.207847 0.168517 0.379474 -0.00193827 -0.0464434 0.332453 0.0612762 0.0399327 -0.185093 -0.110981 0.134004 
-0.0891023 0.264209 0.155862 -0.209363 -0.077471 0.276608 -0.0862989 -0.42616 0.399989 -0.104209 -0.35647 0.0674835 0.248897 -0.0286716 -0.29801 0.241287 -0.178204 -0.455402 0.158086 -0.129603 0.0424654 0.271359 -0.0176125 0.233148 -0.0104693 -0.439659 0.122737 -0.0158768 0.280855 -0.323808 0.175432 -0.227031 -0.177504 -0.140038 0.0211173 0.304833 -0.293776 -0.283697 -0.0422923 0.00455602 0.0762323 0.142579 -0.349169 0.217206 -0.0369662 0.314143 -0.365401 0.261054 -0.100983 0.138259 0.182268 -0.0849179 0.127103 0.0322465 0.155741 0.372987 -0.0865771 -0.0654575 0.0933715 0.0284287 -0.132159 0.293516 0.0629117 -0.0309836 -0.139265 0.142135 -0.680708 -0.301415 0.317351 -0.562627 0.168852 0.00384404 0.219308 -0.13295 -0.362876 1.02741 0.120077 -0.20295 -0.181733 0.209738 -0.20723 -0.130273 -0.346384 0.11964 0.20466 -0.131838 -0.080682 0.152537 0.0340154 0.06799 0.140368 -0.147278 0.311831 0.0290982 -0.158218 0.0722519 0.270897 0.378812 -0.0055121 -0.294501 
0.0365311 0.118016 0.0301539 0.0760838 0.00590027 0.0400768 -0.354035 -0.135282 -0.016575 0.0299482 0.0149068 -0.114359 0.117728 -0.143913 -0.0303724 -0.382827 0.197232 -0.237042 -0.0168846 0.227757 0.141441 0.284558 -0.3039 -0.139595 0.0303916 0.0428856 -0.0538059 0.0970155 0.0346413 -0.0738699 0.118833 -0.312993 -0.222981 0.108417 0.0641701 -0.29847 -0.0627609 -0.0512848 0.0193815 -0.107498 0.006273 0.0159025 -0.0681868 0.407965 -0.289837 0.088167 -0.105608 -0.128171 -0.12734 0.0292283 -0.366688 0.196621 0.374474 -0.165399 0.265827 -0.210787 0.0544069 0.0142361 -0.260332 0.121398 -0.0979986 -0.10486 -0.108713 -0.176755 0.200377 -0.090593 -0.239569 -0.0637474 -0.0948193 -0.117008 -0.242002 -0.213187 -0.198498 0.0949978 -0.0877321 0.0851586 0.621591 0.0832925 0.0175618 0.515954 0.0515892 -0.244854 0.238018 -0.411737 -0.00473403 -0.391246 -0.334717 -0.181419 -0.23838 0.411975 -0.0293472 -0.131535 0.0553245 -0.0386064 -0.0922949 -0.220161 0.201124 -0.0708345 -0.148483 -0.296746 
0.118448 -0.220026 0.0661101 -0.0691012 -0.296699 0.035651 -0.0830015 0.0534171 -0.000196152 0.00621397 0.0169828 -0.0192977 0.14021 -0.0399713 -0.052764 0.190629 0.119089 0.200256 0.0710269 -0.0216083 -0.0781882 -0.0245841 -0.421457 0.0689756 -0.661912 -0.0184626 -0.0142374 -0.310828 0.140889 -0.226532 0.167319 0.324021 -0.0145525 0.158121 -0.00230604 -0.110851 0.174433 0.124397 0.42351 0.246929 0.00811289 -0.401736 -0.00606899 -0.175463 -0.221263 -0.22282 0.224489 -0.225999 0.260049 -0.259536 -0.307845 0.202303 0.427911 0.113857 0.102768 0.052985 -0.172053 -0.238819 -0.371905 -0.121226 -0.0975673 -0.00856187 0.241412 -0.229235 -0.0178317 -0.251019 -0.0132815 -0.139134 0.0250707 -0.132966 -0.407934 -0.344263 -0.210435 -0.231548 -0.0660125 -0.235736 0.085425 0.878312 0.395269 -0.0978743 0.132434 0.0695992 0.333183 0.181733 0.393235 0.0765804 -0.417293 -0.202507 -0.167131 -0.249697 -0.192504 -0.0878419 -0.412083 -0.0974617 0.327383 -0.305139 -0.174876 -0.0480512 -0.364971 -0.0150681 
0.0522288 -0.152215 -0.217775 0.302834 -0.122441 -0.160708 -0.300774 0.0651468 -0.335253 -0.0290621 -0.157103 0.119794 0.29427 -0.183763 0.308107 0.0594854 0.469329 -0.297857 -0.107433 -0.0171201 0.32333 -0.0496563 -0.373796 0.188153 -0.165416 0.0558122 0.0746354 -0.216883 -0.00807841 -0.159897 -0.00847924 0.388341 0.0839808 -0.00256909 0.0407246 -0.282098 0.262753 -0.0704524 0.246249 -0.0810574 -0.470539 -0.503595 0.10933 -0.219783 -0.184704 -0.0552827 -0.0207502 -0.163262 0.330899 -0.425854 -0.0332584 0.192847 0.0633315 0.57894 0.255994 0.0224874 -0.0605468 -0.151388 -0.244915 -0.213674 0.150433 -0.168738 -0.175621 -0.0017952 0.180983 0.171739 -0.249614 0.0801314 -0.269549 -0.189515 -0.0684808 0.0138466 -0.169258 -0.153189 -0.133526 -0.191407 0.0428062 0.418381 0.850693 -0.0281642 -0.0623998 0.181064 0.395706 0.170842 0.127053 0.143491 0.0550322 0.0887705 0.142045 -0.330837 0.0431507 -0.12884 0.126685 -0.258944 -0.0064268 -0.154073 -0.172078 -0.0558917 0.180947 -0.17642 
-0.262875 0.196312 -0.218002 -0.0325266 0.149698 0.09803 -0.323382 -0.0253417 0.00921586 0.0401827 -0.167423 -0.164366 0.200782 -0.059039 0.179199 -0.294991 0.363317 -0.403974 0.00592756 0.351917 -0.00711448 0.0496051 -0.121379 -0.366834 0.202831 -0.0864466 -0.0525636 0.200415 0.107246 0.0862822 0.192627 -0.250604 -0.084255 0.181193 -0.14351 -0.177251 -0.189078 -0.0114766 -0.200128 -0.00268243 0.0436928 0.0841235 0.0765257 0.262246 -0.383878 0.118169 -0.372804 -0.266944 -0.00583949 0.112215 -0.353378 0.0904337 0.218519 -0.214276 0.182512 0.011709 0.00701081 -0.0551389 0.0392644 0.0226672 -0.116904 -0.304744 -0.282176 -0.211501 0.0962269 -0.171192 -0.288203 -0.10314 0.0533201 -0.211849 -0.00956585 0.0134149 -0.254133 0.322297 -0.102918 0.180436 0.521571 -0.0943899 -0.0477918 0.726547 -0.0222664 -0.28154 0.0826853 -0.345398 0.133789 -0.270397 -0.331825 -0.147579 -0.239681 0.310583 -0.0857355 -0.191339 -0.0342927 0.0445259 0.0310142 0.101414 0.315513 0.0530983 0.0883718 -0.414773 
0.0111475 -0.111015 0.0181617 0.0871183 0.00699366 0.0840714 0.263939 -0.0617963 0.313992 0.0632007 -0.177082 0.455036 0.126629 -0.0575405 0.310252 -0.0534384 -0.156942 -0.0987485 0.0632392 -0.052508 -0.0257607 0.0433053 -0.0357255 -0.210656 -0.271602 -0.0558909 -0.0414932 -0.0665716 0.0289131 -0.23566 -0.16091 -0.332266 -0.220506 0.108749 -0.155276 0.0142298 0.207357 -0.00391683 -0.253187 -0.113053 0.343838 -0.256107 0.218435 -0.226835 0.232897 -0.51309 -0.130818 -0.192035 0.200998 -0.137456 -0.12021 -0.151137 -0.144371 -0.0148381 -0.0582186 -0.134028 0.0673008 0.0744425 -0.230857 0.362787 -0.17975 0.188885 -0.0711714 0.0652313 -0.102767 0.0272625 0.425258 -0.104549 -0.0308363 0.444259 -0.304833 -0.28479 -0.252153 -0.130788 -0.074665 -0.241757 0.0519805 0.130693 -0.0872529 -0.027492 0.670361 -0.0046439 0.202622 -0.213038 -0.223411 -0.084234 -0.441597 -0.242326 -0.263159 0.124748 -0.0373931 -0.175433 -0.390318 0.0782995 -0.297907 -0.237999 0.118371 -0.0607205 0.102575 0.0642407 
-0.00538921 0.0667096 0.313732 -0.138229 0.0154326 -0.0857696 -0.236071 0.139733 -0.359524 0.0703457 -0.208029 0.0296991 -0.252221 -0.131434 0.120004 0.341803 -0.20607 -0.167184 0.0783243 0.0871615 -0.061853 -0.113825 0.113078 0.157612 -0.240573 0.159192 0.0199203 -0.45625 -0.0504707 -0.0578681 0.283221 0.324061 0.14805 -0.239033 -0.18267 0.494786 -0.0678717 -0.237019 0.32429 -0.135 -0.0862621 -0.126612 0.188924 -0.244111 0.360582 -0.111017 -0.089918 0.0259342 -0.257901 -0.186888 0.100564 0.0904896 -0.181332 0.281116 -0.109643 0.0948974 0.113282 0.36843 0.0270803 0.0485668 0.164314 -0.384942 -0.210682 -0.204677 -0.161093 0.00541915 0.0567793 -0.252487 0.000150738 0.290057 0.0748343 -0.306668 0.0575033 -0.268586 0.0287528 -0.154458 -0.234121 0.0782005 0.166554 -0.276423 0.00569856 0.749894 0.154545 -0.231824 -0.173582 0.227667 0.30824 -0.0437292 0.120365 -0.313523 0.0628561 0.0168739 -0.18426 -0.101869 -0.144711 -0.228068 -0.170103 -0.281089 -0.0837462 -0.50952 
0.147189 -0.024701 0.0253722 0.105736 -0.131818 -0.0767994 0.124065 -0.118014 -0.234495 0.0938668 -0.0804509 -0.020389 -0.0112374 0.132457 0.395173 -0.0160965 0.218009 -0.168646 -0.105583 0.271576 0.0744718 0.183387 -0.318652 0.0671416 -0.198488 0.25577 0.0445181 -0.181527 -0.268623 -0.334785 0.0784445 0.202685 -0.185717 0.0260787 -0.0702862 -0.345877 0.00649926 0.0699894 0.0440004 -0.339639 -0.232285 -0.0595152 0.488901 0.24267 0.0170119 -0.0300184 0.0761735 -0.454562 0.0525365 -0.380633 -0.499915 0.30584 0.0199666 0.224105 0.184932 -0.335761 -0.0743602 0.128605 -0.123926 -0.0468468 0.102929 0.0217616 -0.13215 -0.052315 0.574971 -0.158609 0.0627056 0.0518633 -0.134045 0.419342 0.131935 -0.110955 0.0351561 -0.398384 -0.145376 -0.353561 0.265759 0.358791 0.398203 0.104809 0.229972 0.171552 0.899371 -0.0338551 -0.0207984 0.0775933 -0.0610253 -0.308674 -0.337458 -0.00654206 -0.123709 -0.147244 -0.214791 0.275583 -0.16614 -0.326891 0.0474115 0.0631935 -0.299336 -0.288323 
-0.00909913 -0.501332 -0.0544312 -0.210938 -0.209401 -0.129124 0.479344 -0.226628 0.331452 -0.162589 -0.202707 -0.067736 0.0327452 -0.0102548 -0.322776 0.313362 0.328179 -0.0106033 -0.154581 -0.0492834 0.0339059 -0.484635 0.0949771 0.302925 -0.261798 -0.127331 0.0234472 -0.295505 -0.000402314 -0.457054 -0.147285 0.36871 -0.0925559 0.112535 -0.274409 -0.245414 0.0838494 0.17395 -0.0259586 0.258716 0.0679948 0.0829278 -0.0770391 -0.120852 -0.128998 0.0745822 0.25002 -0.124216 0.208752 -0.356829 -0.051373 0.017358 -0.138142 0.279547 -0.110126 0.0148138 -0.228094 -0.462413 0.0689216 -0.163953 0.100735 0.286021 0.385566 0.118896 -0.0172941 0.100634 -0.120655 0.286473 0.150556 -0.230274 0.22686 0.54132 0.202323 -0.216955 0.0310251 0.145235 -0.351223 0.240114 0.206112 -0.2905 -0.152915 -0.182043 -0.00108169 1.06896 0.264536 0.325442 0.00794906 0.113484 0.0880278 -0.16947 -0.042057 0.225149 0.203733 0.0657888 0.295433 0.303241 0.315802 0.406004 0.0191967 0.330299 
-0.185136 0.138157 -0.419836 0.0324385 -0.131085 0.134537 -0.0769326 -0.115745 0.0110965 -0.00623704 -0.183867 -0.287241 0.0101026 0.281378 -0.0462402 0.294862 0.0462454 0.198398 0.104586 -0.118708 -0.202213 0.0402282 -0.207796 -0.33085 -0.203028 -0.143109 0.012318 -0.188166 0.194082 -0.0954205 0.0214846 0.351962 -0.102215 -0.0635177 0.0624349 0.0429377 -0.00615884 0.136373 -0.0246665 0.301716 -0.042435 -0.332969 0.135924 -0.0101019 -0.290051 0.0812554 -0.0775024 -0.131937 0.108864 0.0603618 -0.0289275 -0.0753857 0.256576 -0.138625 0.267818 0.277994 -0.266809 -0.296784 -0.0077391 -0.459622 -0.127374 0.0290786 0.238159 -0.0143216 -0.0657493 -0.288407 -0.352207 -0.216467 0.1412 -0.501658 0.137223 0.107675 0.0505919 0.201936 -0.159176 0.1782 0.00372471 0.399561 0.110267 0.13663 -0.215344 -0.175857 -0.0400805 0.21248 0.744027 -0.0531902 -0.358341 -0.136574 -0.166525 -0.369238 -0.248254 0.0320604 -0.214444 -0.0241431 0.58498 0.0222354 -0.0654195 0.0839088 -0.341712 -0.204499 
-0.0946434 -0.153431 0.208521 -0.322972 -0.131367 0.0629586 0.286796 0.355216 -0.167157 0.149011 -0.271354 -0.0379425 -0.0422614 -0.260247 0.255347 0.539426 0.0462114 -0.150965 -0.145026 -0.17811 -0.400054 -0.143815 -0.19974 0.308193 -0.21852 -0.190362 -0.112223 0.156853 -0.198474 0.235259 0.154326 0.460439 0.177119 -0.164445 -0.019309 0.128307 -0.23143 0.218544 0.0307886 -0.253789 -0.0307707 0.106453 -0.13102 -0.336687 -0.0247668 -0.0145251 -0.149959 -0.0778515 0.242303 -0.132171 -0.339288 -0.143337 -0.152304 0.282958 -0.0629479 0.364582 0.113004 0.116778 0.123445 -0.444691 -0.0919933 -0.267463 0.170316 -0.183361 -0.153568 0.0478012 0.354236 0.215341 -0.0936673 0.137685 0.153299 0.1992 -0.12316 -0.447612 0.0576891 -0.121798 -0.346287 0.119406 0.163205 -0.231055 -0.0396669 0.261891 0.0948108 0.309886 -0.0166905 0.836413 0.179127 0.134587 -0.0733979 -0.0440483 -0.14823 -0.0736834 0.0623618 0.378666 0.0409476 0.119672 0.059768 0.0639842 0.211269 0.121227 
4.31515e-05 -0.00439284 0.147795 -0.21013 -0.0533517 -0.143918 -0.145779 0.0443684 -0.684964 -0.171895 0.0424946 -0.110363 -0.21649 0.0626313 -0.0661516 -0.255803 -0.307888 -0.0159128 -0.357028 -0.145443 0.189043 -0.169717 -0.0769485 0.143507 0.256301 0.195964 -0.171646 0.0224578 -0.133777 0.168639 0.230124 0.139452 0.425778 -0.00859473 -0.234569 -0.0395594 -0.181606 -0.321719 -0.000966652 -0.115552 -0.517163 0.325603 -0.0961397 0.125744 0.315641 0.258661 0.0182688 0.283874 -0.0205961 -0.0637937 0.260383 0.0487734 -0.288791 0.190224 -0.0453292 -0.00832593 0.106586 0.0955306 0.32439 -0.0983612 0.353425 -0.133461 -0.24687 -0.0206166 0.238011 0.126266 -0.146673 0.142144 0.0524739 0.271611 0.27164 0.0704989 0.258196 -0.406942 0.124811 -0.0823064 -0.301423 -0.386132 0.0630818 -0.304148 -0.408694 0.3308 -0.0554722 -0.0192713 -0.333506 0.167463 0.97863 0.467289 0.254179 -0.217513 0.106835 0.0558921 0.175413 -0.153694 -0.208688 0.335445 -0.413428 0.0698061 -0.1887 0.0395713 
-0.0764751 -0.326625 0.0445332 -0.246841 0.126607 0.239717 -0.10306 -0.0716004 -0.27726 -0.275848 -0.232242 0.225305 0.0438754 -0.282173 -0.0642801 -0.129398 -0.253866 0.0443453 -0.209536 -0.268275 0.143227 -0.214476 -0.208969 0.0230058 0.157851 -0.212205 -0.27787 0.259894 0.13326 0.0279777 0.164056 -0.0964503 0.235259 -0.0968531 -0.157687 -0.233853 0.179129 -0.229398 -0.0369965 0.0393378 -0.41561 -0.125974 -0.502822 0.184138 0.212441 0.0478412 -0.170397 0.032701 0.320324 0.11966 0.252368 0.0591895 -0.141439 0.0619427 0.267261 0.151553 0.103785 -0.159748 0.221785 -0.191872 -0.208826 -0.148145 -0.0244849 -0.133164 0.00121171 0.18002 0.0202275 0.0819013 -0.12725 -0.245268 -0.14234 0.0419291 0.125367 -0.291037 0.00986297 0.128071 -0.170966 -0.194186 0.0739787 -0.142743 -0.232265 -0.0440103 -0.325962 0.0634223 -0.134581 0.100081 0.444448 0.687069 0.237815 -0.0326474 0.101763 -0.0583323 0.19685 -0.395985 -0.124598 0.485318 -0.172198 -0.0552114 -0.0324429 0.206457 
-0.0174283 -0.248735 0.0759639 0.329602 0.0884071 -0.391597 -0.291049 -0.0631032 -0.0503792 -0.256519 0.214207 0.178501 -0.0183483 -0.112003 -0.20868 0.0261942 0.0707515 0.0888099 0.152478 0.171872 0.0262284 -0.398255 0.194603 0.220924 0.137246 -0.41053 0.145411 -0.0701701 -0.0793101 -0.00719765 -0.134009 0.0206332 -0.0488104 -0.219111 -0.0416689 -0.173692 0.343177 -0.461693 0.399253 -0.128047 -0.295871 -0.0695581 -0.294394 -0.364088 -0.0453766 0.0780015 -0.0661648 -0.131844 -0.096103 0.0386256 0.474842 -0.0568208 -0.182925 0.124411 -0.160965 0.074778 0.253236 0.267144 0.0693448 0.0554927 0.149311 -0.120499 -0.112334 -0.108277 -0.0546855 -0.2385 -0.210135 0.0409953 0.137238 -0.41735 -0.224602 -0.0206312 0.0215541 0.189011 0.2045 0.0215321 -0.215945 -0.146828 0.139236 -0.222863 -0.241115 0.132066 -0.342763 0.0499487 -0.152549 -0.0959211 0.24332 0.249798 0.793873 -0.182648 0.655166 0.149791 0.081727 -0.196408 0.0520111 0.0554366 -0.30018 -0.0262659 0.196928 0.121039 
0.0622879 -0.158811 0.368243 -0.112291 0.072723 -0.00139317 -0.00816104 -0.0566933 0.162378 0.0889114 -0.0977541 -0.0814792 -0.134517 -0.481696 -0.241268 -0.302726 0.0560921 -0.222789 -0.163376 0.104916 -0.0222472 0.0717512 -0.180776 -0.017023 0.0925154 -0.0725978 -0.232013 0.274547 -0.109429 0.0317355 0.0101133 -0.409883 -0.339187 0.0136461 -0.0322793 -0.329236 -0.0784259 0.0439979 -0.174198 -0.277895 0.359749 0.36545 -0.387683 0.355051 -0.140545 0.0714799 -0.106179 0.00037385 -0.220902 0.112343 -0.476781 -0.066273 0.122498 -0.241601 0.146101 -0.240354 0.380954 0.178146 -0.256271 0.153069 -0.1923 -0.133357 0.179946 -0.203807 -0.0672652 0.0843064 0.204322 0.267404 -0.160224 0.116163 -0.298561 0.0531081 -0.256548 -0.0454551 0.212488 0.0452937 0.424197 -0.239607 -0.34386 0.317188 0.136579 -0.312035 -0.0220608 -0.217762 -0.365474 -0.0767845 -0.238585 -0.030878 -0.192861 0.862608 0.0600303 0.105201 0.349369 0.161669 -0.152876 -0.0534628 0.559883 -0.105307 0.0461533 0.05719 
0.0583601 -0.138234 0.240171 0.472403 0.0794868 -0.360423 -0.169516 -0.226972 0.067287 -0.150574 0.0638929 0.29299 0.0157249 -0.0405743 -0.111043 -0.0349368 -0.043461 -0.0565671 0.180998 0.242922 0.063981 -0.223194 -0.00295158 0.120626 0.127808 -0.523506 0.170187 -0.0322753 -0.059534 -0.16784 -0.0728217 -0.102978 -0.300666 -0.162175 -0.138171 -0.291792 0.39718 -0.584174 0.248038 -0.346168 -0.106509 0.0754531 -0.174315 -0.236565 0.0529959 0.13692 -0.228274 -0.201375 -0.0563432 0.0662978 0.304283 -0.198263 -0.204457 0.0810813 0.0232263 0.0166982 0.480382 0.50029 -0.0690086 0.187158 0.136145 0.0587532 -0.0847413 -0.151456 0.0874227 -0.335151 -0.247706 0.0359716 0.29516 -0.196575 -0.285952 -0.0852367 -0.0662064 0.0328109 0.193748 0.138261 0.00346419 -0.161825 0.0507177 -0.058541 -0.00497303 0.0849338 -0.118639 -0.06976 -0.223902 -0.160377 0.106352 0.124122 0.665542 0.0806195 0.801143 0.134545 0.0260379 0.0571546 -0.0301451 -0.0889168 -0.0997206 0.137384 0.0565029 0.0291472 
0.0355673 -0.165727 0.034638 0.183496 0.0341175 -0.302518 -0.0515781 -0.120976 -0.106973 0.0313052 -0.127742 -0.302937 -0.518494 -0.0814826 -0.435719 0.00241289 -0.0736044 0.228915 -0.106377 -0.0265491 0.0588406 -0.29382 0.0740047 -0.252232 0.0139845 0.150345 -0.127604 -0.400178 -0.0280983 -0.119881 -0.157547 0.246064 -0.282511 -0.141601 -0.167822 -0.0935841 0.24022 -0.0509597 -0.063877 0.0831518 0.245452 0.0347111 0.0213272 0.0217292 0.0853265 0.1006 0.146817 0.13036 -0.360968 -0.00753286 0.0951979 -0.229396 -0.128982 -0.108023 0.137942 -0.193868 0.280317 0.101662 -0.20756 -0.0835711 0.172214 -0.102284 0.333211 0.0272427 -0.215375 -0.0215051 -0.0133063 0.176825 -0.00150703 0.0329829 0.0102759 0.289307 0.0357652 0.190776 0.391567 -0.162522 -0.11186 -0.0703001 -0.13441 -0.177282 -0.15615 0.0258145 -0.15531 0.184309 0.043276 -0.0989674 0.0422724 -0.0491107 0.14703 0.112653 0.121408 0.569471 0.209325 -0.135619 0.434917 -0.0289047 0.224041 -0.216249 -0.262204 -0.0564383 
0.103039 -0.0379209 0.0412988 0.112691 -0.0242833 -0.133999 -0.194894 -0.106126 -0.0624747 0.0269788 -0.18679 -0.205289 -0.108514 -0.512604 -0.331907 -0.0137852 0.242398 -0.389878 -0.261104 -0.26882 0.299445 0.180579 -0.0727755 0.343421 0.253945 0.106778 -0.0702537 0.0192785 -0.145401 -0.0187478 -0.257699 0.00231347 -0.199518 -0.319765 0.320863 -0.120539 -0.106652 0.050266 -0.100239 -0.24538 -0.0885076 0.058249 -0.422046 0.240067 -0.163189 0.293918 0.00306069 0.442845 -0.319921 -0.0956677 0.0240583 -0.0584741 0.0011783 0.269536 0.247681 -0.0879332 0.12901 -0.0609118 -0.226252 -0.205133 0.0676041 -0.0526971 0.192704 0.191304 -0.135777 0.637495 -0.245679 0.343147 -0.462482 -0.318378 0.182942 0.447083 0.0681523 0.0160943 0.0290313 0.315463 0.0938751 -0.375665 0.139991 -0.00135905 -0.352159 -0.156443 -0.203981 0.181769 -0.184352 0.055954 0.18067 0.224948 0.0978424 0.375697 0.0317771 0.228201 0.997826 -0.166836 -0.15534 -0.0363301 0.392255 -0.148366 0.339251 -0.033524 
-0.086369 0.206464 0.111698 0.016262 -0.283421 -0.191103 0.412463 0.00901358 0.140968 0.150932 0.0788886 -0.162408 -0.0618949 0.25614 0.200516 0.267985 -0.0235582 -0.129702 -0.00350811 0.0785875 -0.579606 0.187963 -0.157336 0.133577 -0.0923232 -0.374164 0.0968448 0.242175 -0.428229 0.0997589 -0.104539 0.0507843 -0.291682 -0.115876 0.0856877 -0.0749792 -0.440319 0.0774915 -0.178631 -0.560683 0.13604 0.491044 0.150965 -0.197046 -0.250278 0.126202 -0.218823 -0.245206 -0.0688642 -0.0184611 -0.475132 -0.324011 -0.0773771 -0.101146 -0.227375 0.140977 0.108631 0.392441 0.0958201 -0.20942 0.0413165 0.212369 0.108137 -0.0452477 0.209003 -0.451152 0.0782468 0.135544 0.276095 0.221861 0.25469 0.111791 -0.0829638 -0.237759 -0.0238237 0.0243804 -0.00840571 -0.0693934 -0.253988 0.0691097 0.108109 -0.082402 0.278042 0.0354752 -0.00240113 0.363908 -0.156787 -0.376237 -0.188642 0.179648 0.0545439 -0.125092 -0.175186 0.91427 -0.0262029 -0.18799 0.0651498 0.435463 -0.0257592 0.105663 
-0.124092 -0.038395 -0.219113 0.170168 -0.0327069 -0.147954 -0.119749 0.102435 -0.157217 0.100273 -0.081791 -0.466318 -0.290635 0.170705 -0.268646 0.140863 0.0732636 0.44634 0.0166727 0.00496445 -0.192894 -0.330529 -0.197923 -0.515787 -0.108417 -0.0633656 -0.102246 -0.228004 0.188943 0.145643 0.0672284 0.546912 -0.0902689 0.0724304 -0.151966 -0.124832 0.235051 0.111141 0.0322531 0.374252 0.219744 -0.0843536 0.0889437 -0.143775 -0.268113 0.16792 0.0612175 -0.0599338 0.0282067 0.155727 -0.0657643 -0.280668 0.176894 -0.25492 0.255571 0.170125 0.170993 -0.0873073 -0.151451 -0.422094 0.0555075 -0.213655 0.417457 -0.159675 -0.225915 -0.42281 -0.154913 0.062942 0.238139 -0.277953 -0.0733261 0.271005 -0.178773 0.369093 0.356303 -0.161706 -0.0608643 0.356681 -0.000240676 0.0568278 -0.266868 -0.124014 -0.16245 0.266349 0.607952 0.0274197 -0.210551 -0.10362 0.0610065 -0.133667 -0.0315259 0.446674 -0.16246 -0.0249731 0.964271 0.106849 0.0311872 -0.0552222 -0.405304 -0.0296164 
-0.369474 -0.335546 -0.241057 -0.479605 0.191526 0.192032 0.100662 -0.0337854 -0.123984 -0.290789 -0.250645 0.000482831 0.0139153 -0.036929 -0.00542367 -0.216063 -0.00409174 0.00939881 -0.249832 0.0166116 -0.0534383 -0.561026 0.103073 -0.303039 0.243453 -0.156567 -0.305269 0.2466 0.128352 0.0735783 0.172178 -0.112581 0.303121 0.181404 -0.505929 -0.230387 -0.0425054 -0.0393669 -0.340437 0.289296 -0.199983 0.133043 -0.191962 0.147606 0.0326843 0.0221981 -0.20853 -0.215867 0.320797 0.109285 0.0698237 0.0454933 -0.247222 -0.169147 -0.0139544 0.120007 -0.0994347 -0.377986 0.526301 -0.13891 -0.146047 -0.233254 -0.139891 -0.126194 -0.00218042 -0.0431478 0.0494749 0.0965511 0.118287 -0.151537 0.131316 0.310236 0.108068 -0.00239401 0.0615094 0.0451477 -0.212347 -0.299457 -0.171504 0.103611 -0.230576 -0.230988 -0.346818 0.250541 0.0215909 0.0825279 0.309965 0.482679 0.0408156 -0.0578707 -0.113914 -0.0407648 -0.0670664 -0.210376 0.083233 0.804852 0.04845 0.153329 0.0236998 0.17587 
-0.0954501 -0.21941 0.160196 -0.213208 0.230271 0.107862 0.190606 -0.215122 0.442916 0.146976 -0.627492 -0.0888715 -0.144724 -0.448682 -0.153232 0.182716 0.359341 -0.497435 -0.0321026 0.274448 0.0657989 -0.213089 0.20571 -0.082968 -0.00876056 0.0362792 -0.0934772 -0.221256 0.0803721 -0.392779 0.0292317 -0.0447612 -0.430704 -0.0385043 -0.321243 -0.0126522 -0.00103013 0.1865 -0.294495 0.00480225 0.568276 0.14445 0.018203 0.299998 -0.0127535 0.0441434 -0.17102 -0.166054 -0.248056 -0.10296 -0.399691 0.00875698 -0.103217 0.00180232 0.196609 -0.161282 0.149238 -0.0451655 -0.112451 0.120681 -0.176435 -0.196949 0.205202 -0.0978047 -0.250324 0.282271 0.0703373 0.127387 -0.105432 0.00202371 0.131843 0.408175 -0.0492089 0.0915014 0.073668 0.277295 0.24244 -0.135692 -0.156006 0.351213 0.159295 -0.13952 0.0609869 0.296604 -0.032562 0.0561259 -0.405406 -0.141334 -0.281299 0.588977 -0.0912157 0.245683 0.395021 0.0762653 0.041073 0.081952 1.04742 -0.0517135 0.194158 -0.370319 
-0.12647 0.0689383 -0.0428389 -0.0958102 -0.386241 -0.155583 0.26652 -0.265481 0.199198 -0.155457 -0.00353217 0.0238797 0.326745 0.375507 -0.0417896 -0.124138 0.0098949 -0.289909 -0.13862 -0.0273492 -0.0707156 -0.061103 -0.229986 0.101693 -0.115675 -0.407977 0.0813787 0.0739368 -0.0143097 -0.214914 0.032639 -0.10908 -0.0338834 0.3418 -0.298672 -0.227767 -0.308606 -0.227594 -0.233713 -0.074721 -0.0259119 0.438905 0.0195489 -0.15531 -0.226725 0.17566 -0.186881 -0.0355033 0.303616 -0.177585 -0.110351 -0.226369 -0.0354688 0.0765486 -0.199525 0.183521 -0.101712 -0.141726 0.136051 0.0620642 0.231704 0.502147 -0.0590095 0.0434819 0.263874 -0.255884 -0.48721 0.0461499 0.588686 -0.0179173 0.165497 0.121217 -0.0255143 -0.324307 -0.162123 0.374445 -0.0402833 -0.0196325 -0.0505848 0.0780327 -0.0305605 -0.261272 0.0660038 0.37604 0.106001 0.049577 0.0670633 -0.0351129 -0.0181499 -0.0869781 0.135124 -0.205372 -0.156365 0.435813 -0.0561016 0.176066 -0.0624785 0.796959 -0.0890811 0.218294 
-0.236531 -0.0647454 -0.271464 0.121987 0.1314 -0.177533 -0.0856615 0.340202 0.295898 0.0260846 0.00611696 0.275248 0.404109 -0.445469 0.342596 0.0801277 0.615175 -0.592893 0.0398548 0.0402417 -0.0253045 -0.169578 0.404293 0.264546 0.187239 -0.175105 0.146683 0.233439 -0.144416 0.289213 -0.374616 -0.233998 0.117007 -0.0467282 0.17304 0.172789 -0.117205 0.130834 -0.111259 -0.166072 0.0488949 -0.156843 -0.119581 -0.622689 -0.325971 -0.290276 -0.258186 0.00493687 0.0752435 -0.16311 0.0853385 -0.105607 -0.209217 0.330261 -0.436223 0.16016 -0.0649214 -0.0724676 0.0403248 0.153276 -0.0195898 -0.248207 -0.367009 0.177493 -0.377458 0.425852 0.165289 0.146656 -0.32088 -0.196906 0.0152143 0.214577 -0.354229 0.401631 -0.086577 -0.00844519 -0.116497 -0.335118 0.187688 0.11474 0.134169 -0.0624945 -0.295092 -0.00933222 -0.318185 0.198296 -0.190009 -0.0109102 0.206478 0.0659165 0.0556769 -0.249893 0.332686 -0.0239745 -0.404749 0.0478709 0.184827 -0.087647 1.1642 0.105751 
0.105297 -0.393189 -0.064135 -0.00132107 -0.264958 -0.124523 0.40716 0.0939256 0.171399 -0.210878 0.511562 0.186128 0.140104 0.0350475 -0.187933 -0.304402 -0.156105 0.494772 -0.221924 -0.413411 -0.142644 -0.108722 -0.162672 0.15322 -0.0556144 -0.245039 -0.143003 0.475434 -0.177519 0.224348 -0.404836 -0.290628 0.0983795 0.199633 0.181622 -0.471285 0.106522 0.147907 -0.115504 0.0204435 -0.0572978 0.117259 -0.455597 -0.264479 -0.160401 -0.209952 0.303259 0.0941858 0.404771 0.0331548 0.0554598 -0.214754 -0.00134588 -0.147242 -0.304868 -0.0516943 -0.0460968 -0.278579 -0.0389848 -0.01901 -0.0819468 0.45632 0.277842 0.198367 0.0323324 -0.0431049 0.396466 0.391609 -0.0265584 0.0242203 -0.355131 0.0654285 -0.117877 -0.145934 0.151866 -0.303977 -0.271304 0.00824154 -0.176223 -0.394948 0.0892916 -0.494812 -0.290621 0.295227 -0.187516 0.101711 0.0317194 0.221447 0.124046 0.07041 0.0217779 -0.0506705 -0.0466324 0.100905 -0.0356048 0.193498 -0.386193 0.213185 0.0992079 1.07386 
