1.18089 -0.0558749 0.946202 0.515295 -0.185261 0.0245761 0.149624 -0.133565 0.0989785 0.232628 0.687551 0.25862 -0.055524 -0.0652682 -0.475653 -0.111742 -0.349034 0.643917 0.165769 -0.185651 0.688803 0.848867 -0.387304 0.866661 -0.256343 0.540534 0.279304 -0.0990875 -0.00226198 -0.318182 -0.0229611 0.0619154 -0.217754 -0.0146964 0.770005 -0.244312 0.606075 0.0700508 0.826737 -0.154511 0.0626317 0.00403768 -0.251379 0.573568 0.462584 0.19329 1.02864 0.549021 -0.15558 -0.0323368 0.0580525 0.405479 0.48805 0.254823 0.372659 -0.620858 0.267123 0.317779 -0.844058 0.399504 0.124523 0.739024 0.612044 0.17206 0.444067 0.385768 0.214238 0.218081 -0.337118 0.416963 -0.593752 -0.527033 0.24097 -0.578992 0.114874 -0.13491 0.346746 0.586099 0.318106 -0.568325 0.269421 0.188783 0.595497 0.028312 -0.343631 -0.181653 0.1374 -0.0236308 0.117562 0.38735 0.313799 0.284831 0.430618 -0.112557 -0.229416 -0.894714 -0.173147 -0.233912 -0.568396 0.476717 
-0.160043 2.45066 -0.521722 0.698657 -0.388726 0.0864549 -0.780045 0.299541 -0.532849 0.775124 0.18796 -0.68148 0.169792 1.16407 0.591152 -0.0607927 -0.70073 -0.539523 0.284176 -0.563245 -0.131298 1.81798 -0.381772 -0.666624 0.445563 0.360139 0.456142 0.130468 0.18953 0.961865 0.165316 -0.0183996 0.197478 -0.0505995 0.902543 1.46206 -1.25091 -0.176775 -0.570015 -0.347729 0.200774 0.293719 0.944117 -0.141471 -0.178211 0.559748 -0.697302 1.3686 -0.560935 0.548353 0.27032 -0.88123 0.461413 -0.253329 0.168399 0.729822 -0.0611699 0.648543 -0.187383 -0.171145 0.58675 0.365889 -0.563104 0.507889 -0.0791474 0.0168835 -1.20326 -0.841104 0.490821 0.298789 0.876921 -0.447858 -0.230211 0.54005 -0.598429 0.820855 0.487031 -0.53349 -0.399395 0.705069 -0.201236 0.300912 -0.0243413 -1.55256 0.52208 -0.462184 0.019924 -0.878248 -0.680526 -0.380116 -0.380153 -0.423219 -0.0964298 0.661775 -0.0764922 -0.897096 -0.649193 0.248146 -0.157208 -1.12291 
0.864868 -0.498888 2.87672 -1.16676 -0.198856 0.160813 -0.0148433 0.0420468 0.227967 0.170739 0.0284872 0.229479 -0.444902 -1.12882 -1.16038 0.429315 -0.89742 -0.188999 0.219157 0.444268 -0.188073 0.0161062 -0.29467 1.57839 -0.934616 -0.321916 -0.133904 -0.192671 0.0591383 -0.340651 1.37525 -0.130639 -0.0746166 -0.0486608 -0.395911 0.46605 -0.260739 -0.624616 1.4871 -0.489892 0.778935 1.2921 -1.3344 0.431744 0.728456 0.356169 0.315838 0.381064 -0.682649 0.0739145 -0.701187 0.448296 0.440256 0.11743 -0.23673 -0.0180558 1.08254 1.19308 -0.480252 0.863467 -0.106481 -0.27115 0.609854 -1.32092 -0.301173 -0.138031 0.382566 -0.065876 0.535034 0.687845 -1.09893 -1.15999 -0.0517336 -1.64885 0.53351 0.518649 0.24628 0.347752 -0.573241 -0.515038 0.20913 1.06481 0.148712 -0.189018 -1.12906 0.646508 0.499321 0.25806 0.316405 1.22388 0.777897 0.20071 0.164063 0.40031 -0.595811 -0.590796 0.512459 -0.0643517 -0.754528 -0.112913 
0.42163 0.709159 -1.1791 3.36472 0.0676061 -1.29494 -0.57793 -0.307084 -0.246945 0.380677 0.398568 0.449632 0.0925598 0.696617 0.726516 -0.350324 0.332913 0.296317 0.398442 -0.240051 0.729809 0.716923 -0.613954 -0.881674 0.760504 -0.3618 0.753503 -0.208618 -0.311652 0.0307531 -1.59454 0.276246 -1.29272 -0.594769 1.00356 -0.99216 1.69554 -0.699209 -0.290671 -1.05662 -0.284853 -1.17657 1.00423 -0.962428 -0.247888 0.0727514 -0.323338 0.0172346 0.0548841 0.0617249 1.0156 -1.31347 -0.369255 0.365112 0.972241 -0.338512 1.08944 1.11562 -1.29258 -0.200021 0.690174 0.741604 -0.043683 0.989775 0.41358 -0.311802 -0.632622 0.364611 -0.255739 -0.229277 -0.34531 0.312414 -0.659417 1.28513 0.344468 -0.589358 0.371739 -0.0702136 0.976257 0.0290568 0.403668 -0.3034 0.377472 -0.67087 0.215427 -0.960303 -0.586785 -0.628395 1.06499 -0.230053 1.46226 0.634953 0.365909 0.101671 0.559699 -1.31877 -0.620087 -0.235597 0.413494 0.0631977 
-0.221977 -0.321274 -0.154238 0.124556 1.7478 0.811565 -0.109151 0.0852146 0.152593 0.0443964 -0.53516 0.580283 -0.284863 -0.412406 0.67208 0.156987 0.211022 0.299698 0.661019 1.00657 0.218747 -0.550113 1.15732 -0.755863 1.13722 0.150737 0.00418362 0.407448 0.391722 0.131465 0.284884 -0.249051 0.00984452 -0.494055 -0.268684 0.0990811 1.07169 0.0761189 -0.0366115 0.237741 0.0071024 -0.562151 0.291577 0.8059 0.834173 -0.0850905 -0.375958 -0.971804 -0.123912 0.895652 0.515791 0.612085 -0.622376 -0.490738 0.608031 -0.271513 0.380676 0.426434 0.797328 0.21014 -0.842062 -1.1235 -0.468933 -0.31538 -0.0838195 0.066052 0.924194 -0.244437 -0.578807 -0.199774 0.00939508 0.187176 0.399858 1.06938 0.226695 -0.136732 0.218138 -0.696057 -0.242619 0.63268 0.220244 0.214533 -0.278239 -0.609308 -0.218193 -0.328538 -0.0595004 0.548899 0.398353 0.381939 0.340463 0.243766 0.0119352 -0.740429 0.00802453 0.751571 0.767302 -1.04994 0.49868 -0.670764 
-0.0600729 0.105974 0.157498 -1.28592 0.763632 2.3287 0.479479 -0.108685 0.387981 0.0557825 -1.00485 0.736848 0.437259 -0.22564 0.647547 0.610453 -0.998227 0.331991 0.398813 -0.496849 -0.137651 0.833757 -0.22715 -0.335488 -0.0264006 -0.0593595 -0.409817 0.898253 0.969921 -0.0900879 0.982336 -0.446734 0.470815 -0.232932 0.233015 0.704129 0.052016 0.586028 -0.282169 0.615375 -0.0312124 -0.767677 -0.427324 1.3967 0.934872 -0.243972 -0.41462 -0.210151 0.863396 0.924163 -0.0896704 0.706886 0.352272 -0.534835 1.09309 0.591334 -0.5616 -0.594361 0.672394 -0.359479 -1.69318 -0.10133 0.212652 -0.346812 -0.101367 0.514111 0.783545 -0.839984 -0.482061 -0.309134 -0.0753174 -0.580903 0.617457 -0.594215 -0.916146 0.877571 0.272734 0.253059 -0.405353 0.429743 0.403544 -0.137007 -0.161118 -0.416413 0.530737 0.206504 -0.379133 0.840298 -1.08959 0.111658 -1.0272 -0.814074 -0.365144 -0.511407 -0.38565 0.705155 0.352141 -0.405898 -0.476052 -0.297392 
0.108336 -0.717166 0.0252022 -0.525553 -0.113724 0.52284 2.57309 -0.526614 1.27563 -0.0141258 -0.316351 0.640102 -0.187791 0.671733 0.413656 0.839873 -0.563599 0.652054 -0.0770773 -0.347728 -0.766037 -0.146764 0.448311 0.195206 -0.309375 -0.363523 -0.0178336 0.39504 -0.512251 -0.781509 -0.699369 -0.0979255 -0.575914 -0.0880505 -0.233368 -0.302176 0.068944 0.841883 -1.06236 -0.30175 0.633832 0.448631 0.491136 0.101203 0.764469 -0.469137 0.318836 -0.76124 0.660842 -0.130696 -0.414758 -0.357667 -0.96179 -0.229379 -0.382564 -0.230488 -0.40741 -0.219104 0.662713 -0.10879 -0.58581 1.40536 0.865538 0.636399 0.427511 -0.0987592 1.49076 0.507843 0.199017 0.9911 0.703404 0.761966 0.766622 -0.946546 -0.196909 -0.167788 -0.866241 -0.0595377 -0.78219 -0.791133 0.986507 -0.544549 0.484837 1.45235 -0.0603098 0.921378 -0.341356 -0.144673 -0.74459 0.134715 -0.411118 -0.0178932 -0.504471 1.34265 -0.257674 0.474407 0.643733 0.90377 -0.157076 1.34102 
-0.220404 0.316871 0.0365421 -0.300257 0.0350917 -0.110874 -0.572164 2.05852 -0.856839 0.678293 0.688221 -0.430363 0.207057 -0.547065 0.721942 0.00970043 0.559416 0.126315 -0.12133 -0.101381 -0.600832 -0.202249 -0.112197 -0.0290506 -0.030997 0.473393 -0.205472 0.76196 -0.0621023 2.07657 0.448452 0.61012 1.39136 0.519633 0.401922 0.725322 -0.521855 0.803269 0.441612 0.269022 0.233073 0.0918134 -0.121009 -1.24333 -0.626288 -0.393689 0.11072 0.486925 0.418497 0.194761 -0.540915 -0.1792 0.408819 0.0896473 -0.70997 0.64643 0.254728 0.114064 -0.115149 -0.329227 0.122236 -1.40393 -0.336167 -0.43709 -0.854623 0.121107 1.02334 0.295563 -0.447495 0.541173 -0.471052 -0.248953 -1.28561 0.514579 0.585852 -1.23292 -0.255533 0.304168 0.270021 0.0574381 -0.036249 0.537312 -0.28695 -0.711114 -0.222296 1.08109 0.183537 -0.0958452 -0.106301 -0.0564324 -0.629037 -0.271636 -0.283714 0.0867525 0.363326 0.0255149 -0.619001 -0.737784 1.07496 0.355764 
-0.00786446 -0.535525 0.202458 -0.260123 0.0824659 0.365786 1.21008 -0.876844 2.92605 -0.230879 -0.00705187 0.947429 0.736726 -0.168616 -0.623703 0.775881 0.38461 -0.267532 1.01048 0.395472 -0.4365 -0.0872619 1.34235 0.650101 -0.635799 -1.06899 0.661933 -0.13237 0.291308 -1.24656 -0.846486 -1.25599 -1.13751 0.025886 0.135071 0.426134 0.132403 0.363255 -0.0754002 0.376658 1.52446 -0.0480652 -0.401174 -0.355366 -0.280843 -0.696454 0.077485 -0.527621 -0.196396 0.0314874 0.0711512 -0.0223382 0.0774534 -0.385919 -0.935663 -0.0278279 -0.659076 -0.484107 -0.0901175 1.16971 -0.857202 1.27922 0.577892 0.355071 -0.74258 0.0321417 0.249863 -0.413489 0.476013 -0.829802 -0.398107 -0.0288722 0.173455 0.558143 -0.573726 1.22552 0.0805843 0.123323 -0.951182 0.141106 1.07111 -0.980463 -0.6564 0.943121 0.138223 -0.506036 -2.02447 -0.732827 -0.0881338 0.580776 0.233736 -0.249632 -0.172766 0.462611 -0.435634 -0.265086 1.33511 0.636251 0.922047 0.568181 
0.213199 0.859862 0.232642 0.454912 0.0616821 0.121002 0.00773249 0.745702 -0.143466 1.03384 -0.311613 -0.349879 -0.150356 -0.0558558 0.527977 0.44731 0.0641312 -0.223776 0.143042 -0.152066 -0.0958749 0.697752 -0.352205 -0.346883 -0.0402179 0.498806 0.112764 0.00573542 0.143903 0.67408 0.220559 0.641711 -0.0491602 0.0614268 0.39912 0.712924 -0.135692 0.54812 -0.206214 -0.193562 0.925869 0.0938339 0.62691 -0.258144 0.0394576 0.108167 -0.124267 0.586103 -0.0942344 0.185708 -0.55851 -0.58895 0.216511 0.0926683 0.415887 0.260825 0.588643 0.599711 -0.66702 -0.194218 0.118542 -0.305456 0.300005 0.0189842 -0.462313 0.313821 0.34716 0.0726429 -0.161767 0.763772 0.11093 0.087933 -0.679436 0.219744 0.251178 -0.19966 0.307567 0.229967 0.054803 0.32142 0.406151 0.396558 0.4161 -0.451588 0.173635 0.529882 -0.397845 -0.641179 -0.619139 0.44779 -0.332435 0.252615 0.183007 0.579915 0.42425 -0.678088 0.534702 -0.340302 0.20002 -0.491238 
0.544741 0.149317 -0.0329893 0.349423 -0.641255 -1.06301 -0.417873 0.63225 -0.0430191 -0.434993 3.18906 -0.538727 0.140769 0.778399 -0.739093 -1.18028 0.279579 1.49393 0.24039 0.421979 -0.468069 0.419018 0.57258 0.961539 0.159784 0.302644 0.513944 0.799419 -0.956861 1.15973 -0.755223 -0.827806 0.571927 0.41841 1.37731 -0.487474 -0.568764 0.269483 1.29995 0.0417542 -0.697817 0.720754 -0.513581 -0.375267 -1.17481 -0.0631405 1.54336 0.156371 -0.695631 0.234831 0.179794 0.697535 0.969735 -0.770523 -1.79905 -0.731831 -0.76135 -0.0403157 0.0399983 0.575314 0.567646 0.542286 -0.293444 0.25986 0.713145 -1.01385 0.17516 0.216681 0.0126769 -0.215434 -0.687514 -0.932332 0.0186661 0.814002 0.237266 -1.07982 0.139063 0.138893 -0.4527 -0.424777 -0.438076 -0.561946 -0.230233 -0.69532 -0.482635 -0.854596 0.121944 -0.633741 0.669657 -0.235586 0.187587 -0.347907 -0.581679 0.240406 -0.245322 -0.681036 -1.91208 -0.00790801 0.016737 1.5527 
0.083688 -0.752244 0.135881 0.368365 0.442067 0.646565 0.506459 -0.518457 0.87934 -0.505381 -0.570849 2.34803 1.06292 -0.408523 1.00799 0.0676442 -0.636804 -0.325305 0.470205 -0.300806 0.406058 -0.0890369 0.0167256 0.196276 -0.253103 -1.06885 0.131709 0.355739 0.390926 -0.875131 -0.307856 -1.15386 -0.201341 -0.147987 -0.296293 -0.197629 1.27084 -0.821063 -0.133347 -0.421091 -0.254086 -1.22584 -0.287291 -0.61351 1.09684 -1.19721 -0.72833 -0.700123 1.26923 -0.101363 0.883422 -0.0550183 -0.779949 0.517653 0.125873 0.145847 0.205665 0.179861 0.0144225 0.930812 -0.835037 0.667164 -0.596035 0.119384 -0.0166468 0.339642 0.763309 -0.448513 -0.115634 0.135734 -1.04553 -0.914647 -0.117968 -0.693233 -0.606353 0.159915 -0.280856 -0.00207035 0.345869 -0.447728 1.42615 0.119116 -0.0821695 -0.322531 -0.824879 -0.186482 -0.36875 0.706778 0.530417 -0.218884 0.842755 -0.905615 -0.669299 -0.515606 -1.43103 0.0402261 -0.328343 0.0422058 0.792007 0.544277 
-0.144995 0.184489 -0.453039 0.0967534 -0.337619 0.432437 -0.235974 0.204424 0.754098 -0.220397 0.194108 1.14838 2.23518 -0.0088158 0.88672 -0.487388 0.883205 -1.11455 0.209818 -0.0911152 0.53898 0.372722 -0.591547 0.52242 -0.231566 -0.834927 0.46157 0.858073 0.692721 0.0587261 0.198417 -0.787619 0.688466 1.12611 0.125302 -0.235472 -0.0758425 -0.18522 0.0929409 0.307354 -0.348413 -0.428951 -0.344012 -0.742418 -0.823158 -0.367772 -0.530362 -0.0551562 1.67419 -0.310135 0.0151357 0.202357 0.602957 0.711941 -0.241768 0.719984 -0.585545 -0.892119 -0.140589 0.600304 -0.168576 0.617429 -0.873098 0.0654438 0.19276 0.337904 -0.776109 -0.298616 0.363968 -0.697481 -0.692463 -0.562219 -0.868812 -0.121313 -0.970912 0.789616 0.500866 0.561914 0.954758 0.733176 0.526395 -0.641182 0.0307461 0.0643736 0.152613 -0.113978 -0.601671 0.247949 0.0253304 -0.292535 0.0964215 -1.46682 -0.293513 -0.128606 -0.818516 0.165984 -0.41044 1.03626 1.26405 0.491667 
-0.159045 1.17446 -1.14126 0.696505 -0.469467 -0.234768 0.619244 -0.554004 -0.15555 -0.130203 0.827432 -0.327368 -0.0131215 2.57299 0.4423 -0.370531 -0.823984 1.03737 0.239793 -0.0193691 -0.282437 0.499615 0.078988 -1.04706 0.273866 0.0834905 0.516472 -0.132336 -0.0498331 -0.0873491 -0.291221 0.117483 0.055182 0.492079 -0.0838003 0.0359554 -0.275649 -0.244556 -0.67466 0.272885 -0.365153 0.34572 1.62589 -0.0244023 0.164736 0.292497 0.163673 -0.148365 0.232857 0.2687 0.633844 -0.47711 -0.200007 -0.695656 -0.307617 0.00360207 -0.723457 -0.0335728 0.699029 -0.0681461 0.713946 1.434 -0.325654 0.770399 1.13311 -1.3236 -0.799446 -0.561131 1.33864 0.49772 1.00742 -0.0827182 0.701903 0.296589 -0.400739 -0.047395 -0.288362 0.0170638 -0.483646 -0.0505925 -0.0304201 -0.283127 0.457524 -0.0689322 0.962132 -0.772242 0.231387 -0.734501 -0.259939 -1.33838 -0.0767819 -0.160095 -1.51009 0.821193 0.561198 0.00914536 -1.32662 1.17824 -1.28899 0.172191 
-0.6059 0.565073 -1.2093 0.689934 0.578548 0.601949 0.324697 0.678533 -0.647108 0.41716 -0.72653 1.05267 0.845944 0.40583 2.93502 0.341754 0.358108 -0.710502 0.132802 0.121243 -0.343433 0.453312 -0.410444 -0.830826 0.497088 -0.20209 0.139458 0.941107 -0.317464 0.590416 -0.0615731 0.148137 0.369875 -0.215033 0.0889939 -0.0485721 0.226706 0.228102 -0.904263 -1.00663 -0.86951 -1.10627 1.48438 -0.632746 0.315229 -0.768726 -1.29506 -1.2947 1.39178 -0.0888084 -0.320486 -0.149762 -0.825233 0.522168 0.465852 0.46002 -0.0469577 0.505845 0.619994 -0.554145 -0.493433 -0.558564 -1.33841 0.170089 0.709891 -0.12724 0.957985 -0.229359 -0.616878 0.828855 0.51469 -0.140649 -0.515026 -0.0733514 -0.736119 -0.891881 0.0157879 -0.0577844 0.955492 0.627653 1.03649 0.434717 1.2092 -1.04297 -0.0571917 0.738072 -0.191432 -0.117293 -0.586441 -0.653566 -0.324659 -1.25927 -1.00447 0.61785 -0.793326 0.0671913 -0.47674 -0.110118 1.03874 -0.53322 
-0.243291 -0.0881742 0.379099 -0.388209 0.062153 0.563553 0.749612 -0.0350104 0.751174 0.33519 -1.16902 0.111027 -0.529466 -0.408303 0.340452 3.16474 -0.187608 -0.0445919 0.994382 -0.161401 -1.54025 0.0817831 0.576744 0.980963 -0.985652 -1.01362 0.484238 -0.7024 -0.332086 -0.572671 -0.0587519 1.43918 -0.733408 -1.92569 0.662879 1.49209 -0.153098 0.467592 0.756556 -0.6163 0.185511 -0.920784 0.00982251 -0.791828 0.277285 -0.15526 -0.527506 -0.76227 -0.499906 -0.0241493 -0.0440057 -0.143497 -0.376999 0.526261 0.0701396 1.19676 -0.246689 0.713205 0.393866 -1.31476 -0.926752 -0.399433 0.921793 -0.304447 -0.895393 -0.259352 0.523362 -0.624432 -0.264935 -0.984494 0.800268 0.206949 0.73193 -0.426051 -0.530904 0.724709 -1.04288 0.671093 0.208326 -0.79622 -0.0558859 1.09881 -0.0259091 0.864145 0.964813 1.589 -0.761687 -0.31395 0.11688 -0.83924 -0.0976414 0.0538187 -0.0514043 0.818957 0.433901 -0.566027 0.529802 -0.358464 0.25003 -0.88393 
-0.483142 -0.73067 -0.950194 0.29247 0.11363 -1.04769 -0.656418 0.512146 0.357344 -0.0505471 0.288281 -0.595981 0.838568 -0.864315 0.354247 -0.190167 3.26384 -1.39274 -0.109781 1.56644 0.25365 -1.07408 0.615888 0.595378 0.15457 0.190922 0.461145 -0.204799 -0.522165 -0.01784 -0.471586 0.390103 -0.0520649 0.513521 -0.0872903 -1.00807 -0.162544 0.737051 0.496679 0.127435 -0.292345 -0.152017 0.303156 -0.571777 -2.04931 -0.00655247 0.166457 -1.2479 -0.0826023 -1.10265 -1.07912 0.983784 0.382214 0.825074 -0.691189 -0.480727 -0.637465 -0.838101 -0.133309 0.00014269 0.432924 -1.15443 -0.725088 -0.143177 0.192671 0.10638 -0.508571 0.721059 -0.667849 -1.06243 0.199881 1.01354 -0.80364 1.31084 0.0121348 -0.536323 0.694742 0.453913 1.4353 1.17615 -0.368956 -0.547368 0.673847 0.906038 0.216404 0.106803 -0.920502 -0.689912 0.247993 0.234654 -0.125773 -0.176792 0.714586 -0.0582324 0.228543 0.0673262 1.05712 0.0410752 1.85261 -0.441597 
0.503679 -0.575594 -0.247904 0.249744 0.196175 0.276402 0.553104 0.0729149 -0.300928 -0.344585 1.4965 -0.290611 -1.16532 0.990913 -0.720493 -0.0532809 -1.39887 3.32671 0.373848 -0.431717 -0.775017 -0.0585159 0.127177 -0.746493 -0.0370402 0.209029 -0.3027 0.379036 -0.14971 0.516248 -0.482911 0.22772 0.0179222 -0.455296 0.794353 -0.543367 1.10231 0.542828 0.598872 0.738272 -0.342243 -0.578043 -0.249442 0.481577 0.475131 -0.280757 1.39166 -0.396884 -0.0614201 1.10591 0.670311 0.167011 0.319452 -1.54064 0.118724 -0.471998 -0.213106 -0.0751575 0.239616 -0.684487 -0.676014 0.413061 1.19047 0.0832992 0.281703 -1.30719 1.36778 -0.00224127 -0.18735 -0.161072 -0.717789 -0.470128 0.807023 0.48146 0.674876 -1.37405 -0.614213 0.691286 -0.87239 -1.13186 -0.200505 -0.43684 -0.492246 -0.116439 0.666733 -0.490857 -0.0507065 0.198592 0.296038 -0.60812 -0.171222 0.724636 -1.18837 -0.382794 1.34164 0.101668 -1.51934 -0.864468 -1.77772 1.5049 
0.117067 0.339643 0.25179 0.443406 0.649033 0.43476 -0.0844905 -0.0831933 1.06862 0.113771 0.334498 0.596435 0.250588 0.284869 0.214348 1.07723 -0.0243742 0.465385 1.48485 0.823593 -0.488648 0.282418 0.983568 0.258266 -0.0882142 -0.654334 0.860027 -0.0919379 0.332212 -0.195614 0.088143 -0.0954835 -0.381392 -0.599706 0.581068 0.88461 0.544162 -0.110858 1.02658 0.113221 0.328004 -0.59843 0.19796 -0.247975 0.161419 -0.153491 -0.101923 -0.703785 -0.385884 0.68106 0.577753 0.358855 0.227812 -0.34743 -0.191585 0.361009 -0.113246 0.686315 0.215074 0.382614 -0.61877 -0.0183916 -0.0508956 -0.272153 -0.269059 -0.74145 0.0924572 -0.962702 0.311404 -0.825381 -0.322104 -0.768584 0.30602 0.845927 -0.332236 0.557954 0.137797 0.395134 -0.209581 0.189383 0.376995 0.391223 -0.21152 -0.456834 0.476831 -0.381503 -0.982516 -0.471515 0.578579 -0.338344 0.633011 -0.189704 -0.710513 0.0873245 0.144177 -0.584488 -0.0318056 -0.319062 0.212059 -0.553648 
-0.281962 -0.555388 0.429291 -0.242697 0.946978 -0.508511 -0.402751 -0.110853 0.406004 -0.228947 0.468478 -0.222185 -0.097955 -0.0219032 0.155179 -0.126163 1.60424 -0.38779 0.775983 2.81109 -0.241248 -1.25247 1.39727 0.185894 0.370065 -0.0493036 0.564865 -0.333469 -0.336691 -0.476648 0.698912 -0.121189 -0.260079 0.259249 -0.982652 -0.526327 0.145635 -0.245478 1.1043 -0.0117657 -0.0463528 0.714954 0.703467 0.505053 -0.502404 0.273728 0.0429636 -2.1197 -0.865228 -0.0810082 -0.728657 1.48014 -0.0201 -0.352085 -0.75022 -0.813323 -0.022641 0.638191 0.828065 0.902292 0.130521 -1.25446 -1.00148 -1.0769 0.809169 -1.43317 -0.0695948 -0.250289 0.519714 -0.209079 0.0142178 -0.194772 0.172321 0.925053 0.302284 -0.352724 0.824111 0.0696189 0.0137475 1.17974 -0.0178568 0.370124 0.872347 -0.188552 -0.240659 -0.528364 -0.395369 -0.695342 0.589152 0.418924 0.771172 0.00217091 -0.781271 0.286002 0.0614429 0.167233 0.840236 -0.03286 0.16561 -1.17572 
0.649075 -0.066857 -0.146467 0.783747 0.215736 -0.0927289 -0.764476 -0.553721 -0.369384 -0.116172 -0.364986 0.541263 0.588724 -0.228387 -0.252913 -1.44843 0.348031 -0.674506 -0.479674 -0.184664 2.39438 0.103349 -0.353414 -0.200664 0.425019 1.17333 0.0135638 -0.745129 0.916211 -0.837675 0.0917408 -0.29542 0.255272 0.934465 -0.485044 -0.552732 1.05019 -0.610178 -0.207127 0.714518 -0.206808 -0.519266 0.275254 0.736263 0.64536 0.15018 0.447382 1.00869 0.417022 -0.590635 0.82291 0.409676 0.0172039 0.897219 0.925031 -0.864907 0.161198 -0.728424 -0.875954 1.05871 0.786012 0.463985 -0.499804 0.601542 0.356393 1.52275 -1.01306 0.16043 -0.307301 0.360884 -0.330027 0.0533317 -0.0580169 -0.0290071 -0.0404954 0.220066 0.621749 -0.0435367 1.09168 0.159231 0.118969 -0.0203351 0.337618 0.1176 -0.43459 -1.13761 0.664671 0.59575 0.208805 0.0940171 0.290934 0.314924 0.980109 -1.632 -0.475548 0.0136676 0.270873 -0.106375 0.0255557 -0.306833 
0.709519 1.7828 -0.0419078 0.671241 -0.652745 0.779059 -0.244824 -0.254758 -0.119767 0.577835 0.422481 -0.0534526 0.322846 0.454045 0.444212 0.0739847 -1.07932 -0.0576253 0.191772 -1.29551 0.00372844 3.03936 -1.18862 0.388825 -0.00112727 0.297286 0.28476 0.74275 -0.263403 0.303872 -0.385481 -0.636079 -0.495396 -0.81898 2.19592 0.608382 -0.867353 0.308603 -0.210263 -1.06748 -0.361541 -0.422027 -0.0621259 0.910654 -0.0391018 0.255286 -0.0945618 1.17715 -0.402811 0.453452 -0.185188 -0.183618 1.00499 -0.155647 0.874387 0.135852 -0.377137 0.427426 -0.804154 -0.469622 -0.441892 1.17424 0.239736 0.722648 0.533347 0.6058 -0.406234 -0.553381 -0.804994 -0.00465338 0.217397 -0.936554 0.256095 -0.518832 -1.18122 0.807125 0.951479 0.0176549 -0.126897 0.229769 0.226547 -0.275871 0.564743 -1.53764 0.193113 -0.468517 -0.511229 -0.57698 -1.16427 0.276392 -0.670212 -0.84268 0.523889 0.571092 -0.988075 -1.60872 -0.66541 -0.177158 -0.506886 -0.304688 
-0.510318 -0.400618 -0.33635 -0.643302 1.07102 -0.265514 0.366585 -0.148372 1.32618 -0.455789 0.592377 0.0686438 -0.62509 0.0497513 -0.40321 0.585279 0.626982 0.144401 0.909256 1.37056 -0.4367 -1.17229 3.32814 0.371692 0.564112 0.492643 0.62743 -0.762024 -0.392962 -0.373458 -0.745378 -0.675585 0.00103448 -0.577836 -0.221719 1.34305 -0.26724 0.340375 0.281514 0.64416 0.483923 0.100781 0.567454 -0.243628 0.387351 -0.609135 0.526805 -0.670016 -1.67127 0.0771367 1.02469 0.895908 -0.94257 -0.470019 -1.94069 -0.651367 -1.07637 -0.100929 1.37536 1.16208 -0.0408171 -0.477364 -0.732631 0.439046 -0.673941 0.0829128 0.717732 -0.562031 -0.144688 -0.273707 0.933721 0.285059 1.16102 1.6455 -0.0392469 -0.0434545 -0.797562 -1.15663 -1.08298 -0.266848 0.005788 0.421172 -0.92504 0.217527 -0.534624 -0.619957 -0.216589 -0.544128 0.630643 -0.464854 0.00684966 0.27713 -0.21984 -0.448473 -0.573922 0.399915 0.607321 -0.667472 1.23106 -0.450203 
0.768453 -0.660664 1.56151 -0.886217 -0.817354 -0.349047 0.138287 -0.0404196 0.658736 -0.425661 1.00614 0.273001 0.513684 -1.05149 -0.798786 1.0143 0.631279 -0.704462 0.20876 0.183998 -0.259144 0.429965 0.396499 3.32826 -0.83213 -0.461171 0.660653 0.0484979 -0.974257 -0.507088 -0.0588718 -0.0793459 0.0960263 -0.740796 1.12109 0.248849 -0.966661 0.0267719 1.92159 -0.913886 -0.81964 0.576517 -1.51572 -0.195129 -0.529898 0.232235 0.828824 0.108724 -0.691808 -0.848676 -0.306927 1.24755 0.48753 1.19039 -1.2669 0.00860459 -0.683926 0.139991 0.0303021 0.224012 0.0600047 0.368702 0.150635 -0.23017 0.286025 0.532108 -0.160692 0.2204 -0.491584 -0.791984 -0.0665707 -0.531386 0.67565 -1.36158 -0.623555 0.733635 -0.279839 0.339475 0.627672 -0.978406 -0.494198 0.579581 0.257147 0.866177 -0.878981 0.92865 0.469585 0.176604 0.734411 0.0512096 0.402389 -0.676774 1.05356 0.449074 -1.50271 -0.793614 -0.233908 0.352371 0.836628 0.522277 
-0.278142 0.527931 -0.875081 0.832369 1.15214 0.036449 -0.289886 0.0340421 -0.550755 -0.0425873 0.280795 -0.0999702 -0.163894 0.345844 0.605536 -0.875902 0.266879 0.0813988 -0.0613122 0.444577 0.442947 0.116421 0.665327 -0.755722 2.15382 0.190219 0.0659851 1.20286 -0.240993 0.908434 -0.367981 -0.527054 0.151419 -0.332256 0.3234 -0.568482 0.251931 -0.129932 -0.817807 -0.417294 -0.748284 0.391329 0.263649 0.899079 0.138713 0.764058 -0.454443 -0.0994052 -0.218807 0.969419 0.727725 -0.0550225 -0.691136 -0.510798 0.470175 -0.320345 0.391769 0.423915 0.954414 -0.213419 0.038892 -0.40832 -0.769868 0.443322 0.675969 0.172268 -0.0488238 0.431722 -0.43958 -0.217462 0.799615 0.915004 0.436763 1.24049 0.215468 0.0791898 0.306528 -1.77678 -0.356629 0.806994 -0.600627 -0.538566 -0.463334 -0.751585 -0.419107 -0.575081 0.884374 0.657548 0.559786 0.456233 0.500342 0.198284 0.861536 -0.152219 -0.20419 0.922268 0.0651226 -0.223327 0.681114 -0.0278166 
0.409758 0.333531 -0.371358 -0.39891 0.0566772 -0.105486 -0.453011 0.429456 -1.09293 0.38746 0.314679 -1.0247 -0.876231 0.0464923 -0.202618 -1.01284 0.194255 0.218492 -0.736408 -0.0837678 1.08228 0.305858 0.484882 -0.493739 0.0812433 2.79733 -0.395708 -1.0718 -0.0557297 0.113322 0.00753038 0.281909 0.70973 0.536586 0.0130922 0.558111 -0.405407 0.904675 -0.281007 0.894006 0.122762 -0.171961 1.13764 0.963929 0.519268 -0.302665 1.35949 1.00538 -0.959779 -0.651923 -0.210191 0.92144 0.212625 0.0771684 -0.100131 -1.37698 -0.779407 -0.797262 -0.40462 0.471669 0.773233 -0.484857 -0.326597 0.660216 0.0917812 1.28146 0.428148 0.0785076 -1.11739 1.49413 0.646691 0.00172245 0.328289 0.289445 0.170328 -1.31736 0.235034 0.0445918 0.19808 -0.169813 -0.0624695 0.551753 0.790464 -0.457159 -0.348327 -0.599585 0.594388 -0.561596 -1.19252 -0.148083 -1.56258 0.49839 0.311059 -1.10672 -0.178011 -0.386766 0.0912658 -1.20921 -0.514893 -0.705066 
0.279671 0.560676 -0.052204 0.847534 0.041266 -0.324801 0.0238214 -0.118266 0.769142 0.132561 0.657121 0.307008 0.551408 0.610616 0.270072 0.616154 0.59562 -0.162095 0.909095 0.661543 0.0536577 0.424474 0.75081 0.759227 0.0881512 -0.264565 1.0898 -0.224227 -0.0955922 -0.252085 -0.317293 0.132285 -0.245599 -0.183675 0.642594 0.46124 0.111383 -0.12112 0.737203 -0.199947 -0.0387693 -0.0795991 0.565871 -0.485418 -0.239171 0.19854 0.175316 -0.22212 -0.294734 -0.0479749 0.486947 0.220825 0.0774809 0.376339 -0.501254 0.0932708 -0.307592 0.435777 0.0416399 0.418067 0.33069 0.544943 -0.309066 0.323182 0.288018 -0.282205 -0.573149 -0.380569 0.358624 -0.46124 0.295987 -0.186064 0.262393 0.572242 -0.411947 0.500974 0.0761014 0.188409 0.385692 0.0629776 0.111866 0.265079 0.287851 0.126318 0.249097 -0.234024 -0.377302 -0.627449 0.606448 -0.495185 0.649646 -0.204317 -0.0888938 0.437451 -0.163511 -0.701729 -0.166861 0.390001 0.581612 -0.267817 
-0.170998 0.162726 -0.183248 -0.186863 0.372254 0.910992 0.364418 0.776888 -0.0974371 -0.0467451 0.870319 0.458761 0.875634 -0.110469 0.999444 -0.642761 -0.142601 0.447364 -0.115147 -0.309068 -0.777312 0.810187 -0.710921 0.0747949 1.15275 -1.01294 -0.296504 2.9312 -0.371153 1.73874 0.0330272 -1.08962 0.612458 0.0283663 1.06116 -0.956775 -0.379407 0.486196 -0.428206 -0.779022 -0.788488 0.56528 -1.17287 0.479384 -0.628049 0.240856 -0.578866 -0.392112 1.17751 1.26556 -0.508944 -0.0776869 0.305186 -0.817591 0.177289 0.550417 0.219741 0.142222 0.804082 -0.690384 -1.12186 -0.0607945 -0.222053 -0.243899 0.668385 -0.344605 0.975512 0.571325 -0.464054 -0.397624 -0.45256 -0.0415159 -0.395455 -0.00304936 -0.188127 0.0128561 0.456288 -0.773641 -0.561139 0.749636 -0.0356467 -1.23571 -0.46256 -0.902817 -0.424632 0.500925 0.132733 0.913565 -0.112574 0.952215 -0.0300179 -1.09432 0.107426 0.801164 -0.613063 0.8816 -0.622476 0.295399 0.769603 1.51522 
-0.0697084 0.226251 0.0730256 -0.285433 0.360991 0.987124 -0.538409 -0.0427102 0.330705 0.0958869 -0.881497 0.498412 0.714746 -0.0235024 -0.254664 -0.267983 -0.455504 -0.076918 0.313467 -0.307826 0.888492 -0.191502 -0.337395 -0.943496 -0.28664 0.00759927 -0.163405 -0.366689 1.81347 -0.213469 1.03753 -0.0656513 0.588444 1.01842 -0.815486 0.677929 0.692228 -0.356873 -0.082082 1.57749 0.806786 -0.581413 -0.135249 0.104505 0.510707 -0.0954903 -0.30568 0.733547 0.932056 0.437369 0.626639 -0.157994 0.492567 -0.098016 0.809109 0.656198 0.151962 -0.752251 -0.372894 0.58478 -0.259758 0.000543362 0.0567358 -0.310162 -0.854777 0.440381 -0.683604 -0.77767 0.728784 -0.319703 -0.774737 -0.466309 -0.463461 0.233783 -0.0840093 0.907515 0.27363 0.585975 0.0697375 0.474594 0.255271 -0.0139076 -0.719387 -0.013044 0.726577 -0.560591 -0.331508 0.538127 -0.13553 -0.195247 -0.10733 0.026388 -0.38215 -1.20558 0.642242 0.53132 0.286873 0.0351231 -0.359498 -0.439177 
-0.439172 0.945043 -0.380307 0.00342787 0.0471906 -0.126429 -0.861211 2.04242 -1.26071 0.572519 1.18155 -0.821189 0.0272073 -0.114562 0.599674 -0.562112 -0.0047221 0.535496 -0.267903 -0.501327 -0.918939 0.32223 -0.371434 -0.529871 0.809243 0.123107 -0.373442 1.68966 -0.267013 2.91001 0.201023 0.104349 1.39714 0.265401 0.93248 0.481128 -0.908836 0.60748 -0.0502066 -0.0728447 -0.15554 0.526463 -0.516848 -0.912709 -0.921157 0.103428 -0.245004 0.877659 0.232452 0.997563 -0.238175 -0.708277 0.49039 -0.654181 -0.538156 0.865336 0.460168 0.362085 0.215371 -0.78824 0.0537293 -1.25208 -0.378931 -0.273723 -0.651912 -0.231922 0.715925 0.38959 -0.355488 0.159343 -0.298923 -0.103646 -1.20508 0.959371 0.654336 -0.960018 -0.105448 -0.569831 -0.439263 0.358158 -0.591991 -0.0896436 -0.971417 -1.43654 -0.195476 0.687065 0.522197 0.168737 0.0272636 0.174702 -0.485793 -0.302505 -0.055733 0.324837 0.4588 0.313454 -1.18612 -0.620235 0.887844 0.712881 
-0.107627 0.184818 1.37192 -1.58554 0.236934 0.982319 -0.742747 0.450625 -0.824309 0.155324 -0.697078 -0.21759 0.203223 -0.28211 -0.0159913 -0.0118682 -0.422143 -0.427338 0.0521788 0.710558 0.0468024 -0.330799 -0.70703 -0.0453299 -0.430847 0.0536403 -0.402325 0.0202721 1.02031 0.237348 2.43851 0.463998 1.1342 0.84129 -1.22523 0.580111 -0.476952 -0.480444 0.840317 0.695629 0.0444274 0.736423 -0.324885 0.775158 0.41809 0.580992 -0.432307 -0.0660681 0.466192 0.33813 -0.719945 0.784508 0.671027 -0.0687393 0.49647 0.691491 0.393237 0.167106 0.419446 0.157509 -0.143177 -1.19088 -0.375791 -1.59936 0.0329001 -0.478352 -0.453523 -0.697035 0.924342 0.297492 -0.424371 -0.940239 -0.232817 -1.01493 0.0685564 0.574028 0.508987 0.648045 0.0513159 0.713516 -0.331417 0.96995 0.304598 -0.47091 0.191564 0.480589 0.742976 0.613296 -0.316845 0.14616 -0.164412 -0.379177 -0.736262 -0.251731 0.259881 0.645577 0.116233 0.15875 -1.06732 -1.13835 
0.0281672 0.05202 -0.0830538 0.336163 -0.246084 -0.395833 -0.0903855 0.66321 -1.1829 0.627392 -0.718744 -1.01268 -0.731895 0.177512 0.244636 1.53698 0.490463 0.334211 -0.0805304 -0.058626 -0.289441 -0.530479 -0.58632 -0.0148867 -0.539003 0.378936 0.0981698 -1.05146 -0.0319532 0.191591 0.514916 2.65926 0.230866 -0.430193 -0.125078 0.315813 0.30049 0.406381 0.649683 0.159216 -0.241492 -0.416448 0.812168 -0.64972 -0.085736 0.591581 0.219336 -0.0954087 0.133614 -0.451833 -0.304008 -0.2426 -0.0677428 0.861605 0.706873 0.647474 0.325257 0.273242 -0.209796 -1.57649 0.591373 -0.884377 0.736261 -0.319376 -0.172289 -0.30184 -0.240549 0.282946 0.0179902 -0.0550691 0.763957 0.81941 -0.0139684 -0.246243 0.516427 -0.582444 -0.735576 1.16907 1.29269 -0.565257 -0.794567 1.14339 0.728237 1.12799 1.23391 1.44985 0.521877 -0.117305 0.197998 -1.06291 -0.203965 0.882572 0.0946928 0.265155 1.74985 -0.157781 -0.0548282 -0.21549 -0.594545 -0.744806 
-0.302414 0.216986 -0.0779431 -1.28372 -0.0381001 0.470804 -0.619286 1.39353 -1.11533 -0.114391 0.630077 -0.111069 0.693277 0.064299 0.415462 -0.686519 -0.00261693 0.0735003 -0.417351 -0.248428 0.210339 -0.440708 0.0393881 0.109573 0.0885585 0.755845 -0.330626 0.599708 0.57123 1.43347 1.13421 0.179954 2.32382 1.19136 -0.372993 0.783182 -0.771532 0.226113 0.375057 1.1701 -0.640726 0.260216 -0.235227 -0.440895 0.0115489 -0.179343 0.296455 0.780111 0.944653 0.0501216 0.252699 0.599557 0.318534 0.234859 -0.798476 0.635683 -0.631706 -0.901305 0.768812 0.135633 0.345332 -0.845178 -0.964142 -0.318073 -0.236645 0.433524 0.142994 -0.204477 0.130829 0.420371 -0.0769942 -0.526378 -0.351743 -0.196081 -0.0328364 -0.484774 -0.516451 0.102437 0.328701 -0.117124 -0.510201 0.564441 -0.487882 -0.306719 -0.17953 0.548973 1.32994 0.826911 -0.0612445 -0.901736 -0.847941 -0.754064 -0.561715 -0.813157 -0.212606 1.03841 -1.26357 -0.0408116 0.407558 0.371304 
-0.0941205 -0.0258558 -0.0467513 -0.580528 -0.536764 -0.227707 -0.126186 0.527047 0.0533049 0.00143252 0.481796 -0.0524792 1.13616 0.506432 -0.16421 -1.87356 0.568205 -0.394482 -0.630428 0.276136 0.894768 -0.759057 -0.534246 -0.722013 -0.389881 0.587937 -0.263466 0.0208525 1.00645 0.306967 0.846532 -0.475869 1.19659 2.67991 -1.46235 -0.440603 -0.250658 -0.0287597 -0.42907 1.50797 0.849924 0.942819 0.343424 -0.407996 -0.51766 -0.235496 0.407408 0.578057 1.29214 -0.479683 -0.545811 -0.0331263 0.620459 -0.0538982 -0.667545 -0.162301 -0.162334 -1.23559 -0.394759 1.3353 0.89895 0.347478 -0.580659 -0.175289 0.0385884 -0.0107442 -0.552102 0.174437 1.25623 1.04988 -0.799017 -0.289377 -1.26153 -0.0296354 0.339195 -0.367141 0.482978 0.625693 0.0742877 0.684458 0.482801 -0.591573 0.152742 0.313791 -0.058201 -0.470482 0.032062 -0.164189 -0.566911 0.162 -0.427232 -0.326099 -0.917217 -0.280501 0.280728 0.678498 -0.0817334 1.09148 -0.0784125 0.6803 
0.633631 0.870337 -0.450952 0.960847 -0.368342 0.18129 -0.328454 0.352387 0.10554 0.282175 1.38374 -0.257735 0.0783992 -0.126397 0.0828671 0.658054 -0.0895562 0.798218 0.493395 -1.02271 -0.581691 2.19889 -0.235079 1.08292 0.208825 0.00749357 0.505854 0.996693 -0.884414 0.917096 -1.27694 -0.227704 -0.424707 -1.5193 3.00819 0.311243 -0.416867 0.894556 0.684359 -0.960701 -0.806805 -0.910596 -0.752298 0.120204 -0.831052 0.0393133 0.557345 0.639152 -0.745091 0.545992 0.189368 0.137818 0.96355 -0.155344 0.117146 0.106642 -0.635848 0.253301 -0.551303 -1.03195 -0.676224 0.52256 0.576582 0.782005 0.0829723 0.413484 0.307997 -0.0110092 -1.58802 -1.17751 1.46231e-05 -0.400475 0.339012 0.54359 -0.712135 0.0593748 0.293289 0.0874628 0.147219 -0.346601 -0.366223 -0.479432 -0.193303 -0.903993 0.262707 -0.0920238 -0.702811 -0.403639 -0.0915339 -0.0327261 -0.41217 -0.46171 0.947716 0.267239 -0.449412 -1.44045 -0.986901 -0.886891 0.523941 0.569319 
-0.408445 1.4021 0.383251 -1.06263 -0.0283358 0.624645 -0.42502 0.648028 0.368844 0.568221 -0.508796 -0.186829 -0.310134 -0.0344 -0.0824573 1.4595 -1.03809 -0.567261 0.769179 -0.594148 -0.677137 0.583598 1.30193 0.182924 -0.710815 0.524754 0.296741 -1.049 0.581243 0.437986 0.500644 0.185429 0.703709 -0.525312 0.283484 3.38496 -1.36839 0.153459 0.212103 0.638176 1.11202 -0.280917 0.366365 -0.989908 0.747208 -0.561754 -0.351512 1.4822 -1.14666 0.200758 0.765875 -0.341681 0.00217403 0.0659457 -1.0248 1.11428 -0.62931 0.244167 0.231892 0.434517 -0.000894827 -0.453046 -0.299316 0.123106 -1.88773 0.781409 -0.0288589 -1.51651 0.242198 0.270512 0.694936 -0.864082 0.190708 0.291696 -0.572377 0.882764 -0.82239 -0.26593 -0.849009 -0.475583 0.114535 1.52518 -1.04783 -0.844765 0.176457 0.323066 -0.14554 -0.659896 -0.515363 -0.951355 -0.900791 -0.266755 -0.404249 -0.24252 -0.395768 -0.641584 -0.0888856 -0.701936 0.495431 -1.41716 
0.550258 -1.20256 -0.235222 1.73338 1.05259 0.080848 0.0544153 -0.490833 0.183429 -0.172079 -0.48177 1.38995 -0.0421879 -0.237688 0.301137 -0.0773652 -0.0842524 1.18673 0.537046 0.18613 1.0341 -0.783822 -0.200043 -0.924271 0.217913 -0.330448 0.0551994 -0.363313 0.703858 -0.843663 -0.448103 0.278421 -0.742688 -0.227051 -0.33631 -1.26007 2.99385 -0.541209 0.295952 0.311793 -0.0667839 -1.72689 0.204891 -0.0392222 1.00821 -0.516513 0.158193 -0.953744 0.95659 0.283474 1.07119 -0.104405 -0.554112 0.132552 1.44089 -0.550517 1.04716 0.301959 -0.714826 0.206314 -0.504399 0.0656813 0.449622 0.0245522 0.0913168 -0.161693 0.703058 0.196185 -0.377224 -0.249236 -1.33533 -0.0117398 -0.13115 0.527846 0.655097 -0.804747 -0.00694737 0.698238 0.893863 -0.402748 0.802232 -0.0544808 0.117611 0.251341 0.137483 -0.64783 -0.463364 0.687363 1.14356 -0.0906087 1.27444 0.842973 -0.254273 -1.23023 0.792197 0.0303764 0.0542962 -0.836136 -0.266236 0.424576 
-0.0236028 -0.166261 -0.636935 -0.699198 0.019181 0.577024 0.789518 0.796454 0.376444 0.473897 0.31864 -0.739785 -0.189402 -0.244433 0.264696 0.505487 0.777505 0.589413 -0.15581 -0.24282 -0.664104 0.354297 0.369735 0.0313257 -0.201786 0.941797 -0.21514 0.464453 -0.383081 0.634817 -0.489432 0.346475 0.21712 -0.0429891 0.937276 0.223937 -0.579045 1.97103 -0.303138 0.490923 0.442349 -0.279895 0.19301 0.301815 -0.655821 -0.449978 0.850401 -0.142465 -0.0539709 -0.0233365 -1.04997 0.491899 0.507334 -0.37293 -0.274346 -0.253544 -1.01842 -0.975558 0.0448165 -0.728803 -0.682266 -0.290186 0.673848 0.38419 -0.286319 0.523185 1.34464 0.419386 -1.19474 0.0791961 0.456425 0.597973 0.018255 0.495389 -0.144416 -0.812347 -0.0103557 0.510292 -0.143592 0.0922183 0.130574 -0.59976 0.270244 0.483805 0.527241 0.664256 -0.921542 -0.576052 -1.30889 0.238826 -1.70746 -0.0684034 0.178645 0.285371 0.382629 0.00195534 0.57905 -0.630936 0.440044 0.510892 
0.71171 -0.580873 1.45341 -0.312032 -0.114922 -0.312546 -1.1361 0.413424 -0.0835837 -0.30181 1.32773 -0.0734416 0.0673859 -0.695909 -0.889042 0.773079 0.515761 0.624084 0.960255 1.08559 -0.282427 -0.185941 0.289501 1.90477 -0.911034 -0.265258 0.62181 -0.471322 -0.129662 -0.0442428 0.809956 0.568405 0.34469 -0.464672 0.705706 0.26121 0.236742 -0.324511 2.96246 0.128085 -0.726757 -0.245109 -1.06608 -0.199965 -0.511371 0.190257 0.969457 -0.542566 -0.744244 -0.0828906 0.00365012 1.55841 1.15474 0.346338 -0.634795 0.0414356 -0.155813 0.527229 -0.239584 0.206131 -0.0579078 -0.837343 0.0807233 -1.18041 0.0513789 -0.855045 -0.234877 -0.516959 -0.0517746 -1.18452 -1.14663 -1.4228 0.205333 -0.165068 0.101933 -0.109506 0.18027 1.38626 0.78514 -0.495109 -0.638609 1.06279 0.170904 -0.137293 0.0227502 0.0796167 0.019344 -0.0202215 1.25258 -0.437136 0.767807 -0.128528 -0.294243 -0.50437 0.124594 -0.922627 -0.885309 -0.670667 -0.307608 -0.300712 
-0.277852 -0.366902 -0.531899 -1.0863 0.151116 0.576683 -0.383803 0.232519 0.36016 -0.297473 0.0612235 -0.3695 0.273485 0.243322 -0.999719 -0.608092 0.138202 0.75517 0.0385818 -0.0387954 0.630904 -1.05148 0.643833 -0.93902 -0.518835 0.90144 -0.323654 -0.830452 1.5216 -0.0751954 0.656953 0.0696233 1.13142 1.46406 -0.947667 0.678968 0.244269 0.461236 0.11977 2.66729 0.773322 -0.444059 0.00295669 0.0494961 -0.0415584 -0.43918 0.867837 0.612756 0.449694 0.0742646 0.550758 0.543805 0.707675 -0.514668 -0.337167 0.0683121 -0.996945 -1.89828 0.0569236 0.644864 0.0247928 -0.192891 0.148128 -0.055478 -0.978826 0.302627 -0.33725 -0.600473 0.547211 -0.416315 -0.467028 -0.147377 -0.0851709 0.886412 0.148743 0.0227241 -0.208682 0.848201 -0.205094 0.0889135 -0.22652 -0.323388 -0.988328 0.708417 0.993582 -0.782431 -0.332726 0.200467 -0.337634 -0.756541 -1.02313 0.304244 -0.73798 -1.65884 1.14228 0.958258 0.0042694 -0.202005 -0.480359 0.0988155 
-0.0456786 0.196631 0.751958 -0.299498 -0.0644923 -0.0548738 0.56681 0.211602 1.52299 0.836989 -0.663317 -0.187464 -0.367252 -0.379687 -0.847573 0.20875 -0.266548 -0.310315 0.268395 -0.0583519 -0.275391 -0.330503 0.498626 -0.829743 -0.834795 0.145227 -0.147446 -0.824888 0.765922 -0.14286 0.0207825 -0.316054 -0.664376 0.821037 -0.778741 1.16784 -0.119277 0.427692 -0.72004 0.788352 2.93915 0.636451 0.23197 -0.743061 0.140799 -0.572371 -0.0232487 0.888378 -0.518521 0.11111 -0.558726 -1.21116 0.140768 -0.620643 -0.474565 0.066209 0.695315 0.109068 -1.0808 1.15209 0.0160082 0.220114 0.904513 -0.0596481 -1.79295 0.28105 0.51905 -0.129822 0.80702 0.983173 -0.620949 0.0540166 -1.08777 0.582628 0.717745 0.252784 0.147661 0.146783 -1.35851 0.24307 1.15918 -0.162146 -0.651235 0.151283 -0.0238393 -0.0983451 -1.52253 -1.14935 -0.826077 1.17142 -0.28912 0.806175 -0.252333 0.44636 0.693782 -0.49455 1.70972 -0.0405473 0.17957 -0.119378 
-0.070295 0.323554 1.2991 -1.15724 -0.599768 -0.757361 0.415586 0.104319 -0.0155548 0.0389311 0.789231 -1.12524 -0.413812 0.365164 -1.05036 -0.863567 -0.0922411 -0.512138 -0.624061 0.736932 -0.553872 -0.357012 0.149462 0.600392 0.338795 -0.115518 -0.154299 0.562858 -0.588299 0.57312 0.746756 -0.457033 0.270543 0.94791 -0.848555 -0.191117 -1.7454 -0.260574 -0.204416 -0.395051 0.670428 3.02263 -0.429746 0.415328 -0.506274 1.12839 0.122953 0.507759 -0.776126 0.116555 -1.03689 -0.259901 0.0541453 -0.5959 -1.21823 -0.161527 0.483975 0.53585 0.590381 0.598794 0.962808 0.188705 -0.0373006 -0.541309 0.448439 -0.701318 -0.50271 0.654232 1.41087 0.951349 0.512265 0.372752 -0.0667241 -0.611813 0.677223 0.485801 0.210527 -1.04878 -1.4237 0.39834 -0.606675 -0.249218 -0.0989485 0.23006 -0.861464 0.347305 1.03975 -0.24646 -0.11316 1.2225 0.290745 0.20793 0.221915 1.54535 -0.184533 0.538506 0.472222 1.38788 -0.403666 0.438272 
-0.351783 0.947881 -1.35347 0.997488 0.227889 -0.443079 0.432021 -0.134575 -0.394735 0.545935 -0.471175 -0.212763 -0.354944 1.61926 1.51422 0.0409678 0.33686 -0.209608 0.146257 0.699374 0.214577 -0.0231822 0.590063 -1.51791 0.185044 1.16801 0.4651 -1.20136 -0.168207 -0.496262 -0.340624 0.745512 -0.25097 0.322445 -0.716328 0.430094 0.160304 0.18626 -1.05146 0.0258936 0.239876 -0.455817 2.94261 -0.317536 0.571722 -0.396103 -0.157683 -0.708538 -0.125935 -0.615027 0.00161794 -0.236762 -0.878149 0.157483 -0.0106111 -0.586988 -0.403794 0.274706 0.215921 0.235617 0.872781 0.137775 -0.893297 0.770326 0.678108 -0.419398 -0.0229596 -0.444627 0.338675 1.5428 1.3666 0.324061 0.150035 0.661426 -0.209694 -1.01552 -0.067812 0.112144 0.389005 0.349475 0.790879 0.67132 1.52023 -0.275912 0.519145 -0.391187 -0.251553 -1.40308 -0.813739 -1.06297 -0.48463 0.141707 -1.24504 0.499041 0.309288 -0.462579 0.0674086 0.103742 -0.317952 -1.30637 
0.426586 -0.184284 0.366097 -1.01574 0.695634 1.33437 -0.00449019 -1.30347 -0.395505 -0.385696 -0.379438 -0.585559 -0.799928 -0.0776063 -0.64948 -0.80726 -0.584651 0.474834 -0.346255 0.454383 0.629009 0.90302 -0.267595 -0.243903 0.773897 0.947723 -0.632766 0.404313 0.0249702 -0.9387 0.712842 -0.762953 -0.503216 -0.475553 0.109597 -0.972757 -0.130387 0.248487 -0.23192 0.0258558 -0.781732 0.342679 -0.364113 3.52013 0.628931 0.915461 0.427472 -0.511245 -0.798506 0.623865 -0.639184 1.63223 0.526082 -1.00368 1.5295 -1.24294 -0.470888 -0.40013 0.580304 -0.262607 -0.919876 -0.025175 0.293089 -0.298348 1.45801 0.193822 -0.103483 -0.123217 -0.8142 -0.229868 0.501856 -0.0108851 1.60065 -0.578431 -0.470003 0.637034 1.31407 -0.442617 -0.64491 0.860059 -0.591509 -0.674362 0.73496 -0.453928 0.0344893 -1.05476 0.367522 0.611227 -1.0694 1.11866 -0.717959 0.0963356 0.69472 -0.591568 -0.435445 0.509546 0.866216 -0.467413 -1.87385 -0.779591 
0.359872 -0.176756 0.707077 -0.256935 0.768176 0.916809 0.703044 -0.642162 -0.276712 -0.0438247 -1.13471 1.16906 -0.836398 0.155801 0.342764 0.306122 -2.01791 0.512657 0.107408 -0.508805 0.582375 -0.00246635 0.407653 -0.534403 0.0578004 0.547332 -0.34225 -0.65885 0.475441 -0.902879 0.400043 -0.1547 -0.0065031 -0.540948 -0.79739 0.808628 0.961313 -0.664879 -0.499057 -0.0209297 0.146397 -0.534654 0.569413 0.6732 2.5973 -0.50692 -0.136499 0.234323 0.0269658 0.24984 1.10339 -0.0675688 -1.25668 0.0435915 0.695023 -0.324059 0.493419 0.656322 0.371953 0.601151 -0.324824 0.303035 -0.050906 0.191942 -0.0537406 0.627975 1.00623 -0.577294 -0.063045 1.47618 0.151919 -0.541919 1.00527 -1.06284 -0.00295152 -0.0812137 -0.735072 -0.535747 -0.495405 -1.03404 0.831958 1.18399 0.102253 -0.434097 -0.761089 -0.0747354 0.981482 0.740405 -0.0689951 -0.323862 0.194994 0.331397 -0.470779 -0.706995 -0.764192 0.20905 -0.0277693 -0.637387 -0.93943 -0.423088 
0.193923 0.664548 0.438136 0.167049 -0.0477419 -0.15869 -0.427215 -0.306218 -0.588978 0.12823 0.0803027 -1.02164 -0.277668 0.386908 -0.637845 -0.0230778 0.128189 -0.139886 -0.104157 0.370672 0.19054 0.395267 -0.485488 0.331075 0.78649 -0.171256 0.198806 0.313399 -0.0274109 0.225051 0.666291 0.625962 -0.0940494 -0.155439 0.17632 -0.396989 -0.460063 -0.355691 0.305917 -0.315206 -0.463428 1.20335 -0.295066 1.06307 -0.403575 1.71602 -0.0938725 0.367513 -0.483715 0.495384 -0.15105 0.0290856 0.368517 -0.085475 0.72723 0.227843 0.479534 0.476109 0.277512 -0.693365 0.499751 -0.0288992 0.296292 -0.32523 0.734625 -0.371739 -1.38849 0.298576 0.566274 -0.670451 0.730449 0.660554 0.493179 -0.0762342 0.191739 1.07546 0.502286 -0.437071 -0.00379606 0.575442 -1.30266 -0.127465 0.0645074 0.279989 0.456175 0.0593349 0.913887 0.349951 0.404484 0.415559 0.55011 0.480561 1.00389 0.525789 0.647252 0.280937 0.246267 0.673111 -0.728998 -0.468396 
0.972742 -0.649028 0.341278 -0.285567 -0.395137 -0.385865 0.30423 0.141664 0.128434 -0.160731 1.63027 -0.609292 -0.496785 0.201556 -1.22071 -0.451851 0.244671 1.476 -0.109116 0.0833804 0.431215 -0.0111086 0.593924 0.871137 -0.488538 1.43437 0.119055 -0.56285 -0.294128 -0.179908 -0.403536 0.19719 0.325221 0.430938 0.637824 -0.243274 0.158116 0.88816 1.02859 0.935283 0.0291671 0.141391 -0.113173 0.518559 -0.0896815 -0.1504 2.20215 0.428229 -0.637942 -0.395441 -0.0178284 1.10728 0.703158 -0.161829 -0.773617 -1.20874 -0.881784 -0.828249 -0.414241 0.459587 0.409073 0.54559 0.703435 0.426744 0.320017 0.248014 0.560592 0.395278 -0.518691 0.32035 -0.286043 -0.208101 0.619259 0.0736377 0.347627 -1.0197 -0.135566 0.848326 0.0432741 -0.954005 -0.212371 -0.120697 0.326556 0.749773 -0.0766256 -0.403493 0.136182 -0.361291 -0.0845421 -0.173944 -0.601998 0.562687 0.0747882 -0.565814 0.270619 -0.467776 -0.455751 -0.47104 -0.689257 1.01471 
0.398311 1.32206 0.311688 -0.0398101 -1.0858 -0.276212 -0.870662 0.423054 -0.571488 0.454823 0.148471 -0.675901 -0.116394 -0.205297 -1.31516 -0.78143 -1.2645 -0.407355 -0.805793 -2.1741 0.897709 1.16579 -0.697712 0.0562221 -0.228316 0.985444 -0.373196 -0.470911 0.650284 0.847939 -0.132112 -0.21237 0.714062 0.506771 0.624816 1.49562 -1.04864 -0.199521 -0.578249 0.585387 0.845978 0.431382 -0.758843 -0.514973 0.186325 0.216171 0.333414 3.46166 -0.511115 -0.0425699 0.849644 -1.30997 0.559993 0.312243 -0.116682 0.489704 0.211905 -0.463482 -1.25999 0.341986 1.02196 0.766796 0.447394 0.877857 -1.42526 1.82899 -1.03052 -0.00984257 0.0451291 0.532495 -0.0662181 -0.171522 -0.555327 -0.237416 0.147007 0.76485 -0.29807 -0.597951 -0.479078 -0.73124 -0.490837 0.132044 -1.36047 -0.467747 -0.334744 -0.281987 0.838182 0.153188 -0.376394 0.0508979 -0.616115 0.418499 1.29933 -0.739779 -0.18765 -0.584601 -0.535667 -0.111721 0.00529718 0.292674 
-0.229692 -0.530878 -0.675427 0.0744377 -0.161308 0.873933 0.628019 0.431224 -0.163664 -0.148916 -0.626932 1.37005 1.68955 0.252522 1.44792 -0.442468 -0.0226056 0.0047068 -0.411294 -0.843028 0.382638 -0.337575 -1.62237 -0.667712 -0.271119 -0.903115 -0.369212 1.17531 0.925391 0.27933 0.476746 0.0932503 0.955202 1.29745 -0.682828 -1.05664 0.938295 -0.0344288 -0.703329 0.498924 -0.484323 -0.775904 -0.0996427 -0.725636 0.0555665 -0.55846 -0.656159 -0.434517 3.03156 -0.0760174 -0.0792377 -0.480772 -0.0699456 0.532585 0.793059 0.923443 0.115873 -0.963709 0.0224063 -0.364059 -0.49858 0.490818 -0.200747 -0.101392 0.352409 0.021147 0.314368 0.272443 0.399199 0.160749 -0.870678 -0.0481979 -0.993536 -0.901303 -0.310594 -0.244664 -0.218979 0.93679 1.08 0.128672 0.764862 -0.642863 0.237428 0.607755 0.464256 0.755076 0.00137062 1.09265 -0.192574 -0.53633 -0.104423 -0.978885 -0.912374 -0.134154 0.15337 1.10199 -0.705077 0.982235 0.292815 1.30103 
-0.0987061 0.586152 0.0888789 0.0890207 0.865998 0.942442 -0.155777 0.21523 0.0719611 0.138768 0.311272 0.00720003 -0.287033 0.296108 -0.0249303 0.0410308 -1.03491 1.17978 0.663392 -0.0510662 -0.617277 0.52643 0.133781 -0.816838 0.924849 -0.587517 -0.114711 1.2711 0.438446 1.05218 0.356426 -0.484454 0.0684125 -0.466629 0.615997 0.298521 0.272922 0.00394777 -0.0342334 0.131236 0.153051 0.124519 -0.580992 0.704477 0.286183 0.428382 -0.405916 0.0417705 -0.0682752 1.74846 0.491526 -0.30413 0.25209 -1.3594 0.604197 0.533273 0.524721 0.608213 0.558685 -0.391153 -0.950161 -0.272111 0.30706 -0.364146 -0.222749 -0.668303 0.426531 -0.388202 0.152086 -0.613528 -0.342404 -0.284441 0.198224 0.821383 0.217512 0.480806 0.258468 -0.614222 -1.18251 0.490579 -0.242759 -0.422084 -1.05434 -1.08125 0.326492 -0.360606 -0.12048 0.498405 0.219355 0.471147 0.271242 0.0891615 -0.231872 0.0247977 0.543673 0.475194 -0.262046 -0.453627 -0.414503 0.193921 
-0.127551 0.188885 -0.805456 0.923658 0.366904 -0.190625 -0.559073 -0.63968 -0.00760905 -0.724684 0.137001 0.87275 -0.0809961 0.542018 -0.375842 -0.0980597 -1.13062 0.624946 0.440851 -0.817949 0.677034 -0.231443 0.962097 -0.394323 0.563921 -0.265018 0.300977 -0.622637 0.508482 -0.302788 -0.820883 -0.455863 0.151756 -0.651991 0.140139 0.744404 0.9414 -1.14192 -0.0669267 0.488496 -0.636019 -1.14816 -0.0835813 -0.677806 1.0205 -0.337286 -0.147537 0.81475 -0.19073 0.372292 2.60751 -0.524243 -0.837209 0.0857698 -0.137648 0.25411 -0.159698 -0.0561034 0.341172 0.411489 0.257118 0.633275 -0.450634 0.887376 -0.574317 0.412111 -0.645979 -0.71681 0.165968 -0.760184 0.0388923 -0.235928 0.775899 0.770906 -0.179684 0.493599 -1.04851 -0.878383 -0.123959 -1.02544 -0.310254 0.321039 -1.53142 -0.284113 -0.0606098 -1.10119 0.732816 0.777295 1.40877 -1.41546 0.865963 0.27812 0.00807213 -1.46445 -0.240035 0.237578 -1.27147 -0.371157 0.211609 0.141602 
0.208757 -0.973784 0.332907 -1.41653 0.452079 0.594813 -0.5131 -0.289083 -0.112217 -0.766243 0.643623 -0.0768082 0.0951064 -0.580055 -0.216237 -0.20867 0.92117 0.110527 0.210835 1.37973 0.252681 -0.240993 0.8222 1.14903 -0.229945 0.855493 0.0237361 -0.202498 -0.28727 -0.784009 0.672451 -0.405573 0.487495 -0.150424 0.07747 -0.374271 -0.24531 0.38883 1.47672 0.470424 -1.29957 -0.38229 -0.33308 1.58249 -0.161579 -0.168269 0.966452 -1.35598 -0.603383 -0.434483 -0.535362 2.70497 0.694113 0.00527313 -0.39214 -1.0296 -1.44277 -0.807674 0.788564 0.376151 -0.584791 -0.869933 -0.701039 -0.662429 1.01939 -0.0720382 0.23862 -0.474796 -0.94061 -0.664319 -0.0598259 -0.831914 1.10227 -0.259051 -0.685076 -0.319079 0.630294 0.640941 0.543239 0.294881 -0.414155 0.279698 0.874728 -0.0890385 -0.211103 -0.524456 0.0868686 0.186641 -0.197337 -0.195055 -0.652792 -0.706781 -0.250644 -1.0222 -0.895865 0.153467 -0.0572474 -0.73033 -0.372347 -0.680158 
0.224267 0.301798 0.257807 -0.539373 -0.849443 0.173138 -1.18428 0.231875 -0.0794865 -0.0278422 0.848762 -0.868799 0.428645 -0.370013 -0.958769 -0.509232 0.252539 0.195907 0.0127305 -0.187572 -0.206852 0.880556 -1.08334 0.321955 -0.933119 0.0796177 -0.186669 0.113314 0.29623 0.347598 0.49191 -0.297777 0.139411 0.436101 0.836141 -0.0974763 -0.762078 0.337205 1.00599 0.567233 -0.0147046 -0.135305 -1.04153 0.40928 -1.41775 0.104101 0.49527 0.44692 -0.259617 0.054676 -0.915388 0.627052 1.98091 -0.491045 0.0692584 0.12776 -0.57961 -0.72297 -0.935099 -0.173082 -0.294089 -0.152794 0.409841 -0.612861 -0.166834 -0.363154 -0.796247 -0.413962 -0.119336 -1.04528 -1.06589 -1.06267 -0.614378 0.0608003 -0.308608 0.249924 1.09679 1.2507 0.0876308 0.612077 -0.460918 -0.602827 -0.0499535 -0.622598 0.717721 -0.618417 -0.992885 -0.482304 -0.642712 0.304197 -0.738437 -0.4726 -0.138747 -0.349364 0.409759 -0.79174 -0.460232 -0.224691 -0.750239 -0.106995 
0.0794843 -0.3245 0.0234247 0.283438 -0.629362 -0.625525 -0.36343 0.00114687 -0.454415 -0.0632408 -0.803051 0.517246 0.626074 -0.777218 0.477076 0.482471 0.783843 -1.57574 -0.474068 -0.431113 0.761607 -0.191638 -0.522344 1.11326 -0.664338 0.0326049 0.200633 -0.92102 -0.205909 -0.70853 -0.159413 0.720015 0.144181 -0.149813 -0.194308 0.0547393 0.0130299 -0.454616 0.286025 -0.566666 -0.687672 -0.696906 0.0825483 -1.03204 -0.0290352 -0.261447 -0.281273 0.287614 0.431357 -1.46837 0.0960342 0.0266562 -0.402601 1.90604 -0.0104954 0.228852 -0.0572508 -0.161621 -0.573442 -0.0639244 0.70511 -0.0722101 -0.48123 0.238997 -0.0795253 1.09601 -0.660174 0.226075 -0.444278 0.0478152 0.218744 0.159326 -0.313232 -1.00541 -0.418008 0.0537977 -0.434384 0.396988 1.7229 -0.597864 0.0161253 0.872962 0.650906 0.718913 -0.379439 0.775813 0.532602 0.216283 0.367741 -0.699655 0.206623 -0.321278 0.754769 -0.332228 -0.797239 -0.469072 -0.0567284 0.199805 0.956639 -0.45624 
0.211912 0.111821 -0.316143 0.905159 0.484 1.017 -0.502022 -0.783878 -0.989567 0.27457 -1.81699 0.140059 -0.313043 -0.374587 0.435352 0.0409424 -0.717828 0.0982159 -0.30363 -0.814655 0.804012 0.852988 -1.97842 -1.32944 0.331228 -0.130102 -0.662368 0.0884526 0.715809 -0.577912 0.420389 0.579875 -0.874562 -0.748867 0.0927735 -1.02141 1.33596 -0.341439 -0.680515 -0.374573 -0.527001 -1.30465 -0.0709536 1.51573 0.636988 0.565851 -0.878469 -0.126718 0.706424 0.50982 -0.112791 -0.356164 0.172295 0.00409696 2.99929 0.12186 0.984588 0.203919 -0.76957 -1.31523 -0.833246 -0.224792 0.725437 -0.236639 0.424492 0.321834 -0.425339 0.00984188 -0.729457 -0.498235 -0.261851 0.280049 0.0342282 -0.505263 -0.105793 0.438872 0.873885 0.378311 0.768655 0.60709 -0.099424 -0.284723 0.54798 -0.435515 0.854484 -0.247313 -0.159464 0.846831 -0.473795 0.478043 0.0476506 0.431209 0.703798 -0.696323 0.748827 0.0111 0.542285 -0.613822 -1.32822 -0.914525 
-0.858068 0.59678 -0.173932 -0.482057 -0.472007 0.438773 -0.42641 0.496058 -0.158195 0.0430445 -0.826231 0.0835686 0.572245 -0.139831 0.353057 1.0911 -0.583829 -0.56897 0.1725 -0.954221 -1.06239 0.03799 -0.765563 -0.130398 -0.535756 -1.48341 -0.144306 0.385118 0.486434 0.749116 0.538946 0.444012 0.483133 -0.320086 0.00580641 1.04121 -0.731911 -0.3971 -0.080748 -0.045557 -0.0626907 -0.324404 -0.723794 -1.33317 -0.458557 -0.0099996 -1.39006 0.403204 0.760345 0.362432 0.202503 -1.07009 0.154333 0.166981 0.0453961 1.96886 0.138953 0.0625711 0.260138 -0.996862 -0.409167 -0.383803 0.0325449 -0.50934 -1.08798 -0.339389 -0.638132 -0.617998 0.683813 -1.0146 -0.0538374 -0.215007 -0.638144 -0.297831 -0.393038 1.01415 -0.632418 0.1525 -0.00832874 0.0182188 -0.403315 0.252433 -1.09056 -0.137159 0.808549 0.958814 -0.124917 0.423243 0.156971 -0.757785 -0.0483973 -0.640683 -0.379509 0.33227 0.416025 0.33652 -0.607852 0.458853 0.384466 -0.231467 
0.108608 -0.115517 1.00536 1.02459 0.258877 -0.635465 -0.524636 0.183051 -0.710747 0.449558 -0.777055 0.222082 -0.654589 -0.788195 -0.0752252 -0.273654 -0.661872 -0.231383 -0.223059 -0.0848446 0.0424104 -0.396304 -1.11187 -0.744233 0.255054 -0.807147 -0.466474 0.133137 0.0608937 0.422643 0.319387 0.200491 -0.705561 -0.241424 -0.657989 -0.623693 0.944464 -1.08328 -0.199302 -1.03212 0.64511 0.399792 -0.461905 -0.482422 0.437617 0.320386 -0.984405 0.2041 0.03147 0.432576 -0.13261 -1.40456 -0.474342 -0.0404267 0.98682 0.217648 2.33738 1.6648 -0.915686 -0.0508121 0.196286 -0.674139 0.354848 -0.758566 -0.488063 -0.409426 0.177192 0.561127 0.365089 0.635288 -1.04291 0.0182868 -1.14045 -0.254066 1.24437 -0.285849 0.241858 -0.443919 -0.178736 0.0828193 0.279366 0.386281 -0.227666 -0.787186 -0.747167 0.282776 0.298513 0.358634 0.771041 1.18483 1.42135 0.860566 0.350015 0.313927 0.497326 -0.243109 0.402402 -0.318152 -0.212083 -0.135979 
0.143906 0.578839 1.10055 1.03541 0.289277 -0.683584 -0.351688 0.0270308 -0.551136 0.445269 -0.0713775 0.180921 -0.976519 -0.113668 0.46222 0.670882 -0.877864 -0.108791 0.561145 0.56063 -0.862569 0.392902 -0.151787 0.064326 0.271843 -0.840359 0.261538 0.0402606 -0.858677 0.309203 0.0778993 0.133119 -0.990516 -1.33004 0.215803 0.234427 0.183904 -1.05578 0.468383 -1.94881 0.0435068 0.436311 0.201238 -0.427021 0.585162 0.301604 -0.946227 -0.486645 -1.06347 0.50071 -0.0443722 -0.784824 -0.633059 -0.160155 0.190793 0.125909 1.64945 2.57806 -0.165509 -0.0856482 0.111105 -0.579148 -0.172408 -0.650379 0.121706 -1.10899 0.351734 -0.151205 0.256966 0.640138 -0.188848 -0.626251 -0.190603 -0.235744 0.559314 -0.237847 0.105989 -0.659574 -0.466616 -0.118987 0.285434 1.13637 0.365872 -1.5055 -0.852448 0.278738 0.24999 -0.447321 0.797408 0.561053 1.46572 0.309244 -0.235107 1.15 -0.292933 -1.09412 -0.196165 -0.453553 -0.250078 -0.848784 
-1.07312 -0.312282 -0.627985 -1.42799 0.604977 0.527976 0.474934 -0.257377 -0.212341 -0.876657 -0.0462583 -0.0397123 -0.280185 0.56374 0.521175 0.296349 -0.228268 0.150788 0.0347081 0.69531 -1.06529 -0.893873 1.2693 -0.100557 0.747147 -0.502912 -0.187794 0.646925 -0.534514 0.107295 0.275045 -0.405114 0.624406 -0.544402 -0.643995 0.166958 -0.888076 -0.0905968 -0.353625 -0.0488023 -1.20155 0.435647 0.0872582 0.498219 0.245598 0.047812 -0.587413 -1.33835 -0.132549 0.395988 0.297709 0.756219 -0.900384 -0.62717 -0.83789 0.268281 -0.986238 -0.220704 2.32908 -0.451565 -0.523324 -0.604772 -0.94693 -0.270393 0.603227 -0.829007 0.322967 -0.422679 0.246738 -0.449761 1.24801 0.286169 1.27405 0.0111396 -0.500526 0.183445 -0.772911 -1.11403 -0.802391 0.109028 -0.68566 0.057125 -0.446915 0.0333074 -0.040508 0.243546 0.881374 0.642082 0.148815 -0.797394 -0.297374 -0.673617 -0.786321 0.204944 -0.54056 1.56354 -0.453217 0.324585 0.0331037 -0.185195 
0.219259 -0.247222 0.764556 -0.2866 0.0666108 -0.455075 -0.247747 -0.422634 1.09631 -0.355032 0.53788 0.925499 0.509531 -0.154614 -0.604142 -1.36345 -0.0459939 -0.724493 0.251071 0.818358 0.918188 -0.510519 1.10484 0.141975 -0.371865 0.422199 0.237456 -0.798719 0.471982 -0.847494 0.0619296 -1.72298 0.0400484 1.23448 -1.07582 0.418405 0.0818858 -0.815394 0.140912 0.58796 1.08016 0.492882 0.155776 -0.29587 0.523618 -0.874243 0.335237 0.312451 -0.470193 -0.505029 0.416848 0.392628 -0.0895436 -0.0688302 -1.33473 -0.939897 -0.0725421 -0.0920209 -0.402743 2.63017 0.562492 0.523824 -0.975947 0.0454875 -0.330467 0.307751 -0.103161 -0.546519 0.741401 1.02486 -0.973872 -1.15583 -0.385965 0.178435 0.0434358 0.0374382 0.421101 -0.313168 -0.659847 0.108059 1.14409 0.170407 -0.166856 -0.616494 -1.34734 -1.41204 -0.338058 -0.550065 0.15608 0.479447 0.519946 -0.252829 -0.674142 -0.661953 -1.30367 -0.383264 0.295001 0.151446 0.420779 -0.0764488 
-0.0914046 0.47499 -0.241075 0.567912 -1.02127 -1.82446 -0.760449 -0.00685269 -0.966286 -0.0779557 0.494528 -0.876032 -0.295032 0.591796 -0.579113 -1.01113 0.351104 -0.751703 -0.785996 0.0109046 0.609812 -0.518472 -0.133731 -0.0577153 -0.155236 0.688081 0.114396 -1.26588 -0.408239 -0.0412079 -0.274438 0.409194 0.214064 0.762446 -0.755777 -0.0526897 -0.66451 -0.80454 -0.158809 -0.0677937 -0.0916088 0.821213 0.757258 -0.988822 -0.438039 0.283191 0.24904 0.956739 -0.640396 -1.09972 0.226794 -0.603996 -0.246234 0.664522 -0.888427 -0.387884 0.138874 0.0690494 -0.510185 0.52681 1.96701 0.215256 -0.632276 0.416991 0.125418 -0.0318435 -1.38506 0.312683 0.791318 0.819662 0.476749 0.23864 -0.437093 0.00039285 0.479319 -0.480008 -0.272771 -0.277874 0.396792 -0.346338 -0.519199 0.481965 0.246789 0.141888 -0.386272 -0.38963 0.981619 -0.63661 0.401854 -0.592342 0.331226 0.478844 0.108386 0.0545723 0.0934559 -0.44036 -0.632029 0.624682 -0.133501 -0.300942 
0.595021 0.326053 -0.33382 0.691266 -1.23079 -0.160684 1.30265 -1.4611 1.24206 -0.430029 0.541092 0.698092 0.562897 1.38377 -0.57232 -0.411888 -1.16432 0.409296 -0.113694 -1.30215 0.359709 1.16959 -0.498354 0.322906 -0.530524 -0.498085 0.400573 -0.132888 -0.0760137 -1.2751 -1.25022 -0.994632 -0.904521 0.282898 0.514931 -0.432917 -0.0225053 -0.340536 -0.86632 -0.213554 0.184421 0.119034 0.0941759 -0.0221973 0.261744 -0.173536 0.457481 0.773503 0.420926 -0.349746 0.674874 -0.817215 -0.0330146 -0.0408747 -0.208049 -0.290596 -0.659628 -0.54928 -0.519708 0.560065 0.28718 2.98693 0.649353 1.37671 0.669761 0.11949 -0.729783 -0.0558678 0.766634 0.212106 0.110451 -0.147926 0.621234 -0.857123 -0.797168 0.868942 -0.221432 0.0610658 -0.4888 -0.837933 0.65863 -1.09388 0.0752109 0.769668 0.155008 -0.844116 -0.407115 -0.382644 -0.335653 -0.343588 0.170974 -0.272726 -0.180594 0.639652 -0.642107 -0.630057 -0.621648 1.50793 -0.747428 1.38578 
0.420083 -0.650897 0.499227 -0.141978 -0.624178 0.10534 0.714866 -0.441289 0.492775 0.127475 -0.342594 -0.613063 -0.975587 -0.423838 -1.40012 0.861382 -0.78294 1.13875 -0.194155 -1.09713 -0.652037 0.187123 -0.801577 0.0568824 -0.940029 -0.387782 -0.501393 -0.342103 -0.0677782 -0.449902 -0.483086 0.578049 -1.07144 -0.693195 0.520996 -0.327144 0.313479 0.575542 0.0037893 0.0795081 0.820863 -0.154928 -0.984854 0.24811 -0.140154 0.103699 0.56737 0.406143 -0.318596 0.181469 -0.456991 -0.696277 0.481663 -0.497852 0.694223 0.0777945 0.321402 -0.190497 -0.909823 -0.987663 -0.608309 0.601396 2.10084 -0.0198827 -0.687724 -0.0987238 0.420952 0.46223 -0.217032 -0.52094 -0.455316 0.442105 0.144531 -0.497448 0.468688 0.129172 -0.280948 0.763031 -0.557403 -0.818187 -0.169496 -0.619055 -0.43448 1.02035 0.734293 0.421266 -0.795301 -0.0596206 -0.359115 0.548363 -0.307466 0.985803 0.507654 0.279001 1.20327 -0.397924 0.53685 -0.22349 -1.15179 0.802391 
-0.0438509 0.396146 -1.4555 0.867529 -0.494575 -0.478074 0.461776 -0.566162 0.246004 -0.177497 0.18676 0.0784057 -0.0609956 0.648266 0.0844257 -0.388809 -0.224979 0.00762678 -0.439362 -1.1965 0.425359 0.646085 0.346149 -0.347873 0.24921 0.575081 0.106905 -0.387899 -0.458626 -0.368644 -1.73061 -0.501539 -0.449324 -0.311776 0.702468 0.0713276 -0.135542 0.261933 -1.28129 -0.148048 -0.167249 -0.682887 0.654819 -0.367277 0.0787434 -0.541774 0.266728 0.812656 -0.243191 -0.513687 0.857068 -0.681618 -0.564989 0.198425 -0.291803 -0.488041 -0.815962 -0.692417 -0.257237 0.00982153 0.417007 1.30481 -0.0438331 1.66954 -0.00884947 0.960619 -0.147996 0.169734 -0.615084 0.213036 0.825802 0.597977 0.413181 0.421106 -0.505384 -0.176465 -0.509024 -0.672861 -0.0598773 -0.630111 0.215762 -0.624991 -0.218926 0.196386 -0.0470995 -0.663715 -0.14049 -0.409608 -0.370896 -0.626845 -0.531561 0.0439465 0.479503 -0.205104 -0.552074 -0.380782 -0.396121 0.0600336 0.457763 0.540016 
0.292266 -0.126781 -0.371641 0.355444 -0.198905 -0.168519 0.316998 -0.919586 -0.787538 -0.594684 0.704154 0.00648432 0.13043 1.07508 0.688337 -0.915645 0.174978 0.270141 -0.372158 0.753679 0.244319 0.520894 -0.702728 0.232432 0.545967 0.0707556 0.135851 0.588494 -0.939131 -0.682722 -0.0342354 -0.290341 -0.303785 -0.0337884 0.0675454 -1.8754 -0.00466728 -0.344466 0.0146044 -1.00729 -1.83645 0.37097 0.626711 1.45319 -0.102829 0.582191 0.22411 -1.42635 0.274719 -0.308181 -0.540514 1.06431 -0.0548526 -0.0559874 0.433437 -1.00257 -0.481349 0.143777 0.680493 -0.302023 0.189544 0.661964 -0.647565 0.0552603 2.52155 -0.998706 -0.398119 0.276877 -0.0410629 0.244866 0.560561 -0.122718 0.939502 -0.867197 -0.549504 -0.437199 0.686483 0.0254589 0.552567 0.357181 -0.224123 -0.43013 1.72704 -0.148074 -0.137273 -0.510229 0.699504 0.0576286 -0.14601 -0.153111 0.249185 -0.619798 -0.437632 0.621758 -0.686685 0.0553674 -0.78957 0.785319 -1.14298 0.106022 
0.246383 -0.0183339 -0.196082 -0.357523 -0.0366176 0.459374 -0.196856 0.0685605 -0.000400565 0.193865 -1.01043 0.375189 0.28799 -1.36921 -0.136377 -0.267188 0.101103 -1.30634 -0.832134 -1.47625 1.42309 0.605762 0.0665414 0.49093 0.0546817 1.27285 -0.421957 -0.41208 0.368442 -0.250317 -0.533071 -0.407477 0.378799 -0.0707052 0.410473 0.806156 -0.245262 0.477453 -0.879404 0.286583 0.249975 -0.766371 -0.45838 0.201418 0.591302 -0.511757 0.164523 1.84031 -0.0441268 -0.741319 0.458329 -0.0147015 -0.238757 1.13196 0.343195 -0.241565 -0.390296 -1.0745 -0.739326 0.34861 0.0446986 0.124109 -0.0461486 1.03714 -0.98629 2.91046 0.118267 0.303468 -1.53716 0.358286 0.323366 0.491204 -0.0342924 -0.366399 -0.472156 0.419417 -0.174012 -0.661688 0.537252 -0.432661 0.178381 0.0818233 -0.461282 0.218125 -0.792829 0.106295 0.376683 0.606469 -0.685039 0.31402 -1.00612 -0.0257712 1.8946 -1.34629 -1.26495 -0.0551191 0.820633 -0.761539 1.27937 -0.107874 
-0.0011566 -1.31448 0.248505 -0.754351 0.745516 0.6528 1.31666 0.894781 0.141312 0.151196 0.102576 0.722847 -0.902031 -0.921064 0.872838 0.439517 -0.589857 1.29262 -0.0742356 -0.188678 -1.18873 -0.482281 0.625351 -0.277879 -0.242419 0.343529 -0.78891 0.832028 -0.831552 0.621521 -0.584252 -0.422195 0.0122601 -0.688072 0.228977 -0.0801205 0.543481 1.2229 -0.335244 -0.429303 0.411966 -0.643772 -0.13795 -0.171896 0.893553 -1.60451 0.401093 -1.0952 0.173085 0.277506 -0.67577 0.219948 -0.747859 -0.700229 -0.479987 -0.616316 0.120312 0.310211 0.336639 -0.138311 -1.38453 -0.801174 0.397518 -0.14748 -0.461712 0.0422585 3.44752 0.477339 -1.4863 1.35214 -0.662676 -0.285158 -0.100354 -0.250294 0.522561 -2.12512 -0.69695 -0.0244838 -0.802817 -0.859701 1.29636 0.159895 0.126652 -0.521751 -1.06024 0.94959 -0.518142 0.0510826 -0.675953 0.598058 -0.819793 -0.0771838 -0.83093 0.165897 -0.537273 0.14674 0.108821 -1.53153 0.421668 1.13483 
0.0344101 -0.920607 -0.168213 0.274605 -0.391392 -0.939005 0.365461 0.198731 -0.490316 -0.0915977 0.17582 -0.457251 -0.392815 -0.651025 -0.282782 -0.676553 0.671496 -0.0456734 -1.09767 -0.337649 0.016487 -0.597704 -0.622688 0.134937 0.269851 0.0256126 -0.564607 0.459565 -0.893894 0.32691 -0.79604 0.133024 -0.303488 0.0701908 -0.0583056 -1.53605 0.0683317 0.329369 -0.585603 -0.660802 -0.205183 0.544895 -0.527894 -0.159906 -0.658252 0.114273 0.267502 -0.0428033 0.162884 -0.505503 -0.714877 -0.461745 -0.33385 0.217744 -0.013082 -0.564459 0.535971 -0.161004 -0.377283 -0.549944 0.34494 -0.0955347 0.47052 0.201974 0.245008 0.259183 0.509062 1.49 -0.620661 0.314853 -0.0793277 1.11085 -0.486384 -0.252105 0.769063 -0.955517 -0.13776 -0.370319 0.218143 -0.272788 -0.261339 -0.736181 0.125849 0.731358 -0.621296 0.564629 0.380031 0.267828 0.109162 0.819029 0.0629626 0.524935 0.967272 0.36951 0.148016 0.319692 0.311694 0.100278 0.397494 1.15198 
-0.513356 0.418752 0.44013 -0.338312 -0.718329 -0.573649 0.0640679 -0.536894 0.406619 -0.318575 -0.0207505 -0.11694 0.277202 1.25617 -0.662868 -0.309623 -0.709978 -0.223349 0.183868 0.439787 -0.443811 -0.841884 -0.197911 -0.569614 -0.594019 -1.16285 0.18202 -0.568381 0.619993 -0.410735 0.83277 -0.124499 0.0392521 1.15942 -1.62788 0.230093 -0.497644 -1.27732 -0.112986 0.494314 0.739093 1.30897 0.262841 -0.843456 -0.13657 0.389403 -0.639034 0.0196012 0.297072 0.0422179 0.175334 -0.920125 -0.0317908 -0.445177 -0.744948 0.744786 0.347366 0.254601 0.299568 0.745408 0.831008 0.7344 -0.201309 -0.575411 -0.0654995 -1.57401 -1.44715 -0.613228 2.57023 0.170071 -0.159384 -0.409978 -0.352317 -0.322254 0.221688 0.908212 -0.223543 0.12973 -0.823465 0.204024 -0.032768 0.0291657 -0.424444 0.331038 0.459138 -0.354962 0.118454 -0.352193 0.405325 -0.456423 0.847961 -0.00262931 -1.44218 0.798599 0.681039 0.392333 -0.379331 1.73532 -0.997681 -0.0950867 
0.265992 0.251986 0.618208 -0.286582 -0.314028 -0.375456 0.881418 0.477041 -0.87393 0.632231 -0.223595 0.159695 -0.75898 0.440527 0.808132 -1.00392 -1.07929 -0.171804 -0.92765 -0.263739 0.249641 -0.0162762 -0.301664 -0.844747 -0.346633 1.47394 -0.612577 -0.476684 -0.403227 0.129363 0.231187 -0.172291 0.35406 0.978331 -1.1921 0.283674 -0.34439 0.0218792 -1.22047 -0.443945 0.940512 0.874711 1.49224 -0.233857 1.42793 -0.822054 0.225274 0.532234 0.0838902 -0.698129 -0.725552 -0.618568 -0.932464 0.0721836 -0.488459 -0.928362 0.642832 0.663039 -0.371664 1.05414 0.884619 0.205139 -0.47995 0.277976 0.245696 0.346701 1.41656 0.347552 0.195338 3.47709 0.135012 -0.429825 -0.546299 -1.20942 0.602114 -1.70645 -0.264843 -0.319114 -0.558097 -0.566215 1.41778 0.92415 1.26098 -0.786182 -1.44417 0.364361 0.801133 -0.680979 -1.23317 0.398005 -0.601976 0.126107 -0.984605 0.661162 -0.841968 -0.391872 -0.0316958 -0.0592236 -0.600493 0.0825163 
-0.773752 0.80109 -1.19759 -0.431644 -0.133889 -0.170668 0.564693 -0.564213 -0.471263 -0.0496394 -0.724703 -1.0506 -0.782991 0.921202 0.464938 0.751818 0.15399 -0.75755 -0.453402 -0.0694702 -0.470299 0.176746 0.876735 -0.148363 0.641415 0.597467 0.115621 -0.560649 -0.88729 -0.357932 -0.519704 0.617706 -0.172333 -0.899592 -0.0436106 0.679069 -1.45952 0.370079 -1.21161 -0.523686 -0.692638 0.406598 1.287 0.468838 0.0746317 0.549817 -0.410148 -0.0955077 -0.976565 -0.456034 0.0444963 -0.0431032 -0.982103 0.214083 -0.281104 0.00337332 -1.0644 -0.194975 1.29708 -0.973626 0.512677 0.0744553 -0.443355 0.861714 0.532363 0.282752 -0.627281 -0.0756565 -0.163146 0.105984 2.63951 1.33455 1.34637 0.0280566 -0.700793 0.458954 -0.668854 -1.17305 -0.224023 0.0116049 -0.858519 0.249455 0.369735 0.556191 0.443445 0.382175 0.772191 -0.401226 -0.68396 -0.875196 -0.899137 0.0289578 0.490329 0.73062 -0.257117 0.427659 0.328733 0.461991 0.00683993 -1.08457 
-0.657572 -0.47423 -1.2092 0.275539 0.0933522 -0.626794 0.672715 -0.292655 -0.052569 -0.0231769 -0.920062 -0.870255 -0.603287 -0.119481 -0.140942 0.207958 1.0171 -0.460429 -0.850422 -0.229001 -0.037481 -0.927746 0.277533 -0.563718 0.806263 0.00195803 -0.31697 -0.100145 -0.529402 -0.113196 -0.986114 0.722618 -0.572257 -0.340492 -0.39464 -0.83049 -0.0864627 0.561087 -1.43831 -0.154576 0.0317871 0.316545 0.293925 0.00555628 -0.569746 0.529381 -0.282746 -0.151352 -0.104626 -0.348611 -0.180865 -0.765732 -0.929425 0.204125 0.310256 -0.108337 0.0462618 -0.582919 0.384696 -1.10612 0.324028 -0.134462 0.503525 0.683348 -0.101457 0.500049 -0.200304 1.16398 -0.36428 -0.409395 1.38401 2.32135 0.216165 0.603557 0.421088 0.0133893 -0.532947 -0.932574 0.0724191 0.130006 -0.748932 -0.845593 -0.309474 1.54903 0.404261 0.569338 0.218227 0.201042 -0.0225866 0.22927 -0.247532 0.915511 1.33221 0.351382 0.825336 1.01388 1.20719 0.378609 0.654389 0.226572 
0.0313321 -0.335681 -0.180037 -0.775389 0.226936 0.492468 0.598272 -1.40841 0.0706605 -0.869643 -0.0481612 -0.152673 -0.988978 0.586042 -0.594416 0.653842 -0.87917 0.737624 0.145084 0.0589949 -0.227927 0.185805 1.07439 0.56422 0.248925 0.249427 0.0523888 -0.533183 -0.605652 -1.29372 -0.357789 -0.189858 -0.47672 -1.39175 0.265748 0.145203 -0.284971 -0.0977289 0.110722 -0.171468 -1.1891 -0.202029 0.0408018 1.53799 0.898349 0.282908 0.465516 -0.614255 -1.12906 0.0549559 0.751865 1.08936 -0.560233 -0.347531 -0.0146628 -0.610571 -1.19157 -0.226369 1.29348 -0.415358 -0.430803 0.5556 0.126853 0.419454 0.881665 -0.104545 -0.0945977 -0.512351 -0.385717 -0.604966 1.31674 0.137068 2.31041 -0.496994 -0.757387 0.580684 -0.567979 -0.610189 -0.555994 -0.751734 -0.730119 0.167824 0.0497604 0.45294 0.153914 -0.476839 0.702221 0.372256 0.0248716 -0.778795 -0.269539 0.0757873 0.11632 -0.311979 -0.603095 0.328275 -0.244061 -0.140682 -1.13113 -0.402442 
-0.759645 0.463564 -1.74817 1.19814 0.925445 -0.690219 -1.08591 0.420764 0.484333 0.0585205 0.776159 -0.698954 -0.212495 0.209713 -0.123757 -0.475155 1.26429 0.441046 0.713975 0.840711 -0.169933 -0.560137 1.58786 -1.44403 1.08164 0.239568 0.391222 -0.111792 0.120576 0.899708 -1.11092 -0.393148 -0.292074 -0.130864 0.499311 0.275176 0.40301 0.40839 -0.230695 0.8291 0.510285 -0.718133 0.581177 -0.612102 -1.14078 -0.25752 -0.0511209 -0.267359 -1.00784 0.707099 0.775856 -0.242983 0.14393 -1.01073 -0.525169 -0.241274 -0.276204 -0.242525 0.0595534 0.178026 0.0356672 -0.893773 -0.486141 0.456363 -0.896049 -0.407667 -0.215553 -0.249087 -0.326669 -1.2391 0.0274028 0.553444 -0.46801 3.20399 0.43232 -0.447106 0.341493 -0.644543 -0.478802 1.00654 -0.337039 -0.781461 -1.22187 -0.775908 0.636931 -1.42121 -1.26421 -0.847969 0.556226 -0.116533 0.0564979 0.569804 -0.0108695 -0.747379 1.06949 0.0258746 0.207055 -1.00808 1.16544 -0.457629 
-0.0995352 -0.70867 0.400434 0.223724 0.0490012 -1.04591 -0.37003 0.458281 -0.681292 0.0561985 0.165666 -0.64583 -1.09585 -0.521371 -0.820281 -0.613764 -0.0681663 0.600705 -0.497944 0.184186 -0.215178 -1.25628 -0.130642 -0.739756 0.0228583 0.086694 -0.626723 -0.330626 -0.230972 0.560917 -0.0611874 0.335765 -0.162585 0.20421 -0.79017 -0.622654 0.496505 -0.265172 0.00255059 0.0576749 0.611646 0.537146 -0.3237 -0.537431 -0.114649 -0.0233033 0.189112 0.0833079 -0.450891 0.0694715 -0.208491 -0.702764 -0.259234 -0.457079 -0.159456 -0.370237 1.18847 0.518776 -0.485868 0.00927124 0.480837 -0.867574 0.44624 -0.503882 -0.612112 -0.54718 0.523546 0.738324 0.183516 0.538675 -0.735203 0.337218 -0.762158 0.398563 1.47712 -1.17064 -0.240453 -0.181692 -0.453568 -0.302861 -0.202426 0.0768001 -0.496607 -0.0657247 -0.480162 0.0609353 0.297295 0.020974 0.568937 0.62354 0.505552 1.13842 -0.00581481 -0.13933 0.99736 0.183829 0.119798 -0.55528 -0.332944 0.402013 
-0.267307 0.792626 0.467586 -0.62809 -0.232413 0.829823 -0.258897 -1.27848 1.19997 -0.312627 -1.06941 0.20245 0.74669 -0.0860149 -0.894031 0.723861 -0.534612 -1.36621 0.474258 -0.38881 0.127396 0.814076 -0.0528376 0.699445 -0.0314078 -1.31898 0.36821 -0.0476305 0.842565 -0.971425 0.526296 -0.681092 -0.532511 -0.420114 0.0633518 0.9145 -0.881327 -0.85109 -0.126877 0.013668 0.228697 0.427736 -1.04751 0.651618 -0.110898 0.942429 -1.0962 0.783163 -0.30295 0.414778 0.546805 -0.254754 0.38131 0.0967396 0.467222 1.11896 -0.259731 -0.196372 0.280115 0.085286 -0.396477 0.880548 0.188735 -0.0929509 -0.417795 0.426405 -2.04212 -0.904244 0.952053 -1.68788 0.506556 0.0115321 0.657925 -0.39885 -1.08863 3.08222 0.360231 -0.60885 -0.545198 0.629214 -0.62169 -0.39082 -1.03915 0.358919 0.613979 -0.395514 -0.242046 0.45761 0.102046 0.20397 0.421105 -0.441835 0.935493 0.0872945 -0.474653 0.216756 0.812692 1.13644 -0.0165363 -0.883503 
0.109593 0.354047 0.0904616 0.228251 0.0177008 0.12023 -1.0621 -0.405847 -0.0497251 0.0898445 0.0447205 -0.343076 0.353185 -0.431738 -0.0911171 -1.14848 0.591697 -0.711127 -0.0506538 0.68327 0.424324 0.853675 -0.9117 -0.418784 0.0911747 0.128657 -0.161418 0.291046 0.103924 -0.22161 0.3565 -0.93898 -0.668943 0.32525 0.19251 -0.895409 -0.188283 -0.153854 0.0581445 -0.322493 0.018819 0.0477076 -0.20456 1.22389 -0.869512 0.264501 -0.316824 -0.384513 -0.38202 0.0876848 -1.10006 0.589864 1.12342 -0.496198 0.79748 -0.63236 0.163221 0.0427082 -0.780997 0.364193 -0.293996 -0.314581 -0.326139 -0.530265 0.601132 -0.271779 -0.718708 -0.191242 -0.284458 -0.351025 -0.726007 -0.63956 -0.595494 0.284993 -0.263196 0.255476 1.86477 0.249878 0.0526854 1.54786 0.154767 -0.734563 0.714055 -1.23521 -0.0142021 -1.17374 -1.00415 -0.544256 -0.715141 1.23593 -0.0880415 -0.394604 0.165974 -0.115819 -0.276885 -0.660484 0.603371 -0.212504 -0.445448 -0.890237 
0.355344 -0.660077 0.19833 -0.207303 -0.890096 0.106953 -0.249004 0.160251 -0.000588455 0.0186419 0.0509483 -0.0578932 0.42063 -0.119914 -0.158292 0.571887 0.357266 0.600769 0.213081 -0.0648249 -0.234565 -0.0737523 -1.26437 0.206927 -1.98574 -0.0553877 -0.0427122 -0.932485 0.422666 -0.679596 0.501956 0.972062 -0.0436574 0.474362 -0.00691811 -0.332553 0.5233 0.37319 1.27053 0.740787 0.0243387 -1.20521 -0.018207 -0.52639 -0.66379 -0.668459 0.673466 -0.677996 0.780147 -0.778608 -0.923535 0.606908 1.28373 0.341572 0.308303 0.158955 -0.516159 -0.716457 -1.11572 -0.363678 -0.292702 -0.0256856 0.724237 -0.687705 -0.0534951 -0.753058 -0.0398446 -0.417403 0.0752121 -0.398898 -1.2238 -1.03279 -0.631306 -0.694645 -0.198037 -0.707208 0.256275 2.63494 1.18581 -0.293623 0.397303 0.208798 0.999548 0.545198 1.1797 0.229741 -1.25188 -0.60752 -0.501392 -0.74909 -0.577513 -0.263526 -1.23625 -0.292385 0.982148 -0.915417 -0.524629 -0.144154 -1.09491 -0.0452044 
0.156687 -0.456646 -0.653326 0.908503 -0.367323 -0.482123 -0.902321 0.19544 -1.00576 -0.0871862 -0.471308 0.359382 0.88281 -0.551288 0.92432 0.178456 1.40799 -0.893571 -0.322299 -0.0513604 0.969989 -0.148969 -1.12139 0.56446 -0.496249 0.167437 0.223906 -0.650648 -0.0242352 -0.479692 -0.0254377 1.16502 0.251943 -0.00770726 0.122174 -0.846295 0.78826 -0.211357 0.738747 -0.243172 -1.41162 -1.51078 0.32799 -0.659348 -0.554112 -0.165848 -0.0622505 -0.489787 0.992697 -1.27756 -0.0997752 0.578541 0.189994 1.73682 0.767983 0.0674622 -0.18164 -0.454163 -0.734744 -0.641022 0.4513 -0.506215 -0.526862 -0.00538559 0.542949 0.515218 -0.748842 0.240394 -0.808647 -0.568545 -0.205442 0.0415398 -0.507775 -0.459568 -0.400577 -0.57422 0.128419 1.25514 2.55208 -0.0844927 -0.187199 0.543193 1.18712 0.512526 0.381158 0.430474 0.165097 0.266311 0.426136 -0.992512 0.129452 -0.38652 0.380054 -0.776831 -0.0192804 -0.46222 -0.516235 -0.167675 0.54284 -0.529261 
-0.788626 0.588935 -0.654006 -0.0975799 0.449094 0.29409 -0.970147 -0.0760251 0.0276476 0.120548 -0.502269 -0.493097 0.602345 -0.177117 0.537598 -0.884973 1.08995 -1.21192 0.0177827 1.05575 -0.0213434 0.148815 -0.364136 -1.1005 0.608492 -0.25934 -0.157691 0.601245 0.321739 0.258846 0.57788 -0.751811 -0.252765 0.54358 -0.430529 -0.531752 -0.567233 -0.0344299 -0.600384 -0.00804728 0.131078 0.252371 0.229577 0.786738 -1.15163 0.354507 -1.11841 -0.800832 -0.0175185 0.336646 -1.06013 0.271301 0.655558 -0.642827 0.547535 0.0351271 0.0210324 -0.165417 0.117793 0.0680017 -0.350712 -0.914231 -0.846528 -0.634502 0.288681 -0.513577 -0.864608 -0.309419 0.15996 -0.635546 -0.0286976 0.0402446 -0.762399 0.966891 -0.308754 0.541309 1.56471 -0.28317 -0.143375 2.17964 -0.0667992 -0.844619 0.248056 -1.03619 0.401366 -0.81119 -0.995475 -0.442737 -0.719044 0.931748 -0.257207 -0.574018 -0.102878 0.133578 0.0930425 0.304242 0.94654 0.159295 0.265116 -1.24432 
0.0334425 -0.333046 0.0544851 0.261355 0.020981 0.252214 0.791816 -0.185389 0.941976 0.189602 -0.531245 1.36511 0.379888 -0.172621 0.930755 -0.160315 -0.470826 -0.296245 0.189718 -0.157524 -0.0772821 0.129916 -0.107177 -0.631969 -0.814807 -0.167673 -0.12448 -0.199715 0.0867394 -0.706979 -0.48273 -0.996797 -0.661519 0.326247 -0.465828 0.0426894 0.622071 -0.0117505 -0.759561 -0.339158 1.03151 -0.768321 0.655304 -0.680506 0.698692 -1.53927 -0.392455 -0.576106 0.602995 -0.412368 -0.36063 -0.453411 -0.433114 -0.0445142 -0.174656 -0.402083 0.201902 0.223328 -0.692572 1.08836 -0.53925 0.566655 -0.213514 0.195694 -0.3083 0.0817876 1.27578 -0.313647 -0.0925089 1.33278 -0.914498 -0.85437 -0.75646 -0.392365 -0.223995 -0.725271 0.155941 0.392079 -0.261759 -0.0824759 2.01108 -0.0139317 0.607867 -0.639115 -0.670234 -0.252702 -1.32479 -0.726979 -0.789476 0.374244 -0.112179 -0.5263 -1.17095 0.234899 -0.893721 -0.713997 0.355112 -0.182161 0.307724 0.192722 
-0.0161676 0.200129 0.941197 -0.414686 0.0462979 -0.257309 -0.708212 0.4192 -1.07857 0.211037 -0.624087 0.0890972 -0.756662 -0.394301 0.360013 1.02541 -0.618211 -0.501553 0.234973 0.261485 -0.185559 -0.341474 0.339234 0.472837 -0.721718 0.477577 0.0597609 -1.36875 -0.151412 -0.173604 0.849664 0.972184 0.44415 -0.7171 -0.548009 1.48436 -0.203615 -0.711058 0.972869 -0.404999 -0.258786 -0.379837 0.566773 -0.732332 1.08175 -0.33305 -0.269754 0.0778025 -0.773703 -0.560665 0.301691 0.271469 -0.543996 0.843349 -0.328928 0.284692 0.339845 1.10529 0.0812408 0.1457 0.492942 -1.15483 -0.632046 -0.614031 -0.48328 0.0162574 0.170338 -0.757462 0.000452214 0.87017 0.224503 -0.920005 0.17251 -0.805759 0.0862583 -0.463374 -0.702362 0.234601 0.499661 -0.829268 0.0170957 2.24968 0.463635 -0.695471 -0.520745 0.683001 0.924721 -0.131187 0.361094 -0.940569 0.188568 0.0506217 -0.55278 -0.305607 -0.434132 -0.684205 -0.510308 -0.843268 -0.251238 -1.52856 
0.441567 -0.0741031 0.0761165 0.317207 -0.395453 -0.230398 0.372196 -0.354042 -0.703486 0.2816 -0.241353 -0.0611671 -0.0337122 0.397372 1.18552 -0.0482894 0.654026 -0.505938 -0.316749 0.814729 0.223415 0.550161 -0.955956 0.201425 -0.595465 0.76731 0.133554 -0.54458 -0.80587 -1.00436 0.235333 0.608056 -0.557151 0.0782361 -0.210858 -1.03763 0.0194978 0.209968 0.132001 -1.01892 -0.696854 -0.178545 1.4667 0.728011 0.0510357 -0.0900552 0.228521 -1.36369 0.15761 -1.1419 -1.49974 0.917521 0.0598997 0.672316 0.554796 -1.00728 -0.223081 0.385814 -0.371778 -0.140541 0.308787 0.0652847 -0.396449 -0.156945 1.72491 -0.475826 0.188117 0.15559 -0.402136 1.25803 0.395805 -0.332864 0.105468 -1.19515 -0.436127 -1.06068 0.797278 1.07637 1.19461 0.314428 0.689916 0.514656 2.69811 -0.101565 -0.0623951 0.23278 -0.183076 -0.926022 -1.01237 -0.0196262 -0.371127 -0.441731 -0.644372 0.826748 -0.49842 -0.980673 0.142235 0.18958 -0.898009 -0.864968 
-0.0272974 -1.504 -0.163293 -0.632814 -0.628202 -0.387373 1.43803 -0.679885 0.994355 -0.487768 -0.60812 -0.203208 0.0982356 -0.0307644 -0.968329 0.940085 0.984536 -0.0318098 -0.463742 -0.14785 0.101718 -1.4539 0.284931 0.908775 -0.785395 -0.381993 0.0703416 -0.886516 -0.00120694 -1.37116 -0.441854 1.10613 -0.277668 0.337606 -0.823228 -0.736242 0.251548 0.521849 -0.0778758 0.776149 0.203984 0.248783 -0.231117 -0.362556 -0.386994 0.223747 0.750059 -0.372647 0.626257 -1.07049 -0.154119 0.0520741 -0.414425 0.838642 -0.330378 0.0444414 -0.684281 -1.38724 0.206765 -0.491859 0.302206 0.858062 1.1567 0.356687 -0.0518823 0.301901 -0.361966 0.859419 0.451667 -0.690821 0.68058 1.62396 0.606968 -0.650865 0.0930753 0.435706 -1.05367 0.720343 0.618335 -0.8715 -0.458746 -0.546129 -0.00324507 3.20687 0.793607 0.976326 0.0238472 0.340452 0.264083 -0.50841 -0.126171 0.675447 0.611198 0.197366 0.886299 0.909722 0.947407 1.21801 0.0575902 0.990897 
-0.555407 0.414472 -1.25951 0.0973155 -0.393254 0.40361 -0.230798 -0.347234 0.0332894 -0.0187111 -0.551601 -0.861723 0.0303078 0.844133 -0.138721 0.884586 0.138736 0.595195 0.313757 -0.356124 -0.606639 0.120684 -0.623387 -0.992549 -0.609084 -0.429328 0.0369539 -0.564498 0.582247 -0.286261 0.0644537 1.05589 -0.306645 -0.190553 0.187305 0.128813 -0.0184765 0.409118 -0.0739995 0.905147 -0.127305 -0.998908 0.407772 -0.0303056 -0.870153 0.243766 -0.232507 -0.395811 0.326591 0.181085 -0.0867826 -0.226157 0.769728 -0.415876 0.803455 0.833983 -0.800428 -0.890352 -0.0232173 -1.37887 -0.382121 0.0872357 0.714477 -0.0429648 -0.197248 -0.86522 -1.05662 -0.649402 0.4236 -1.50498 0.411669 0.323025 0.151776 0.605808 -0.477529 0.5346 0.0111741 1.19868 0.330801 0.409891 -0.646032 -0.52757 -0.120242 0.637441 2.23208 -0.159571 -1.07502 -0.409723 -0.499576 -1.10771 -0.744763 0.0961813 -0.643331 -0.0724293 1.75494 0.0667063 -0.196259 0.251726 -1.02514 -0.613498 
-0.28393 -0.460293 0.625564 -0.968916 -0.3941 0.188876 0.860389 1.06565 -0.501471 0.447034 -0.814063 -0.113827 -0.126784 -0.780742 0.766042 1.61828 0.138634 -0.452896 -0.435079 -0.53433 -1.20016 -0.431446 -0.59922 0.92458 -0.655559 -0.571087 -0.336668 0.470558 -0.595422 0.705778 0.462978 1.38132 0.531356 -0.493335 -0.057927 0.384921 -0.69429 0.655632 0.0923659 -0.761368 -0.092312 0.31936 -0.39306 -1.01006 -0.0743004 -0.0435753 -0.449876 -0.233554 0.72691 -0.396514 -1.01786 -0.430011 -0.456911 0.848875 -0.188844 1.09375 0.339013 0.350333 0.370336 -1.33407 -0.27598 -0.80239 0.510949 -0.550082 -0.460705 0.143403 1.06271 0.646022 -0.281002 0.413055 0.459897 0.597601 -0.369479 -1.34284 0.173067 -0.365395 -1.03886 0.358219 0.489615 -0.693166 -0.119001 0.785674 0.284432 0.929658 -0.0500716 2.50924 0.537382 0.403761 -0.220194 -0.132145 -0.444689 -0.22105 0.187085 1.136 0.122843 0.359016 0.179304 0.191952 0.633807 0.363681 
0.000129455 -0.0131785 0.443385 -0.630391 -0.160055 -0.431755 -0.437338 0.133105 -2.05489 -0.515686 0.127484 -0.331088 -0.64947 0.187894 -0.198455 -0.767408 -0.923664 -0.0477385 -1.07109 -0.436328 0.567128 -0.509152 -0.230845 0.430522 0.768903 0.587893 -0.514939 0.0673733 -0.401332 0.505917 0.690371 0.418355 1.27733 -0.0257842 -0.703707 -0.118678 -0.544817 -0.965158 -0.00289996 -0.346655 -1.55149 0.97681 -0.288419 0.377233 0.946924 0.775983 0.0548065 0.851621 -0.0617883 -0.191381 0.781149 0.14632 -0.866372 0.570671 -0.135988 -0.0249778 0.319757 0.286592 0.97317 -0.295084 1.06028 -0.400382 -0.740611 -0.0618499 0.714034 0.378798 -0.440018 0.426431 0.157422 0.814833 0.81492 0.211497 0.774589 -1.22083 0.374434 -0.246919 -0.904268 -1.15839 0.189245 -0.912444 -1.22608 0.992401 -0.166416 -0.0578138 -1.00052 0.502389 2.93589 1.40187 0.762537 -0.652538 0.320504 0.167676 0.526239 -0.461082 -0.626063 1.00634 -1.24028 0.209418 -0.566101 0.118714 
-0.229425 -0.979874 0.1336 -0.740524 0.37982 0.719152 -0.309179 -0.214801 -0.831779 -0.827544 -0.696725 0.675916 0.131626 -0.846518 -0.19284 -0.388195 -0.761598 0.133036 -0.628608 -0.804825 0.429682 -0.643427 -0.626908 0.0690173 0.473552 -0.636615 -0.83361 0.779681 0.399779 0.083933 0.492167 -0.289351 0.705776 -0.290559 -0.47306 -0.701558 0.537386 -0.688193 -0.110989 0.118013 -1.24683 -0.377921 -1.50847 0.552414 0.637323 0.143524 -0.511191 0.098103 0.960971 0.35898 0.757104 0.177568 -0.424316 0.185828 0.801783 0.454659 0.311355 -0.479243 0.665355 -0.575615 -0.626477 -0.444435 -0.0734546 -0.399492 0.00363514 0.54006 0.0606824 0.245704 -0.381749 -0.735803 -0.427021 0.125787 0.3761 -0.87311 0.0295889 0.384213 -0.512898 -0.582559 0.221936 -0.428229 -0.696795 -0.132031 -0.977887 0.190267 -0.403742 0.300244 1.33334 2.06121 0.713446 -0.0979423 0.305289 -0.174997 0.59055 -1.18796 -0.373794 1.45595 -0.516593 -0.165634 -0.0973288 0.619372 
-0.0522849 -0.746205 0.227892 0.988805 0.265221 -1.17479 -0.873148 -0.189309 -0.151138 -0.769556 0.642621 0.535503 -0.055045 -0.336009 -0.62604 0.0785825 0.212254 0.26643 0.457433 0.515617 0.0786851 -1.19477 0.58381 0.662771 0.411739 -1.23159 0.436234 -0.21051 -0.23793 -0.021593 -0.402026 0.0618997 -0.146431 -0.657333 -0.125007 -0.521077 1.02953 -1.38508 1.19776 -0.38414 -0.887613 -0.208674 -0.883182 -1.09226 -0.13613 0.234004 -0.198494 -0.395531 -0.288309 0.115877 1.42453 -0.170462 -0.548776 0.373233 -0.482895 0.224334 0.759709 0.801433 0.208035 0.166478 0.447934 -0.361497 -0.337002 -0.324832 -0.164056 -0.715501 -0.630406 0.122986 0.411715 -1.25205 -0.673807 -0.0618936 0.0646623 0.567032 0.613499 0.0645963 -0.647835 -0.440484 0.417708 -0.668589 -0.723344 0.396198 -1.02829 0.149846 -0.457647 -0.287763 0.72996 0.749393 2.38162 -0.547944 1.9655 0.449373 0.245181 -0.589224 0.156033 0.16631 -0.90054 -0.0787978 0.590783 0.363116 
0.186864 -0.476434 1.10473 -0.336874 0.218169 -0.00417951 -0.0244831 -0.17008 0.487133 0.266734 -0.293262 -0.244437 -0.40355 -1.44509 -0.723804 -0.908177 0.168276 -0.668368 -0.490129 0.314749 -0.0667417 0.215254 -0.542327 -0.051069 0.277546 -0.217793 -0.696038 0.82364 -0.328287 0.0952064 0.0303399 -1.22965 -1.01756 0.0409382 -0.096838 -0.987709 -0.235278 0.131994 -0.522595 -0.833686 1.07925 1.09635 -1.16305 1.06515 -0.421635 0.21444 -0.318536 0.00112155 -0.662705 0.33703 -1.43034 -0.198819 0.367493 -0.724803 0.438303 -0.721061 1.14286 0.534439 -0.768813 0.459206 -0.576901 -0.400071 0.539837 -0.61142 -0.201796 0.252919 0.612966 0.802213 -0.480671 0.348489 -0.895682 0.159324 -0.769644 -0.136365 0.637463 0.135881 1.27259 -0.718821 -1.03158 0.951563 0.409736 -0.936104 -0.0661825 -0.653287 -1.09642 -0.230354 -0.715754 -0.0926339 -0.578583 2.58782 0.180091 0.315604 1.04811 0.485008 -0.458627 -0.160389 1.67965 -0.315922 0.13846 0.17157 
0.17508 -0.414703 0.720513 1.41721 0.23846 -1.08127 -0.508548 -0.680916 0.201861 -0.451723 0.191679 0.878969 0.0471747 -0.121723 -0.33313 -0.10481 -0.130383 -0.169701 0.542994 0.728765 0.191943 -0.669583 -0.00885475 0.361878 0.383423 -1.57052 0.510561 -0.0968258 -0.178602 -0.503521 -0.218465 -0.308935 -0.901999 -0.486526 -0.414514 -0.875377 1.19154 -1.75252 0.744115 -1.0385 -0.319528 0.226359 -0.522944 -0.709696 0.158988 0.410759 -0.684822 -0.604124 -0.169029 0.198893 0.912848 -0.594788 -0.613372 0.243244 0.0696789 0.0500945 1.44115 1.50087 -0.207026 0.561473 0.408435 0.176259 -0.254224 -0.454368 0.262268 -1.00545 -0.743117 0.107915 0.88548 -0.589724 -0.857856 -0.25571 -0.198619 0.0984327 0.581243 0.414784 0.0103926 -0.485476 0.152153 -0.175623 -0.0149191 0.254801 -0.355916 -0.20928 -0.671705 -0.48113 0.319056 0.372365 1.99663 0.241859 2.40343 0.403634 0.0781136 0.171464 -0.0904352 -0.266751 -0.299162 0.412152 0.169509 0.0874415 
0.106702 -0.497181 0.103914 0.550489 0.102352 -0.907555 -0.154734 -0.362927 -0.320918 0.0939156 -0.383226 -0.908812 -1.55548 -0.244448 -1.30716 0.00723867 -0.220813 0.686745 -0.319132 -0.0796472 0.176522 -0.881461 0.222014 -0.756695 0.0419536 0.451036 -0.382813 -1.20054 -0.084295 -0.359644 -0.472641 0.738191 -0.847533 -0.424804 -0.503465 -0.280752 0.72066 -0.152879 -0.191631 0.249455 0.736356 0.104133 0.0639815 0.0651875 0.25598 0.301799 0.440452 0.391079 -1.0829 -0.0225986 0.285594 -0.688188 -0.386946 -0.324069 0.413827 -0.581603 0.840952 0.304986 -0.622679 -0.250713 0.516642 -0.306852 0.999634 0.081728 -0.646126 -0.0645153 -0.0399189 0.530476 -0.00452108 0.0989486 0.0308277 0.867921 0.107295 0.572327 1.1747 -0.487567 -0.335581 -0.2109 -0.403231 -0.531845 -0.468451 0.0774434 -0.46593 0.552927 0.129828 -0.296902 0.126817 -0.147332 0.441091 0.33796 0.364223 1.70841 0.627974 -0.406856 1.30475 -0.086714 0.672123 -0.648748 -0.786613 -0.169315 
0.309117 -0.113763 0.123896 0.338074 -0.0728498 -0.401996 -0.584683 -0.318377 -0.187424 0.0809365 -0.56037 -0.615867 -0.325542 -1.53781 -0.99572 -0.0413557 0.727193 -1.16963 -0.783312 -0.806461 0.898336 0.541736 -0.218327 1.03026 0.761835 0.320334 -0.210761 0.0578354 -0.436204 -0.0562433 -0.773097 0.00694042 -0.598555 -0.959294 0.962589 -0.361617 -0.319956 0.150798 -0.300718 -0.736139 -0.265523 0.174747 -1.26614 0.7202 -0.489567 0.881753 0.00918208 1.32853 -0.959763 -0.287003 0.0721748 -0.175422 0.00353489 0.808607 0.743044 -0.2638 0.387029 -0.182736 -0.678755 -0.615398 0.202812 -0.158091 0.578113 0.573913 -0.407332 1.91248 -0.737037 1.02944 -1.38745 -0.955135 0.548827 1.34125 0.204457 0.0482829 0.0870939 0.946389 0.281625 -1.127 0.419973 -0.00407715 -1.05648 -0.469329 -0.611943 0.545307 -0.553056 0.167862 0.542009 0.674843 0.293527 1.12709 0.0953312 0.684603 2.99348 -0.500508 -0.46602 -0.10899 1.17677 -0.445098 1.01775 -0.100572 
-0.259107 0.619393 0.335094 0.048786 -0.850264 -0.573309 1.23739 0.0270407 0.422903 0.452795 0.236666 -0.487224 -0.185685 0.76842 0.601547 0.803956 -0.0706745 -0.389106 -0.0105243 0.235763 -1.73882 0.563889 -0.472009 0.400732 -0.27697 -1.12249 0.290534 0.726524 -1.28469 0.299277 -0.313616 0.152353 -0.875047 -0.347627 0.257063 -0.224938 -1.32096 0.232475 -0.535894 -1.68205 0.40812 1.47313 0.452895 -0.591137 -0.750833 0.378606 -0.65647 -0.735619 -0.206593 -0.0553832 -1.4254 -0.972032 -0.232131 -0.303439 -0.682126 0.42293 0.325892 1.17732 0.28746 -0.628259 0.123949 0.637106 0.324412 -0.135743 0.627008 -1.35346 0.23474 0.406631 0.828286 0.665582 0.764069 0.335372 -0.248891 -0.713276 -0.0714712 0.0731413 -0.0252171 -0.20818 -0.761963 0.207329 0.324327 -0.247206 0.834127 0.106426 -0.00720338 1.09173 -0.470361 -1.12871 -0.565927 0.538944 0.163632 -0.375277 -0.525557 2.74281 -0.0786088 -0.563969 0.195449 1.30639 -0.0772775 0.31699 
-0.372276 -0.115185 -0.657338 0.510503 -0.0981206 -0.443862 -0.359246 0.307304 -0.471652 0.300819 -0.245373 -1.39895 -0.871905 0.512114 -0.805939 0.422589 0.219791 1.33902 0.050018 0.0148934 -0.578681 -0.991588 -0.593769 -1.54736 -0.325251 -0.190097 -0.306738 -0.684013 0.566828 0.43693 0.201685 1.64074 -0.270807 0.217291 -0.455899 -0.374496 0.705153 0.333422 0.0967593 1.12276 0.659232 -0.253061 0.266831 -0.431325 -0.80434 0.503759 0.183652 -0.179801 0.0846202 0.467182 -0.197293 -0.842004 0.530681 -0.764761 0.766713 0.510374 0.51298 -0.261922 -0.454354 -1.26628 0.166523 -0.640964 1.25237 -0.479024 -0.677745 -1.26843 -0.46474 0.188826 0.714416 -0.833858 -0.219978 0.813015 -0.536318 1.10728 1.06891 -0.485117 -0.182593 1.07004 -0.000722029 0.170483 -0.800603 -0.372042 -0.487351 0.799047 1.82386 0.0822592 -0.631653 -0.31086 0.183019 -0.401002 -0.0945777 1.34002 -0.48738 -0.0749193 2.89281 0.320548 0.0935617 -0.165667 -1.21591 -0.0888492 
-1.10842 -1.00664 -0.723172 -1.43881 0.574577 0.576095 0.301986 -0.101356 -0.371952 -0.872368 -0.751935 0.00144849 0.0417458 -0.110787 -0.016271 -0.648188 -0.0122752 0.0281964 -0.749496 0.0498348 -0.160315 -1.68308 0.309219 -0.909116 0.730358 -0.4697 -0.915806 0.739801 0.385057 0.220735 0.516533 -0.337742 0.909362 0.544213 -1.51779 -0.691162 -0.127516 -0.118101 -1.02131 0.867889 -0.599949 0.399129 -0.575885 0.442818 0.0980529 0.0665944 -0.625591 -0.647601 0.96239 0.327854 0.209471 0.13648 -0.741667 -0.507442 -0.0418631 0.36002 -0.298304 -1.13396 1.5789 -0.416729 -0.438142 -0.699763 -0.419674 -0.378581 -0.00654127 -0.129443 0.148425 0.289653 0.354861 -0.454611 0.393949 0.930707 0.324203 -0.00718203 0.184528 0.135443 -0.637042 -0.898372 -0.514511 0.310834 -0.691728 -0.692964 -1.04045 0.751622 0.0647728 0.247584 0.929896 1.44804 0.122447 -0.173612 -0.341742 -0.122294 -0.201199 -0.631129 0.249699 2.41456 0.14535 0.459986 0.0710993 0.527609 
-0.28635 -0.658229 0.480589 -0.639625 0.690814 0.323587 0.571818 -0.645366 1.32875 0.440929 -1.88248 -0.266615 -0.434172 -1.34605 -0.459696 0.548147 1.07802 -1.4923 -0.0963078 0.823344 0.197397 -0.639266 0.617131 -0.248904 -0.0262817 0.108838 -0.280432 -0.663769 0.241116 -1.17834 0.0876951 -0.134283 -1.29211 -0.115513 -0.96373 -0.0379566 -0.0030904 0.5595 -0.883486 0.0144067 1.70483 0.433351 0.054609 0.899993 -0.0382606 0.13243 -0.51306 -0.498161 -0.744169 -0.30888 -1.19907 0.026271 -0.309652 0.00540697 0.589828 -0.483845 0.447713 -0.135497 -0.337354 0.362042 -0.529306 -0.590848 0.615607 -0.293414 -0.750972 0.846814 0.211012 0.382161 -0.316297 0.00607114 0.395528 1.22452 -0.147627 0.274504 0.221004 0.831886 0.72732 -0.407077 -0.468019 1.05364 0.477886 -0.41856 0.182961 0.889813 -0.0976859 0.168378 -1.21622 -0.424002 -0.843897 1.76693 -0.273647 0.737049 1.18506 0.228796 0.123219 0.245856 3.14227 -0.15514 0.582473 -1.11096 
-0.379411 0.206815 -0.128517 -0.287431 -1.15872 -0.466748 0.799559 -0.796444 0.597595 -0.466371 -0.0105965 0.0716391 0.980236 1.12652 -0.125369 -0.372413 0.0296847 -0.869728 -0.415859 -0.0820475 -0.212147 -0.183309 -0.689957 0.30508 -0.347026 -1.22393 0.244136 0.22181 -0.0429292 -0.644743 0.0979169 -0.327241 -0.10165 1.0254 -0.896016 -0.683302 -0.925817 -0.682781 -0.701139 -0.224163 -0.0777356 1.31671 0.0586468 -0.465931 -0.680174 0.526979 -0.560644 -0.10651 0.910848 -0.532756 -0.331052 -0.679107 -0.106406 0.229646 -0.598574 0.550564 -0.305135 -0.425179 0.408153 0.186192 0.695111 1.50644 -0.177028 0.130446 0.791621 -0.767652 -1.46163 0.13845 1.76606 -0.0537518 0.496492 0.36365 -0.0765429 -0.972922 -0.486369 1.12334 -0.12085 -0.0588975 -0.151755 0.234098 -0.0916816 -0.783816 0.198011 1.12812 0.318004 0.148731 0.20119 -0.105339 -0.0544497 -0.260934 0.405371 -0.616117 -0.469096 1.30744 -0.168305 0.528197 -0.187436 2.39088 -0.267243 0.654882 
-0.709592 -0.194236 -0.814391 0.365962 0.3942 -0.5326 -0.256985 1.02061 0.887694 0.0782538 0.0183509 0.825743 1.21233 -1.33641 1.02779 0.240383 1.84553 -1.77868 0.119564 0.120725 -0.0759134 -0.508735 1.21288 0.793639 0.561717 -0.525314 0.440049 0.700317 -0.433248 0.867638 -1.12385 -0.701993 0.351021 -0.140185 0.519119 0.518368 -0.351616 0.392502 -0.333778 -0.498215 0.146685 -0.47053 -0.358744 -1.86807 -0.977914 -0.870827 -0.774559 0.0148106 0.225731 -0.48933 0.256016 -0.316821 -0.627652 0.990782 -1.30867 0.48048 -0.194764 -0.217403 0.120974 0.459828 -0.0587695 -0.744621 -1.10103 0.532478 -1.13238 1.27756 0.495866 0.439968 -0.96264 -0.590718 0.0456429 0.643732 -1.06269 1.20489 -0.259731 -0.0253356 -0.349492 -1.00535 0.563063 0.344221 0.402506 -0.187484 -0.885276 -0.0279967 -0.954556 0.594888 -0.570027 -0.0327306 0.619434 0.197749 0.167031 -0.749679 0.998058 -0.0719235 -1.21425 0.143613 0.554481 -0.262941 3.4926 0.317253 
0.315891 -1.17957 -0.192405 -0.0039632 -0.794875 -0.373569 1.22148 0.281777 0.514198 -0.632634 1.53469 0.558383 0.420312 0.105142 -0.563799 -0.913207 -0.468315 1.48432 -0.665773 -1.24023 -0.427932 -0.326167 -0.488015 0.459659 -0.166843 -0.735116 -0.42901 1.4263 -0.532557 0.673045 -1.21451 -0.871883 0.295139 0.598899 0.544867 -1.41385 0.319567 0.44372 -0.346512 0.0613304 -0.171893 0.351778 -1.36679 -0.793436 -0.481202 -0.629855 0.909778 0.282558 1.21431 0.0994644 0.166379 -0.644262 -0.00403763 -0.441727 -0.914604 -0.155083 -0.138291 -0.835738 -0.116954 -0.0570299 -0.24584 1.36896 0.833526 0.5951 0.0969972 -0.129315 1.1894 1.17483 -0.0796751 0.0726608 -1.06539 0.196285 -0.35363 -0.437802 0.455597 -0.911932 -0.813911 0.0247246 -0.528668 -1.18484 0.267875 -1.48443 -0.871864 0.88568 -0.562548 0.305133 0.0951583 0.664341 0.372137 0.21123 0.0653338 -0.152012 -0.139897 0.302714 -0.106814 0.580493 -1.15858 0.639554 0.297624 3.22157 
