0.787257 -0.0372499 0.630801 0.34353 -0.123507 0.016384 0.0997493 -0.0890436 0.0659857 0.155086 0.458368 0.172413 -0.037016 -0.0435121 -0.317102 -0.0744948 -0.232689 0.429278 0.110512 -0.123767 0.459202 0.565911 -0.258203 0.577774 -0.170895 0.360356 0.186203 -0.0660584 -0.00150798 -0.212121 -0.0153074 0.041277 -0.145169 -0.00979757 0.513337 -0.162875 0.40405 0.0467005 0.551158 -0.103007 0.0417545 0.00269179 -0.167586 0.382378 0.308389 0.12886 0.685758 0.366014 -0.10372 -0.0215579 0.0387017 0.27032 0.325367 0.169882 0.248439 -0.413905 0.178082 0.211852 -0.562705 0.266336 0.0830152 0.492683 0.408029 0.114707 0.296044 0.257179 0.142825 0.145387 -0.224746 0.277975 -0.395835 -0.351355 0.160646 -0.385994 0.0765827 -0.0899399 0.231164 0.390733 0.21207 -0.378883 0.179614 0.125856 0.396998 0.0188746 -0.229087 -0.121102 0.0915999 -0.0157538 0.0783746 0.258233 0.209199 0.189888 0.287079 -0.0750378 -0.152944 -0.596476 -0.115431 -0.155941 -0.37893 0.317811 
-0.106695 1.63377 -0.347815 0.465771 -0.259151 0.0576366 -0.52003 0.199694 -0.355233 0.51675 0.125306 -0.45432 0.113195 0.776044 0.394101 -0.0405285 -0.467153 -0.359682 0.189451 -0.375496 -0.0875318 1.21199 -0.254515 -0.444416 0.297042 0.240092 0.304094 0.0869787 0.126353 0.641243 0.11021 -0.0122664 0.131652 -0.033733 0.601696 0.97471 -0.833939 -0.11785 -0.38001 -0.231819 0.133849 0.195812 0.629411 -0.0943137 -0.118808 0.373165 -0.464868 0.912402 -0.373956 0.365569 0.180213 -0.587487 0.307609 -0.168886 0.112266 0.486548 -0.0407799 0.432362 -0.124922 -0.114097 0.391167 0.243926 -0.375403 0.338593 -0.0527649 0.0112557 -0.802171 -0.560736 0.327214 0.199193 0.584614 -0.298572 -0.153474 0.360033 -0.398953 0.547237 0.324687 -0.35566 -0.266263 0.470046 -0.134157 0.200608 -0.0162275 -1.03504 0.348054 -0.308123 0.0132827 -0.585498 -0.453684 -0.253411 -0.253435 -0.282146 -0.0642865 0.441183 -0.0509948 -0.598064 -0.432795 0.165431 -0.104805 -0.748605 
0.576579 -0.332592 1.91781 -0.777843 -0.132571 0.107209 -0.00989554 0.0280312 0.151978 0.113826 0.0189915 0.152986 -0.296601 -0.752544 -0.77359 0.28621 -0.59828 -0.125999 0.146105 0.296179 -0.125382 0.0107374 -0.196447 1.05226 -0.623077 -0.214611 -0.0892696 -0.128447 0.0394255 -0.2271 0.916836 -0.0870928 -0.0497444 -0.0324406 -0.263941 0.3107 -0.173826 -0.41641 0.9914 -0.326594 0.51929 0.861402 -0.889599 0.28783 0.485637 0.237446 0.210559 0.254043 -0.4551 0.0492763 -0.467458 0.298864 0.293504 0.0782866 -0.15782 -0.0120372 0.721693 0.79539 -0.320168 0.575645 -0.0709873 -0.180767 0.406569 -0.880615 -0.200782 -0.0920204 0.255044 -0.0439173 0.35669 0.458564 -0.732617 -0.77333 -0.0344891 -1.09923 0.355673 0.345766 0.164187 0.231834 -0.38216 -0.343359 0.13942 0.709876 0.0991417 -0.126012 -0.75271 0.431005 0.332881 0.17204 0.210937 0.81592 0.518598 0.133806 0.109375 0.266874 -0.397207 -0.393864 0.341639 -0.0429011 -0.503019 -0.0752752 
0.281087 0.472773 -0.786063 2.24314 0.0450708 -0.863293 -0.385286 -0.204723 -0.16463 0.253785 0.265712 0.299755 0.0617065 0.464411 0.484344 -0.23355 0.221942 0.197545 0.265628 -0.160034 0.486539 0.477949 -0.409302 -0.587783 0.507002 -0.2412 0.502335 -0.139079 -0.207768 0.0205021 -1.06303 0.184164 -0.861814 -0.396513 0.669038 -0.66144 1.13036 -0.46614 -0.19378 -0.704413 -0.189902 -0.784381 0.669484 -0.641619 -0.165259 0.0485009 -0.215559 0.0114897 0.0365894 0.0411499 0.677064 -0.875648 -0.24617 0.243408 0.64816 -0.225675 0.726291 0.743748 -0.861723 -0.133347 0.460116 0.494403 -0.029122 0.65985 0.27572 -0.207868 -0.421748 0.243074 -0.170493 -0.152851 -0.230207 0.208276 -0.439611 0.856751 0.229645 -0.392906 0.247826 -0.046809 0.650838 0.0193712 0.269112 -0.202267 0.251648 -0.447247 0.143618 -0.640202 -0.39119 -0.41893 0.709991 -0.153369 0.974841 0.423302 0.24394 0.0677808 0.373133 -0.879179 -0.413391 -0.157065 0.275662 0.0421318 
-0.147984 -0.214183 -0.102826 0.083037 1.1652 0.541044 -0.0727674 0.0568097 0.101729 0.0295976 -0.356773 0.386856 -0.189909 -0.274937 0.448053 0.104658 0.140682 0.199799 0.440679 0.671049 0.145832 -0.366742 0.771548 -0.503908 0.758146 0.100491 0.00278908 0.271632 0.261148 0.0876435 0.189923 -0.166034 0.00656302 -0.32937 -0.179123 0.066054 0.714461 0.050746 -0.0244077 0.158494 0.00473493 -0.374768 0.194385 0.537266 0.556115 -0.056727 -0.250638 -0.647869 -0.0826078 0.597101 0.343861 0.408057 -0.414917 -0.327159 0.405354 -0.181009 0.253784 0.284289 0.531552 0.140093 -0.561374 -0.749002 -0.312622 -0.210253 -0.0558797 0.0440347 0.616129 -0.162958 -0.385872 -0.133182 0.00626339 0.124784 0.266572 0.712922 0.15113 -0.0911543 0.145425 -0.464038 -0.161746 0.421786 0.146829 0.143022 -0.185493 -0.406205 -0.145462 -0.219025 -0.039667 0.365933 0.265568 0.254626 0.226975 0.162511 0.00795681 -0.49362 0.00534969 0.501047 0.511535 -0.69996 0.332453 -0.447176 
-0.0400486 0.0706492 0.104998 -0.857282 0.509088 1.55247 0.319653 -0.0724566 0.258654 0.0371883 -0.669898 0.491232 0.291506 -0.150427 0.431698 0.406969 -0.665484 0.221328 0.265875 -0.331233 -0.0917672 0.555838 -0.151433 -0.223659 -0.0176004 -0.039573 -0.273211 0.598836 0.646614 -0.0600586 0.65489 -0.297823 0.313877 -0.155288 0.155343 0.469419 0.0346773 0.390685 -0.188112 0.41025 -0.0208083 -0.511785 -0.284883 0.931136 0.623248 -0.162648 -0.276413 -0.140101 0.575597 0.616108 -0.0597802 0.471257 0.234848 -0.356557 0.728729 0.394223 -0.3744 -0.396241 0.448262 -0.239653 -1.12879 -0.0675532 0.141768 -0.231208 -0.0675781 0.34274 0.522364 -0.559989 -0.321374 -0.206089 -0.0502116 -0.387269 0.411638 -0.396143 -0.610764 0.585047 0.181823 0.168706 -0.270235 0.286495 0.269029 -0.0913378 -0.107412 -0.277609 0.353825 0.137669 -0.252755 0.560198 -0.726396 0.0744384 -0.684799 -0.542716 -0.24343 -0.340938 -0.2571 0.470103 0.234761 -0.270599 -0.317368 -0.198261 
0.0722239 -0.478111 0.0168015 -0.350369 -0.0758158 0.34856 1.71539 -0.351076 0.850422 -0.00941723 -0.210901 0.426735 -0.125194 0.447822 0.275771 0.559916 -0.375732 0.434703 -0.0513849 -0.231819 -0.510692 -0.0978429 0.298874 0.130137 -0.20625 -0.242349 -0.011889 0.26336 -0.341501 -0.521006 -0.466246 -0.0652837 -0.383942 -0.0587003 -0.155579 -0.201451 0.0459627 0.561256 -0.708238 -0.201167 0.422555 0.299087 0.327424 0.0674686 0.509646 -0.312758 0.212558 -0.507493 0.440561 -0.0871307 -0.276505 -0.238444 -0.641193 -0.152919 -0.255043 -0.153659 -0.271607 -0.14607 0.441809 -0.0725268 -0.39054 0.936909 0.577026 0.424266 0.285007 -0.0658395 0.993841 0.338562 0.132678 0.660734 0.468936 0.507978 0.511081 -0.63103 -0.131273 -0.111859 -0.577494 -0.0396918 -0.52146 -0.527422 0.657671 -0.363033 0.323225 0.968236 -0.0402065 0.614252 -0.22757 -0.0964486 -0.496393 0.0898098 -0.274078 -0.0119288 -0.336314 0.895101 -0.171782 0.316271 0.429155 0.602513 -0.104718 0.894013 
-0.146936 0.211247 0.0243614 -0.200172 0.0233945 -0.0739163 -0.381443 1.37234 -0.571226 0.452195 0.458814 -0.286909 0.138038 -0.36471 0.481295 0.00646695 0.372944 0.0842098 -0.0808869 -0.067587 -0.400555 -0.134832 -0.0747979 -0.0193671 -0.0206647 0.315595 -0.136981 0.507973 -0.0414015 1.38438 0.298968 0.406747 0.927571 0.346422 0.267948 0.483548 -0.347903 0.535513 0.294408 0.179348 0.155382 0.061209 -0.0806728 -0.828888 -0.417525 -0.26246 0.0738135 0.324616 0.278998 0.129841 -0.36061 -0.119467 0.272546 0.0597649 -0.473313 0.430953 0.169819 0.0760429 -0.0767657 -0.219485 0.0814908 -0.935956 -0.224111 -0.291393 -0.569749 0.0807382 0.682225 0.197042 -0.29833 0.360782 -0.314035 -0.165969 -0.857072 0.343052 0.390568 -0.821947 -0.170356 0.202779 0.180014 0.0382921 -0.024166 0.358208 -0.1913 -0.474076 -0.148197 0.720724 0.122358 -0.0638968 -0.0708674 -0.0376216 -0.419358 -0.181091 -0.189143 0.057835 0.242218 0.0170099 -0.412667 -0.491856 0.716642 0.237176 
-0.00524298 -0.357016 0.134972 -0.173415 0.0549772 0.243858 0.806719 -0.584562 1.9507 -0.153919 -0.00470124 0.631619 0.491151 -0.112411 -0.415802 0.517254 0.256406 -0.178355 0.673653 0.263648 -0.291 -0.0581746 0.894903 0.4334 -0.423866 -0.712663 0.441288 -0.0882465 0.194206 -0.831041 -0.564324 -0.837327 -0.75834 0.0172574 0.0900475 0.284089 0.0882688 0.24217 -0.0502668 0.251105 1.01631 -0.0320434 -0.267449 -0.236911 -0.187229 -0.464302 0.0516567 -0.351748 -0.130931 0.0209916 0.0474342 -0.0148921 0.0516356 -0.257279 -0.623775 -0.0185519 -0.439384 -0.322738 -0.0600783 0.779807 -0.571468 0.852811 0.385261 0.236714 -0.495054 0.0214278 0.166575 -0.275659 0.317342 -0.553201 -0.265405 -0.0192481 0.115637 0.372095 -0.382484 0.817014 0.0537229 0.0822157 -0.634121 0.0940709 0.714074 -0.653642 -0.4376 0.628747 0.0921484 -0.337358 -1.34964 -0.488552 -0.0587559 0.387184 0.155824 -0.166421 -0.115178 0.308407 -0.290423 -0.176724 0.890073 0.424167 0.614698 0.378787 
0.142132 0.573242 0.155095 0.303275 0.0411214 0.0806677 0.00515499 0.497134 -0.095644 0.689228 -0.207742 -0.233253 -0.100237 -0.0372372 0.351985 0.298207 0.0427542 -0.149184 0.0953616 -0.101377 -0.0639166 0.465168 -0.234803 -0.231256 -0.0268119 0.332537 0.0751762 0.00382361 0.0959357 0.449386 0.147039 0.427807 -0.0327735 0.0409512 0.26608 0.475283 -0.0904612 0.365414 -0.137476 -0.129041 0.617246 0.0625559 0.41794 -0.172096 0.0263051 0.0721116 -0.0828444 0.390735 -0.062823 0.123805 -0.37234 -0.392634 0.144341 0.0617788 0.277258 0.173883 0.392429 0.399807 -0.44468 -0.129478 0.0790279 -0.203637 0.200004 0.0126561 -0.308208 0.209214 0.23144 0.0484286 -0.107845 0.509181 0.0739534 0.058622 -0.452957 0.146496 0.167452 -0.133106 0.205045 0.153311 0.0365354 0.21428 0.270767 0.264372 0.2774 -0.301059 0.115757 0.353255 -0.26523 -0.427453 -0.412759 0.298527 -0.221623 0.16841 0.122005 0.38661 0.282834 -0.452059 0.356468 -0.226868 0.133347 -0.327492 
0.363161 0.0995448 -0.0219929 0.232949 -0.427503 -0.708672 -0.278582 0.4215 -0.0286794 -0.289995 2.12604 -0.359151 0.0938459 0.518933 -0.492728 -0.786853 0.186386 0.995953 0.16026 0.28132 -0.312046 0.279346 0.38172 0.641026 0.106522 0.201763 0.342629 0.532946 -0.637907 0.773156 -0.503482 -0.551871 0.381285 0.27894 0.918204 -0.324982 -0.379176 0.179656 0.866631 0.0278361 -0.465211 0.480503 -0.342387 -0.250178 -0.783208 -0.0420936 1.0289 0.104247 -0.463754 0.156554 0.119863 0.465023 0.64649 -0.513682 -1.19937 -0.487887 -0.507567 -0.0268771 0.0266656 0.383543 0.37843 0.361524 -0.195629 0.17324 0.47543 -0.675903 0.116773 0.144454 0.00845125 -0.143623 -0.458343 -0.621555 0.0124441 0.542668 0.158177 -0.719881 0.0927084 0.0925954 -0.3018 -0.283185 -0.292051 -0.374631 -0.153489 -0.463547 -0.321757 -0.56973 0.0812959 -0.422494 0.446438 -0.157058 0.125058 -0.231938 -0.387786 0.160271 -0.163548 -0.454024 -1.27472 -0.00527201 0.011158 1.03513 
0.055792 -0.501496 0.0905871 0.245577 0.294711 0.431043 0.337639 -0.345638 0.586227 -0.336921 -0.380566 1.56535 0.708614 -0.272349 0.671991 0.0450961 -0.424536 -0.21687 0.31347 -0.200537 0.270705 -0.059358 0.0111504 0.130851 -0.168735 -0.712569 0.0878061 0.237159 0.260618 -0.583421 -0.205238 -0.769242 -0.134228 -0.0986581 -0.197528 -0.131752 0.847226 -0.547375 -0.0888982 -0.280727 -0.16939 -0.817227 -0.191527 -0.409007 0.731229 -0.798138 -0.485553 -0.466749 0.846155 -0.0675752 0.588948 -0.0366789 -0.519966 0.345102 0.0839155 0.097231 0.13711 0.119908 0.00961498 0.620541 -0.556691 0.444776 -0.397356 0.0795896 -0.0110978 0.226428 0.508872 -0.299009 -0.0770894 0.090489 -0.697021 -0.609765 -0.0786451 -0.462155 -0.404235 0.10661 -0.187237 -0.00138024 0.23058 -0.298485 0.950769 0.0794108 -0.0547796 -0.21502 -0.549919 -0.124321 -0.245833 0.471185 0.353612 -0.145922 0.561837 -0.603743 -0.446199 -0.343737 -0.954017 0.0268174 -0.218895 0.0281372 0.528005 0.362851 
-0.0966636 0.122992 -0.302026 0.0645023 -0.225079 0.288291 -0.157316 0.136283 0.502732 -0.146932 0.129405 0.765588 1.49012 -0.0058772 0.591147 -0.324925 0.588803 -0.743035 0.139879 -0.0607435 0.35932 0.248482 -0.394365 0.34828 -0.154377 -0.556618 0.307713 0.572049 0.461814 0.0391507 0.132278 -0.525079 0.458977 0.75074 0.0835345 -0.156982 -0.0505616 -0.12348 0.0619606 0.204903 -0.232275 -0.285967 -0.229341 -0.494945 -0.548772 -0.245181 -0.353574 -0.0367708 1.11613 -0.206757 0.0100905 0.134905 0.401971 0.474628 -0.161179 0.479989 -0.390364 -0.594746 -0.0937261 0.400203 -0.112384 0.411619 -0.582066 0.0436292 0.128507 0.225269 -0.517406 -0.199078 0.242645 -0.464987 -0.461642 -0.374813 -0.579208 -0.0808753 -0.647274 0.52641 0.33391 0.374609 0.636505 0.488784 0.35093 -0.427455 0.0204974 0.0429157 0.101742 -0.0759856 -0.401114 0.165299 0.0168869 -0.195024 0.064281 -0.977883 -0.195675 -0.0857373 -0.545677 0.110656 -0.273627 0.690842 0.842701 0.327778 
-0.10603 0.782971 -0.76084 0.464337 -0.312978 -0.156512 0.412829 -0.369336 -0.1037 -0.086802 0.551621 -0.218246 -0.00874767 1.71532 0.294867 -0.247021 -0.549323 0.691583 0.159862 -0.0129127 -0.188291 0.333077 0.0526586 -0.698042 0.182578 0.0556604 0.344315 -0.0882237 -0.0332221 -0.0582327 -0.194148 0.078322 0.036788 0.328053 -0.0558668 0.0239703 -0.183766 -0.163038 -0.449773 0.181924 -0.243436 0.23048 1.08393 -0.0162682 0.109824 0.194998 0.109115 -0.0989099 0.155238 0.179133 0.422562 -0.318073 -0.133338 -0.463771 -0.205078 0.00240138 -0.482305 -0.0223819 0.46602 -0.0454308 0.475964 0.955998 -0.217103 0.513599 0.755404 -0.882403 -0.532964 -0.374088 0.892423 0.331813 0.671616 -0.0551455 0.467935 0.197726 -0.267159 -0.0315967 -0.192242 0.0113759 -0.322431 -0.0337283 -0.0202801 -0.188751 0.305016 -0.0459548 0.641421 -0.514828 0.154258 -0.489667 -0.173293 -0.892252 -0.0511879 -0.10673 -1.00673 0.547462 0.374132 0.0060969 -0.884413 0.785495 -0.859325 0.114794 
-0.403933 0.376715 -0.806199 0.459956 0.385699 0.401299 0.216465 0.452356 -0.431405 0.278106 -0.484353 0.701781 0.563963 0.270553 1.95668 0.227836 0.238738 -0.473668 0.0885345 0.0808289 -0.228955 0.302208 -0.273629 -0.553884 0.331392 -0.134727 0.0929719 0.627405 -0.211643 0.393611 -0.0410487 0.0987579 0.246583 -0.143355 0.0593292 -0.0323814 0.151137 0.152068 -0.602842 -0.671084 -0.579673 -0.737516 0.989588 -0.421831 0.210152 -0.512484 -0.863374 -0.863133 0.927855 -0.0592056 -0.213657 -0.0998414 -0.550156 0.348112 0.310568 0.30668 -0.0313051 0.33723 0.413329 -0.36943 -0.328955 -0.372376 -0.892273 0.113393 0.473261 -0.0848263 0.638656 -0.152906 -0.411252 0.55257 0.343127 -0.0937663 -0.343351 -0.0489009 -0.490746 -0.594587 0.0105253 -0.0385229 0.636994 0.418435 0.690991 0.289811 0.806135 -0.695312 -0.0381278 0.492048 -0.127621 -0.0781956 -0.39096 -0.435711 -0.21644 -0.839516 -0.669644 0.4119 -0.528884 0.0447942 -0.317826 -0.0734117 0.692491 -0.35548 
-0.162194 -0.0587828 0.252733 -0.258806 0.0414353 0.375702 0.499742 -0.0233403 0.500783 0.22346 -0.779346 0.074018 -0.352977 -0.272202 0.226968 2.10983 -0.125072 -0.0297279 0.662922 -0.107601 -1.02683 0.0545221 0.384496 0.653975 -0.657101 -0.675744 0.322825 -0.468267 -0.221391 -0.381781 -0.0391679 0.959451 -0.488939 -1.28379 0.441919 0.994725 -0.102065 0.311728 0.504371 -0.410867 0.123674 -0.613856 0.00654834 -0.527885 0.184857 -0.103507 -0.351671 -0.50818 -0.333271 -0.0160995 -0.0293372 -0.0956648 -0.251332 0.350841 0.0467598 0.797841 -0.164459 0.47547 0.262578 -0.876504 -0.617835 -0.266289 0.614529 -0.202965 -0.596929 -0.172901 0.348908 -0.416288 -0.176623 -0.65633 0.533512 0.137966 0.487953 -0.284034 -0.353936 0.483139 -0.695253 0.447395 0.138884 -0.530813 -0.0372573 0.732541 -0.0172727 0.576096 0.643209 1.05934 -0.507791 -0.2093 0.0779201 -0.559493 -0.0650943 0.0358791 -0.0342695 0.545971 0.289267 -0.377351 0.353201 -0.238976 0.166687 -0.589287 
-0.322095 -0.487113 -0.633463 0.19498 0.0757532 -0.698457 -0.437612 0.341431 0.23823 -0.033698 0.192187 -0.39732 0.559045 -0.57621 0.236164 -0.126778 2.1759 -0.928495 -0.0731873 1.0443 0.1691 -0.716051 0.410592 0.396919 0.103046 0.127281 0.30743 -0.136533 -0.34811 -0.0118933 -0.31439 0.260069 -0.0347099 0.342347 -0.0581936 -0.672045 -0.108362 0.491367 0.331119 0.0849563 -0.194897 -0.101344 0.202104 -0.381185 -1.3662 -0.00436832 0.110972 -0.831931 -0.0550682 -0.7351 -0.719417 0.655856 0.254809 0.550049 -0.460793 -0.320485 -0.424977 -0.558734 -0.0888729 9.51269e-05 0.288616 -0.769618 -0.483392 -0.0954511 0.128447 0.0709202 -0.339047 0.480706 -0.445232 -0.708286 0.133254 0.675691 -0.53576 0.873891 0.00808986 -0.357549 0.463161 0.302608 0.956866 0.784097 -0.245971 -0.364912 0.449232 0.604025 0.144269 0.0712021 -0.613668 -0.459941 0.165329 0.156436 -0.0838487 -0.117861 0.47639 -0.0388216 0.152362 0.0448842 0.704745 0.0273835 1.23508 -0.294398 
0.335786 -0.383729 -0.165269 0.166496 0.130783 0.184268 0.368736 0.0486099 -0.200619 -0.229723 0.997668 -0.193741 -0.77688 0.660609 -0.480329 -0.0355206 -0.932581 2.21781 0.249232 -0.287811 -0.516678 -0.0390106 0.0847845 -0.497662 -0.0246935 0.139353 -0.2018 0.25269 -0.0998066 0.344165 -0.321941 0.151814 0.0119481 -0.303531 0.529569 -0.362245 0.734872 0.361886 0.399248 0.492181 -0.228162 -0.385362 -0.166295 0.321051 0.316754 -0.187171 0.927774 -0.264589 -0.0409467 0.737276 0.446874 0.111341 0.212968 -1.02709 0.0791494 -0.314666 -0.142071 -0.050105 0.159744 -0.456325 -0.450676 0.275374 0.793648 0.0555328 0.187802 -0.871461 0.911851 -0.00149418 -0.1249 -0.107381 -0.478526 -0.313418 0.538015 0.320974 0.449917 -0.916032 -0.409476 0.460857 -0.581593 -0.754573 -0.13367 -0.291227 -0.328164 -0.0776258 0.444488 -0.327238 -0.0338043 0.132395 0.197359 -0.405413 -0.114148 0.483091 -0.792247 -0.255196 0.894429 0.0677785 -1.01289 -0.576312 -1.18515 1.00327 
0.0780449 0.226429 0.16786 0.295604 0.432689 0.28984 -0.056327 -0.0554622 0.712414 0.0758472 0.222999 0.397624 0.167059 0.189912 0.142898 0.718153 -0.0162494 0.310257 0.989903 0.549062 -0.325765 0.188279 0.655712 0.172177 -0.0588095 -0.436222 0.573351 -0.0612919 0.221474 -0.130409 0.058762 -0.0636557 -0.254261 -0.399804 0.387378 0.58974 0.362775 -0.0739053 0.684387 0.0754809 0.218669 -0.398953 0.131973 -0.165317 0.107613 -0.102328 -0.0679486 -0.46919 -0.257256 0.45404 0.385169 0.239237 0.151875 -0.23162 -0.127723 0.240673 -0.0754971 0.457544 0.143382 0.255076 -0.412514 -0.0122611 -0.0339304 -0.181435 -0.179372 -0.4943 0.0616381 -0.641801 0.207603 -0.550254 -0.214736 -0.512389 0.204013 0.563951 -0.221491 0.371969 0.0918648 0.263423 -0.139721 0.126255 0.25133 0.260815 -0.141014 -0.304556 0.317888 -0.254335 -0.655011 -0.314344 0.385719 -0.225563 0.422007 -0.126469 -0.473675 0.0582163 0.0961183 -0.389658 -0.0212037 -0.212708 0.141373 -0.369099 
-0.187974 -0.370259 0.286194 -0.161798 0.631319 -0.339008 -0.268501 -0.0739022 0.270669 -0.152632 0.312319 -0.148124 -0.0653033 -0.0146021 0.103453 -0.0841088 1.06949 -0.258526 0.517322 1.87406 -0.160832 -0.834983 0.931512 0.123929 0.24671 -0.0328691 0.376577 -0.222312 -0.224461 -0.317766 0.465941 -0.0807927 -0.173386 0.172833 -0.655101 -0.350885 0.0970903 -0.163652 0.7362 -0.0078438 -0.0309019 0.476636 0.468978 0.336702 -0.334936 0.182485 0.0286424 -1.41314 -0.576818 -0.0540055 -0.485771 0.986759 -0.0134 -0.234723 -0.500147 -0.542215 -0.015094 0.425461 0.552044 0.601528 0.0870138 -0.836305 -0.667651 -0.717935 0.539446 -0.955448 -0.0463965 -0.16686 0.346476 -0.139386 0.00947854 -0.129848 0.114881 0.616702 0.201523 -0.235149 0.549407 0.0464126 0.00916498 0.786494 -0.0119045 0.24675 0.581565 -0.125701 -0.160439 -0.352243 -0.263579 -0.463562 0.392768 0.279283 0.514114 0.00144727 -0.520848 0.190668 0.0409619 0.111489 0.560158 -0.0219067 0.110407 -0.783812 
0.432717 -0.0445713 -0.0976446 0.522498 0.143824 -0.0618193 -0.509651 -0.369147 -0.246256 -0.0774481 -0.243324 0.360842 0.392483 -0.152258 -0.168609 -0.965617 0.232021 -0.44967 -0.319783 -0.12311 1.59626 0.0688993 -0.235609 -0.133776 0.283346 0.782221 0.00904255 -0.496752 0.610808 -0.55845 0.0611605 -0.196946 0.170181 0.622977 -0.323362 -0.368488 0.700125 -0.406785 -0.138085 0.476345 -0.137872 -0.346177 0.183503 0.490842 0.43024 0.10012 0.298255 0.672461 0.278015 -0.393757 0.548607 0.273117 0.0114692 0.598146 0.616687 -0.576605 0.107465 -0.485616 -0.58397 0.705804 0.524008 0.309323 -0.333203 0.401028 0.237595 1.01517 -0.675372 0.106954 -0.204867 0.240589 -0.220018 0.0355544 -0.0386779 -0.0193381 -0.0269969 0.146711 0.414499 -0.0290245 0.727787 0.106154 0.0793128 -0.0135567 0.225079 0.0783999 -0.289727 -0.758409 0.443114 0.397167 0.139203 0.0626781 0.193956 0.209949 0.653406 -1.088 -0.317032 0.0091117 0.180582 -0.0709168 0.0170371 -0.204555 
0.473013 1.18854 -0.0279386 0.447494 -0.435163 0.519372 -0.163216 -0.169839 -0.0798444 0.385223 0.281654 -0.0356351 0.215231 0.302697 0.296141 0.0493231 -0.719544 -0.0384168 0.127848 -0.863674 0.00248563 2.02624 -0.792416 0.259217 -0.000751517 0.19819 0.18984 0.495167 -0.175602 0.202581 -0.256987 -0.424052 -0.330264 -0.545987 1.46395 0.405588 -0.578235 0.205735 -0.140175 -0.711656 -0.241027 -0.281351 -0.0414173 0.607102 -0.0260679 0.170191 -0.0630412 0.784765 -0.268541 0.302301 -0.123459 -0.122412 0.669994 -0.103764 0.582925 0.0905682 -0.251425 0.284951 -0.536102 -0.313081 -0.294595 0.782829 0.159824 0.481765 0.355565 0.403866 -0.270823 -0.368921 -0.536663 -0.00310226 0.144932 -0.624369 0.17073 -0.345888 -0.787479 0.538084 0.63432 0.01177 -0.0845983 0.153179 0.151031 -0.183914 0.376495 -1.0251 0.128742 -0.312344 -0.34082 -0.384653 -0.776178 0.184261 -0.446808 -0.561787 0.34926 0.380728 -0.658717 -1.07248 -0.443607 -0.118105 -0.337924 -0.203126 
-0.340212 -0.267079 -0.224233 -0.428868 0.714016 -0.17701 0.24439 -0.0989148 0.884122 -0.303859 0.394918 0.0457625 -0.416726 0.0331675 -0.268807 0.390186 0.417988 0.0962675 0.606171 0.91371 -0.291133 -0.781527 2.21876 0.247795 0.376075 0.328429 0.418287 -0.508016 -0.261975 -0.248972 -0.496919 -0.45039 0.000689656 -0.385224 -0.147813 0.895366 -0.17816 0.226917 0.187676 0.42944 0.322615 0.0671872 0.378302 -0.162419 0.258234 -0.40609 0.351203 -0.446677 -1.11418 0.0514244 0.683124 0.597272 -0.62838 -0.313346 -1.29379 -0.434244 -0.717579 -0.0672858 0.916903 0.774717 -0.0272114 -0.318243 -0.48842 0.292697 -0.449294 0.0552752 0.478488 -0.374688 -0.0964585 -0.182471 0.622481 0.190039 0.774012 1.097 -0.0261646 -0.0289696 -0.531708 -0.771086 -0.721988 -0.177899 0.00385866 0.280781 -0.616693 0.145018 -0.356416 -0.413305 -0.144393 -0.362752 0.420429 -0.309903 0.00456644 0.184753 -0.14656 -0.298982 -0.382615 0.26661 0.404881 -0.444981 0.820708 -0.300135 
0.512302 -0.440442 1.04101 -0.590811 -0.544903 -0.232698 0.0921911 -0.0269464 0.439158 -0.283774 0.670761 0.182 0.342456 -0.700995 -0.532524 0.676203 0.420853 -0.469642 0.139173 0.122665 -0.172763 0.286643 0.264333 2.21884 -0.554753 -0.307447 0.440436 0.0323319 -0.649505 -0.338059 -0.0392479 -0.0528972 0.0640175 -0.493864 0.747392 0.165899 -0.644441 0.0178479 1.28106 -0.609257 -0.546426 0.384345 -1.01048 -0.130086 -0.353265 0.154823 0.55255 0.0724829 -0.461205 -0.565784 -0.204618 0.831699 0.32502 0.793591 -0.844599 0.00573639 -0.45595 0.0933271 0.0202014 0.149342 0.0400031 0.245801 0.100424 -0.153447 0.190683 0.354738 -0.107128 0.146934 -0.327723 -0.52799 -0.0443804 -0.354257 0.450434 -0.907721 -0.415703 0.48909 -0.186559 0.226316 0.418448 -0.652271 -0.329465 0.386387 0.171431 0.577452 -0.585987 0.6191 0.313057 0.117736 0.489607 0.0341397 0.268259 -0.451182 0.702372 0.299383 -1.00181 -0.529076 -0.155938 0.234914 0.557752 0.348185 
-0.185428 0.351954 -0.583387 0.554913 0.76809 0.0242993 -0.193258 0.0226947 -0.36717 -0.0283915 0.187196 -0.0666468 -0.109262 0.230563 0.40369 -0.583935 0.177919 0.0542659 -0.0408748 0.296385 0.295298 0.0776141 0.443551 -0.503815 1.43588 0.126813 0.0439901 0.801905 -0.160662 0.605623 -0.245321 -0.351369 0.100946 -0.221504 0.2156 -0.378988 0.167954 -0.0866212 -0.545205 -0.278196 -0.498856 0.260886 0.175766 0.599386 0.0924755 0.509372 -0.302962 -0.0662701 -0.145871 0.646279 0.48515 -0.0366817 -0.460757 -0.340532 0.31345 -0.213564 0.261179 0.28261 0.636276 -0.14228 0.025928 -0.272213 -0.513246 0.295548 0.450646 0.114845 -0.0325492 0.287815 -0.293054 -0.144975 0.533077 0.610002 0.291176 0.826994 0.143646 0.0527932 0.204352 -1.18452 -0.237753 0.537996 -0.400418 -0.359044 -0.30889 -0.501057 -0.279405 -0.383387 0.589583 0.438365 0.373191 0.304155 0.333561 0.132189 0.574357 -0.101479 -0.136127 0.614846 0.043415 -0.148884 0.454076 -0.0185444 
0.273172 0.222354 -0.247572 -0.26594 0.0377848 -0.070324 -0.302007 0.286304 -0.728617 0.258307 0.209786 -0.683131 -0.584154 0.0309949 -0.135079 -0.675228 0.129503 0.145662 -0.490938 -0.0558452 0.721522 0.203905 0.323255 -0.329159 0.0541622 1.86489 -0.263805 -0.714537 -0.0371531 0.0755482 0.00502025 0.187939 0.473153 0.357724 0.00872816 0.372074 -0.270271 0.603117 -0.187338 0.596004 0.0818414 -0.114641 0.758428 0.642619 0.346179 -0.201777 0.906329 0.670252 -0.639853 -0.434615 -0.140127 0.614293 0.14175 0.0514456 -0.0667538 -0.917986 -0.519605 -0.531508 -0.269747 0.314446 0.515488 -0.323238 -0.217731 0.440144 0.0611875 0.854305 0.285432 0.0523384 -0.744925 0.996089 0.431127 0.0011483 0.218859 0.192963 0.113552 -0.878238 0.156689 0.0297279 0.132054 -0.113209 -0.0416463 0.367835 0.526976 -0.304773 -0.232218 -0.399724 0.396259 -0.374397 -0.795012 -0.0987219 -1.04172 0.33226 0.207373 -0.737812 -0.118674 -0.257844 0.0608439 -0.806139 -0.343262 -0.470044 
0.186447 0.373784 -0.0348027 0.565023 0.0275106 -0.216534 0.0158809 -0.0788442 0.512762 0.088374 0.43808 0.204672 0.367605 0.407077 0.180048 0.410769 0.39708 -0.108063 0.606064 0.441029 0.0357718 0.282983 0.50054 0.506152 0.0587674 -0.176377 0.726532 -0.149485 -0.0637282 -0.168056 -0.211529 0.0881898 -0.163733 -0.12245 0.428396 0.307493 0.0742553 -0.0807464 0.491469 -0.133298 -0.0258462 -0.0530661 0.377247 -0.323612 -0.159448 0.13236 0.116877 -0.14808 -0.196489 -0.0319833 0.324631 0.147216 0.0516539 0.250893 -0.33417 0.0621805 -0.205062 0.290518 0.0277599 0.278711 0.22046 0.363296 -0.206044 0.215455 0.192012 -0.188137 -0.382099 -0.253713 0.239083 -0.307493 0.197325 -0.124043 0.174929 0.381495 -0.274631 0.333982 0.0507343 0.125606 0.257128 0.0419851 0.074577 0.176719 0.1919 0.0842118 0.166065 -0.156016 -0.251535 -0.418299 0.404298 -0.330123 0.433097 -0.136212 -0.0592625 0.291634 -0.109007 -0.467819 -0.111241 0.260001 0.387741 -0.178545 
-0.113999 0.108484 -0.122165 -0.124575 0.248169 0.607328 0.242945 0.517925 -0.064958 -0.0311634 0.580212 0.305841 0.583756 -0.0736459 0.666296 -0.428508 -0.0950676 0.298242 -0.0767646 -0.206045 -0.518208 0.540125 -0.473947 0.0498633 0.768498 -0.675293 -0.197669 1.95413 -0.247435 1.15916 0.0220182 -0.726415 0.408305 0.0189108 0.707438 -0.63785 -0.252938 0.324131 -0.28547 -0.519348 -0.525659 0.376854 -0.781912 0.319589 -0.418699 0.160571 -0.385911 -0.261408 0.785008 0.843705 -0.339296 -0.0517912 0.203457 -0.545061 0.118192 0.366945 0.146494 0.0948148 0.536054 -0.460256 -0.747909 -0.0405297 -0.148035 -0.162599 0.44559 -0.229737 0.650341 0.380884 -0.309369 -0.265083 -0.301706 -0.0276772 -0.263637 -0.00203291 -0.125418 0.00857075 0.304192 -0.515761 -0.374093 0.499758 -0.0237645 -0.823806 -0.308374 -0.601878 -0.283088 0.33395 0.0884889 0.609043 -0.0750492 0.63481 -0.020012 -0.729544 0.0716171 0.534109 -0.408708 0.587734 -0.414984 0.196932 0.513069 1.01015 
-0.0464723 0.150834 0.0486837 -0.190289 0.240661 0.658083 -0.35894 -0.0284735 0.22047 0.0639246 -0.587665 0.332275 0.476497 -0.0156683 -0.169776 -0.178655 -0.303669 -0.0512787 0.208978 -0.205218 0.592328 -0.127668 -0.22493 -0.628998 -0.191093 0.00506618 -0.108937 -0.244459 1.20898 -0.142313 0.691685 -0.0437675 0.392296 0.678949 -0.543657 0.451953 0.461485 -0.237916 -0.0547214 1.05166 0.537857 -0.387609 -0.090166 0.06967 0.340471 -0.0636602 -0.203787 0.489032 0.62137 0.291579 0.41776 -0.10533 0.328378 -0.065344 0.539406 0.437465 0.101308 -0.501501 -0.248596 0.389854 -0.173172 0.000362241 0.0378239 -0.206775 -0.569851 0.293587 -0.455736 -0.518447 0.485856 -0.213135 -0.516492 -0.310872 -0.308974 0.155855 -0.0560062 0.60501 0.18242 0.39065 0.0464916 0.316396 0.170181 -0.0092717 -0.479591 -0.00869601 0.484385 -0.373727 -0.221006 0.358751 -0.0903533 -0.130165 -0.0715534 0.017592 -0.254767 -0.803722 0.428162 0.354213 0.191249 0.0234154 -0.239665 -0.292785 
-0.292782 0.630028 -0.253538 0.00228525 0.0314604 -0.0842862 -0.574141 1.36161 -0.840472 0.38168 0.787703 -0.547459 0.0181382 -0.0763748 0.399782 -0.374741 -0.00314807 0.356997 -0.178602 -0.334218 -0.612626 0.21482 -0.247623 -0.353248 0.539495 0.0820716 -0.248961 1.12644 -0.178009 1.94001 0.134015 0.0695663 0.931425 0.176934 0.621653 0.320752 -0.605891 0.404987 -0.0334711 -0.0485631 -0.103693 0.350975 -0.344566 -0.608473 -0.614105 0.068952 -0.163336 0.585106 0.154968 0.665042 -0.158783 -0.472185 0.326927 -0.436121 -0.358771 0.57689 0.306779 0.24139 0.143581 -0.525493 0.0358195 -0.834723 -0.252621 -0.182482 -0.434608 -0.154614 0.477283 0.259727 -0.236992 0.106229 -0.199282 -0.0690973 -0.803384 0.63958 0.436224 -0.640012 -0.0702984 -0.379887 -0.292842 0.238772 -0.394661 -0.0597624 -0.647611 -0.957695 -0.130317 0.458043 0.348131 0.112491 0.0181758 0.116468 -0.323862 -0.20167 -0.0371553 0.216558 0.305867 0.20897 -0.79075 -0.41349 0.591896 0.475254 
-0.0717511 0.123212 0.914615 -1.05703 0.157956 0.654879 -0.495164 0.300417 -0.549539 0.103549 -0.464719 -0.14506 0.135482 -0.188073 -0.0106608 -0.00791211 -0.281429 -0.284892 0.0347859 0.473705 0.0312016 -0.220533 -0.471353 -0.03022 -0.287231 0.0357602 -0.268217 0.0135147 0.680206 0.158232 1.62567 0.309332 0.756136 0.56086 -0.81682 0.386741 -0.317968 -0.320296 0.560211 0.463753 0.0296182 0.490948 -0.21659 0.516772 0.278726 0.387328 -0.288205 -0.0440454 0.310795 0.22542 -0.479963 0.523005 0.447352 -0.0458262 0.33098 0.460994 0.262158 0.111404 0.279631 0.105006 -0.095451 -0.793919 -0.250528 -1.06624 0.0219334 -0.318901 -0.302349 -0.46469 0.616228 0.198328 -0.282914 -0.626826 -0.155211 -0.676619 0.0457043 0.382685 0.339324 0.43203 0.0342106 0.475677 -0.220945 0.646633 0.203065 -0.31394 0.12771 0.320393 0.495317 0.408864 -0.21123 0.0974402 -0.109608 -0.252785 -0.490841 -0.167821 0.173254 0.430385 0.0774887 0.105833 -0.711544 -0.758899 
0.0187781 0.03468 -0.0553692 0.224108 -0.164056 -0.263889 -0.060257 0.44214 -0.788597 0.418262 -0.479163 -0.675119 -0.48793 0.118341 0.163091 1.02465 0.326975 0.222807 -0.0536869 -0.039084 -0.19296 -0.353653 -0.39088 -0.0099245 -0.359335 0.252624 0.0654465 -0.700973 -0.0213021 0.127728 0.343277 1.77284 0.15391 -0.286795 -0.0833852 0.210542 0.200327 0.27092 0.433122 0.106144 -0.160995 -0.277632 0.541445 -0.433147 -0.0571573 0.394387 0.146224 -0.0636058 0.0890757 -0.301222 -0.202672 -0.161733 -0.0451619 0.574404 0.471249 0.431649 0.216838 0.182162 -0.139864 -1.05099 0.394249 -0.589585 0.49084 -0.212917 -0.114859 -0.201227 -0.160366 0.188631 0.0119935 -0.0367127 0.509305 0.546273 -0.00931229 -0.164162 0.344284 -0.388296 -0.490384 0.779379 0.861796 -0.376838 -0.529711 0.762258 0.485491 0.751994 0.82261 0.966565 0.347918 -0.0782031 0.131999 -0.708607 -0.135977 0.588382 0.0631285 0.17677 1.16657 -0.105187 -0.0365521 -0.14366 -0.396364 -0.496537 
-0.201609 0.144657 -0.0519621 -0.855811 -0.0254 0.313869 -0.412857 0.929023 -0.743551 -0.0762603 0.420052 -0.0740463 0.462185 0.042866 0.276975 -0.45768 -0.00174462 0.0490002 -0.278234 -0.165619 0.140226 -0.293805 0.0262587 0.073049 0.059039 0.503897 -0.220417 0.399806 0.38082 0.955645 0.756139 0.119969 1.54921 0.794237 -0.248662 0.522121 -0.514354 0.150742 0.250038 0.780066 -0.42715 0.173477 -0.156818 -0.29393 0.00769929 -0.119562 0.197637 0.520074 0.629769 0.0334144 0.168466 0.399705 0.212356 0.156573 -0.532317 0.423789 -0.421137 -0.60087 0.512542 0.090422 0.230221 -0.563452 -0.642761 -0.212049 -0.157763 0.289016 0.0953294 -0.136318 0.0872196 0.280247 -0.0513295 -0.350918 -0.234495 -0.130721 -0.0218909 -0.323183 -0.344301 0.0682916 0.219134 -0.0780823 -0.340134 0.376294 -0.325255 -0.204479 -0.119686 0.365982 0.886628 0.551274 -0.0408297 -0.601157 -0.565294 -0.502709 -0.374476 -0.542105 -0.141737 0.692274 -0.84238 -0.0272077 0.271705 0.247536 
-0.062747 -0.0172372 -0.0311675 -0.387019 -0.357843 -0.151805 -0.0841243 0.351365 0.0355366 0.000955016 0.321198 -0.0349861 0.757438 0.337621 -0.109473 -1.24904 0.378803 -0.262988 -0.420286 0.184091 0.596512 -0.506038 -0.356164 -0.481342 -0.259921 0.391958 -0.175644 0.0139016 0.670964 0.204645 0.564355 -0.317246 0.797728 1.78661 -0.974902 -0.293735 -0.167106 -0.0191731 -0.286046 1.00532 0.566616 0.628546 0.22895 -0.271997 -0.345106 -0.156998 0.271605 0.385371 0.861424 -0.319789 -0.363874 -0.0220842 0.41364 -0.0359322 -0.44503 -0.1082 -0.108222 -0.823727 -0.263173 0.890197 0.5993 0.231652 -0.387106 -0.116859 0.0257256 -0.00716278 -0.368068 0.116291 0.837489 0.699918 -0.532678 -0.192918 -0.841022 -0.0197569 0.22613 -0.244761 0.321985 0.417129 0.0495251 0.456305 0.321867 -0.394382 0.101828 0.209194 -0.0388007 -0.313655 0.0213747 -0.109459 -0.37794 0.108 -0.284821 -0.217399 -0.611478 -0.187001 0.187152 0.452332 -0.0544889 0.72765 -0.052275 0.453534 
0.422421 0.580225 -0.300634 0.640565 -0.245562 0.12086 -0.21897 0.234924 0.0703601 0.188117 0.922494 -0.171823 0.0522661 -0.0842648 0.0552447 0.438703 -0.0597042 0.532145 0.32893 -0.68181 -0.387794 1.46593 -0.156719 0.721948 0.139217 0.00499571 0.337236 0.664462 -0.589609 0.611397 -0.851293 -0.151802 -0.283138 -1.01287 2.00546 0.207495 -0.277911 0.59637 0.456239 -0.640467 -0.53787 -0.607064 -0.501532 0.0801358 -0.554035 0.0262089 0.371563 0.426101 -0.496727 0.363995 0.126245 0.0918786 0.642366 -0.103562 0.0780973 0.0710949 -0.423899 0.168867 -0.367535 -0.687964 -0.450816 0.348374 0.384388 0.521337 0.0553149 0.275656 0.205331 -0.00733948 -1.05868 -0.785005 9.74876e-06 -0.266983 0.226008 0.362393 -0.474756 0.0395832 0.195526 0.0583085 0.0981458 -0.231068 -0.244149 -0.319621 -0.128869 -0.602662 0.175138 -0.0613492 -0.46854 -0.269093 -0.0610226 -0.0218174 -0.27478 -0.307807 0.63181 0.178159 -0.299608 -0.960301 -0.657934 -0.591261 0.349294 0.379546 
-0.272297 0.934733 0.255501 -0.708418 -0.0188906 0.41643 -0.283347 0.432018 0.245896 0.378814 -0.339197 -0.124553 -0.206756 -0.0229333 -0.0549715 0.973003 -0.692062 -0.378174 0.512786 -0.396099 -0.451425 0.389065 0.867954 0.121949 -0.473877 0.349836 0.197827 -0.699332 0.387495 0.291991 0.333763 0.123619 0.46914 -0.350208 0.18899 2.25664 -0.912257 0.102306 0.141402 0.425451 0.741347 -0.187278 0.244244 -0.659939 0.498138 -0.374503 -0.234341 0.988133 -0.764439 0.133839 0.510583 -0.227788 0.00144935 0.0439638 -0.683198 0.742856 -0.41954 0.162778 0.154595 0.289678 -0.000596551 -0.302031 -0.199544 0.0820706 -1.25849 0.520939 -0.0192392 -1.01101 0.161465 0.180342 0.463291 -0.576055 0.127138 0.194464 -0.381585 0.588509 -0.54826 -0.177287 -0.566006 -0.317055 0.0763569 1.01678 -0.698556 -0.563177 0.117638 0.215377 -0.0970268 -0.439931 -0.343575 -0.634237 -0.600527 -0.177837 -0.269499 -0.16168 -0.263845 -0.427723 -0.059257 -0.467957 0.330288 -0.944773 
0.366839 -0.801705 -0.156815 1.15559 0.701727 0.0538987 0.0362769 -0.327222 0.122286 -0.114719 -0.32118 0.926636 -0.0281253 -0.158459 0.200758 -0.0515768 -0.0561683 0.791153 0.358031 0.124087 0.689398 -0.522548 -0.133362 -0.61618 0.145275 -0.220299 0.0367996 -0.242209 0.469238 -0.562442 -0.298736 0.185614 -0.495126 -0.151367 -0.224207 -0.840047 1.9959 -0.360806 0.197301 0.207862 -0.0445226 -1.15126 0.136594 -0.0261481 0.672139 -0.344342 0.105462 -0.635829 0.637726 0.188983 0.714124 -0.0696031 -0.369408 0.0883679 0.960595 -0.367012 0.698108 0.201306 -0.476551 0.137542 -0.336266 0.0437875 0.299748 0.0163681 0.0608779 -0.107796 0.468705 0.13079 -0.251482 -0.166158 -0.890223 -0.00782652 -0.0874333 0.351897 0.436731 -0.536498 -0.00463158 0.465492 0.595908 -0.268499 0.534821 -0.0363205 0.078407 0.16756 0.0916551 -0.431887 -0.308909 0.458242 0.762374 -0.0604058 0.849627 0.561982 -0.169515 -0.82015 0.528131 0.0202509 0.0361975 -0.557424 -0.177491 0.283051 
-0.0157352 -0.110841 -0.424624 -0.466132 0.0127873 0.384682 0.526345 0.530969 0.250963 0.315931 0.212427 -0.49319 -0.126268 -0.162955 0.176464 0.336991 0.518337 0.392942 -0.103873 -0.16188 -0.442736 0.236198 0.24649 0.0208838 -0.134524 0.627865 -0.143427 0.309635 -0.255387 0.423211 -0.326288 0.230984 0.144746 -0.0286594 0.624851 0.149292 -0.38603 1.31402 -0.202092 0.327282 0.294899 -0.186597 0.128673 0.20121 -0.437214 -0.299985 0.566934 -0.0949765 -0.0359806 -0.0155577 -0.699981 0.327932 0.338223 -0.24862 -0.182897 -0.169029 -0.678946 -0.650372 0.0298777 -0.485869 -0.454844 -0.193457 0.449232 0.256127 -0.190879 0.34879 0.896425 0.279591 -0.796492 0.0527974 0.304283 0.398648 0.01217 0.33026 -0.0962772 -0.541565 -0.00690379 0.340194 -0.0957277 0.0614789 0.0870496 -0.39984 0.180163 0.322536 0.351494 0.442837 -0.614361 -0.384035 -0.872591 0.159217 -1.1383 -0.0456022 0.119097 0.190247 0.255086 0.00130356 0.386033 -0.420624 0.293363 0.340595 
0.474473 -0.387249 0.968939 -0.208021 -0.0766149 -0.208364 -0.757397 0.275616 -0.0557224 -0.201207 0.885154 -0.0489611 0.0449239 -0.463939 -0.592694 0.515386 0.343841 0.416056 0.64017 0.723723 -0.188284 -0.123961 0.193001 1.26984 -0.607356 -0.176839 0.41454 -0.314214 -0.0864414 -0.0294952 0.539971 0.378936 0.229794 -0.309781 0.470471 0.17414 0.157828 -0.216341 1.97497 0.0853898 -0.484504 -0.163406 -0.710721 -0.13331 -0.340914 0.126838 0.646305 -0.36171 -0.496163 -0.0552604 0.00243342 1.03894 0.769828 0.230892 -0.423197 0.0276237 -0.103876 0.351486 -0.159723 0.13742 -0.0386052 -0.558228 0.0538155 -0.78694 0.0342526 -0.57003 -0.156585 -0.344639 -0.0345164 -0.789682 -0.764422 -0.948533 0.136889 -0.110045 0.0679556 -0.0730043 0.12018 0.924172 0.523427 -0.330072 -0.425739 0.708529 0.113936 -0.0915286 0.0151668 0.0530778 0.012896 -0.013481 0.835053 -0.291424 0.511871 -0.0856854 -0.196162 -0.336247 0.0830624 -0.615084 -0.590206 -0.447111 -0.205072 -0.200475 
-0.185235 -0.244601 -0.354599 -0.724197 0.100744 0.384455 -0.255869 0.155013 0.240107 -0.198315 0.0408157 -0.246333 0.182323 0.162214 -0.66648 -0.405395 0.0921345 0.503446 0.0257212 -0.0258636 0.420603 -0.700985 0.429222 -0.626013 -0.34589 0.60096 -0.21577 -0.553635 1.0144 -0.0501302 0.437969 0.0464155 0.754279 0.976039 -0.631778 0.452645 0.162846 0.307491 0.0798468 1.77819 0.515548 -0.296039 0.00197112 0.0329974 -0.0277056 -0.292787 0.578558 0.408504 0.299796 0.0495097 0.367172 0.362537 0.471783 -0.343112 -0.224778 0.0455414 -0.66463 -1.26552 0.0379491 0.429909 0.0165285 -0.128594 0.0987518 -0.0369853 -0.652551 0.201751 -0.224833 -0.400315 0.364807 -0.277544 -0.311352 -0.0982513 -0.0567806 0.590941 0.0991622 0.0151494 -0.139121 0.565468 -0.136729 0.0592757 -0.151014 -0.215592 -0.658885 0.472278 0.662388 -0.521621 -0.221817 0.133645 -0.225089 -0.504361 -0.682084 0.202829 -0.491986 -1.10589 0.761518 0.638838 0.00284626 -0.13467 -0.32024 0.065877 
-0.0304524 0.131088 0.501305 -0.199665 -0.0429949 -0.0365825 0.377873 0.141068 1.01533 0.557992 -0.442211 -0.124976 -0.244835 -0.253124 -0.565049 0.139167 -0.177698 -0.206877 0.17893 -0.0389013 -0.183594 -0.220336 0.332418 -0.553162 -0.55653 0.0968181 -0.0982976 -0.549925 0.510615 -0.09524 0.013855 -0.210703 -0.442917 0.547358 -0.519161 0.778562 -0.0795182 0.285128 -0.480027 0.525568 1.95943 0.4243 0.154647 -0.495374 0.093866 -0.381581 -0.0154991 0.592252 -0.345681 0.0740731 -0.372484 -0.807442 0.0938453 -0.413762 -0.316377 0.0441393 0.463543 0.0727123 -0.720531 0.768063 0.0106721 0.146742 0.603008 -0.0397654 -1.1953 0.187366 0.346033 -0.0865483 0.538013 0.655448 -0.413966 0.036011 -0.725183 0.388419 0.478497 0.168522 0.0984407 0.0978555 -0.905672 0.162046 0.772787 -0.108097 -0.434156 0.100856 -0.0158929 -0.0655634 -1.01502 -0.76623 -0.550718 0.780948 -0.192747 0.53745 -0.168222 0.297573 0.462521 -0.3297 1.13981 -0.0270315 0.119714 -0.0795852 
-0.0468633 0.215703 0.866069 -0.771493 -0.399846 -0.504907 0.277058 0.0695462 -0.0103699 0.0259541 0.526154 -0.750161 -0.275875 0.243443 -0.70024 -0.575711 -0.0614941 -0.341425 -0.416041 0.491288 -0.369248 -0.238008 0.0996413 0.400261 0.225864 -0.0770122 -0.102866 0.375239 -0.392199 0.38208 0.497837 -0.304689 0.180362 0.63194 -0.565703 -0.127411 -1.1636 -0.173716 -0.136277 -0.263367 0.446952 2.01509 -0.286497 0.276885 -0.337516 0.752259 0.0819689 0.338506 -0.517417 0.0777037 -0.691257 -0.173267 0.0360968 -0.397267 -0.812155 -0.107684 0.32265 0.357233 0.393588 0.399196 0.641872 0.125804 -0.0248671 -0.360873 0.298959 -0.467546 -0.33514 0.436155 0.940581 0.634233 0.34151 0.248501 -0.0444828 -0.407875 0.451482 0.323867 0.140352 -0.69919 -0.949132 0.26556 -0.40445 -0.166145 -0.0659656 0.153373 -0.57431 0.231537 0.693165 -0.164306 -0.07544 0.815002 0.19383 0.13862 0.147943 1.03023 -0.123022 0.359004 0.314815 0.925254 -0.269111 0.292181 
-0.234522 0.63192 -0.902313 0.664992 0.151926 -0.295386 0.288014 -0.0897165 -0.263157 0.363957 -0.314117 -0.141842 -0.23663 1.07951 1.00948 0.0273119 0.224573 -0.139738 0.0975049 0.466249 0.143052 -0.0154548 0.393376 -1.01194 0.123363 0.778675 0.310067 -0.800907 -0.112138 -0.330841 -0.227082 0.497008 -0.167314 0.214963 -0.477552 0.286729 0.106869 0.124173 -0.700973 0.0172624 0.159918 -0.303878 1.96174 -0.21169 0.381148 -0.264069 -0.105122 -0.472358 -0.0839568 -0.410018 0.00107863 -0.157841 -0.585433 0.104989 -0.00707406 -0.391325 -0.269196 0.183137 0.143947 0.157078 0.581854 0.0918503 -0.595531 0.513551 0.452072 -0.279599 -0.0153064 -0.296418 0.225783 1.02854 0.911065 0.21604 0.100024 0.440951 -0.139796 -0.67701 -0.045208 0.0747626 0.259337 0.232983 0.527252 0.447547 1.01349 -0.183941 0.346096 -0.260791 -0.167702 -0.935384 -0.542493 -0.708645 -0.323086 0.0944712 -0.830028 0.332694 0.206192 -0.308386 0.044939 0.069161 -0.211968 -0.870912 
0.284391 -0.122856 0.244065 -0.677163 0.463756 0.889581 -0.00299346 -0.868983 -0.26367 -0.257131 -0.252958 -0.390373 -0.533285 -0.0517376 -0.432987 -0.538173 -0.389767 0.316556 -0.230837 0.302922 0.41934 0.602013 -0.178397 -0.162602 0.515932 0.631815 -0.421844 0.269542 0.0166468 -0.6258 0.475228 -0.508636 -0.335477 -0.317035 0.0730644 -0.648505 -0.0869244 0.165658 -0.154613 0.0172372 -0.521154 0.228453 -0.242742 2.34675 0.419287 0.610307 0.284981 -0.34083 -0.532337 0.41591 -0.426123 1.08815 0.350721 -0.66912 1.01967 -0.828629 -0.313926 -0.266754 0.386869 -0.175071 -0.613251 -0.0167834 0.195393 -0.198898 0.972006 0.129214 -0.0689886 -0.0821444 -0.5428 -0.153245 0.334571 -0.00725677 1.0671 -0.38562 -0.313335 0.424689 0.876044 -0.295078 -0.42994 0.573372 -0.394339 -0.449575 0.489973 -0.302618 0.0229928 -0.703176 0.245015 0.407485 -0.712933 0.745773 -0.478639 0.0642237 0.463146 -0.394379 -0.290297 0.339697 0.577477 -0.311609 -1.24923 -0.519728 
0.239914 -0.117837 0.471385 -0.17129 0.512117 0.611206 0.468696 -0.428108 -0.184475 -0.0292165 -0.756476 0.779376 -0.557599 0.103867 0.228509 0.204082 -1.34527 0.341772 0.0716055 -0.339203 0.38825 -0.00164423 0.271769 -0.356269 0.0385336 0.364888 -0.228167 -0.439234 0.316961 -0.601919 0.266695 -0.103133 -0.0043354 -0.360632 -0.531594 0.539085 0.640875 -0.443253 -0.332705 -0.0139531 0.097598 -0.356436 0.379609 0.4488 1.73153 -0.337947 -0.0909995 0.156215 0.0179772 0.16656 0.735593 -0.0450459 -0.837786 0.029061 0.463348 -0.216039 0.328946 0.437548 0.247968 0.400767 -0.216549 0.202024 -0.0339374 0.127961 -0.0358271 0.41865 0.670823 -0.384863 -0.04203 0.984123 0.101279 -0.361279 0.670183 -0.708557 -0.00196768 -0.0541425 -0.490048 -0.357165 -0.33027 -0.689363 0.554639 0.789324 0.0681688 -0.289398 -0.507393 -0.0498236 0.654321 0.493604 -0.0459967 -0.215908 0.129996 0.220931 -0.313853 -0.47133 -0.509461 0.139367 -0.0185129 -0.424925 -0.626287 -0.282059 
0.129282 0.443032 0.29209 0.111366 -0.0318279 -0.105793 -0.28481 -0.204145 -0.392652 0.0854868 0.0535352 -0.681094 -0.185112 0.257938 -0.42523 -0.0153852 0.0854591 -0.0932572 -0.0694379 0.247115 0.127027 0.263511 -0.323659 0.220717 0.524327 -0.114171 0.132537 0.208933 -0.018274 0.150034 0.444194 0.417308 -0.0626996 -0.103626 0.117547 -0.264659 -0.306709 -0.237127 0.203945 -0.210137 -0.308952 0.802236 -0.196711 0.708717 -0.26905 1.14402 -0.0625817 0.245009 -0.322477 0.330256 -0.1007 0.0193904 0.245678 -0.0569833 0.48482 0.151896 0.319689 0.317406 0.185008 -0.462244 0.333167 -0.0192661 0.197528 -0.21682 0.48975 -0.247826 -0.925658 0.199051 0.377516 -0.446967 0.486966 0.440369 0.328786 -0.0508228 0.127826 0.716973 0.334858 -0.291381 -0.0025307 0.383628 -0.868439 -0.084977 0.0430049 0.186659 0.304117 0.0395566 0.609258 0.233301 0.269656 0.277039 0.36674 0.320374 0.669258 0.350526 0.431502 0.187291 0.164178 0.448741 -0.485999 -0.312264 
0.648495 -0.432686 0.227518 -0.190378 -0.263424 -0.257243 0.20282 0.0944428 0.0856223 -0.107154 1.08685 -0.406195 -0.33119 0.13437 -0.813806 -0.301234 0.163114 0.984003 -0.0727441 0.0555869 0.287476 -0.0074057 0.395949 0.580758 -0.325692 0.95625 0.07937 -0.375234 -0.196085 -0.119939 -0.269024 0.13146 0.216814 0.287292 0.425216 -0.162182 0.10541 0.592107 0.685726 0.623522 0.0194448 0.094261 -0.075449 0.345706 -0.0597876 -0.100267 1.4681 0.285486 -0.425295 -0.263627 -0.0118856 0.738186 0.468772 -0.107886 -0.515745 -0.805829 -0.587856 -0.552166 -0.27616 0.306392 0.272716 0.363727 0.468957 0.284496 0.213345 0.165343 0.373728 0.263519 -0.345794 0.213567 -0.190695 -0.138734 0.41284 0.0490918 0.231751 -0.679801 -0.0903772 0.565551 0.0288494 -0.636004 -0.141581 -0.0804649 0.217704 0.499849 -0.0510837 -0.268995 0.0907883 -0.240861 -0.0563614 -0.115963 -0.401332 0.375125 0.0498588 -0.37721 0.180412 -0.31185 -0.303834 -0.314027 -0.459505 0.676473 
0.265541 0.881374 0.207792 -0.0265401 -0.723865 -0.184141 -0.580441 0.282036 -0.380992 0.303215 0.0989807 -0.450601 -0.0775963 -0.136865 -0.876775 -0.520953 -0.842999 -0.27157 -0.537195 -1.4494 0.598473 0.77719 -0.465141 0.0374814 -0.15221 0.656963 -0.248798 -0.313941 0.433523 0.565293 -0.0880748 -0.14158 0.476041 0.337848 0.416544 0.997081 -0.699091 -0.133014 -0.385499 0.390258 0.563986 0.287588 -0.505896 -0.343315 0.124217 0.144114 0.222276 2.30777 -0.340744 -0.0283799 0.566429 -0.873311 0.373329 0.208162 -0.0777877 0.32647 0.14127 -0.308988 -0.839992 0.227991 0.681305 0.511198 0.298263 0.585238 -0.950176 1.21932 -0.687012 -0.00656171 0.0300861 0.354996 -0.0441454 -0.114348 -0.370218 -0.158277 0.098005 0.5099 -0.198714 -0.398634 -0.319385 -0.487494 -0.327225 0.0880293 -0.906978 -0.311831 -0.223163 -0.187991 0.558788 0.102125 -0.250929 0.0339319 -0.410743 0.278999 0.866217 -0.493186 -0.1251 -0.389734 -0.357111 -0.0744806 0.00353145 0.195116 
-0.153128 -0.353919 -0.450285 0.0496251 -0.107538 0.582622 0.418679 0.287483 -0.10911 -0.0992773 -0.417955 0.913368 1.12637 0.168348 0.965279 -0.294979 -0.0150704 0.00313787 -0.274196 -0.562019 0.255092 -0.22505 -1.08158 -0.445142 -0.180746 -0.602077 -0.246141 0.78354 0.616927 0.18622 0.317831 0.0621669 0.636801 0.864965 -0.455219 -0.704425 0.62553 -0.0229525 -0.468886 0.332616 -0.322882 -0.51727 -0.0664284 -0.483757 0.0370444 -0.372307 -0.437439 -0.289678 2.02104 -0.0506783 -0.0528251 -0.320515 -0.0466304 0.355056 0.528706 0.615629 0.0772489 -0.642473 0.0149375 -0.242706 -0.332386 0.327212 -0.133831 -0.0675948 0.234939 0.014098 0.209578 0.181629 0.266132 0.107166 -0.580452 -0.0321319 -0.662357 -0.600868 -0.207062 -0.16311 -0.145986 0.624527 0.720003 0.0857812 0.509908 -0.428575 0.158285 0.40517 0.309504 0.503384 0.00091375 0.728436 -0.128382 -0.357554 -0.0696151 -0.65259 -0.608249 -0.0894359 0.102246 0.734659 -0.470051 0.654823 0.19521 0.867351 
-0.065804 0.390768 0.0592526 0.0593471 0.577332 0.628295 -0.103851 0.143487 0.0479741 0.0925121 0.207515 0.00480002 -0.191355 0.197405 -0.0166202 0.0273538 -0.689941 0.786522 0.442261 -0.0340442 -0.411518 0.350953 0.0891875 -0.544559 0.616566 -0.391678 -0.0764739 0.847399 0.292297 0.701456 0.237618 -0.32297 0.0456084 -0.311086 0.410665 0.199014 0.181948 0.00263185 -0.0228223 0.0874908 0.102034 0.0830126 -0.387328 0.469651 0.190789 0.285588 -0.270611 0.027847 -0.0455168 1.16564 0.327684 -0.202753 0.16806 -0.906269 0.402798 0.355515 0.349814 0.405475 0.372457 -0.260769 -0.633441 -0.181408 0.204707 -0.242764 -0.1485 -0.445536 0.284354 -0.258801 0.101391 -0.409019 -0.22827 -0.189627 0.132149 0.547588 0.145008 0.320537 0.172312 -0.409482 -0.788342 0.327053 -0.161839 -0.281389 -0.702893 -0.720832 0.217661 -0.240404 -0.0803201 0.33227 0.146236 0.314098 0.180828 0.059441 -0.154581 0.0165318 0.362449 0.316796 -0.174697 -0.302418 -0.276336 0.129281 
-0.0850338 0.125923 -0.536971 0.615772 0.244602 -0.127083 -0.372715 -0.426453 -0.0050727 -0.483122 0.0913341 0.581834 -0.0539974 0.361345 -0.250561 -0.0653732 -0.753747 0.416631 0.293901 -0.5453 0.451356 -0.154296 0.641398 -0.262882 0.375948 -0.176679 0.200651 -0.415091 0.338988 -0.201859 -0.547255 -0.303908 0.101171 -0.43466 0.093426 0.49627 0.6276 -0.761281 -0.0446178 0.325664 -0.424013 -0.765437 -0.0557209 -0.451871 0.680332 -0.224858 -0.0983581 0.543167 -0.127153 0.248195 1.73834 -0.349496 -0.558139 0.0571799 -0.0917654 0.169407 -0.106465 -0.0374023 0.227448 0.274326 0.171412 0.422183 -0.300423 0.591584 -0.382878 0.27474 -0.430653 -0.477873 0.110645 -0.50679 0.0259282 -0.157285 0.517266 0.513937 -0.11979 0.329066 -0.699009 -0.585589 -0.0826396 -0.683624 -0.206836 0.214026 -1.02095 -0.189409 -0.0404065 -0.734126 0.488544 0.518197 0.939181 -0.943641 0.577309 0.185413 0.00538142 -0.976299 -0.160024 0.158385 -0.847648 -0.247438 0.141072 0.0944014 
0.139172 -0.649189 0.221938 -0.944352 0.301386 0.396542 -0.342067 -0.192722 -0.0748114 -0.510828 0.429082 -0.0512054 0.0634043 -0.386703 -0.144158 -0.139113 0.614114 0.073685 0.140556 0.919818 0.168454 -0.160662 0.548133 0.766022 -0.153297 0.570329 0.0158241 -0.134999 -0.191513 -0.522673 0.448301 -0.270382 0.324997 -0.100283 0.0516467 -0.249514 -0.16354 0.25922 0.984479 0.313616 -0.866383 -0.25486 -0.222053 1.05499 -0.107719 -0.11218 0.644301 -0.903986 -0.402255 -0.289655 -0.356908 1.80331 0.462742 0.00351542 -0.261426 -0.686402 -0.961847 -0.538449 0.525709 0.250767 -0.389861 -0.579956 -0.467359 -0.44162 0.679593 -0.0480255 0.15908 -0.316531 -0.627073 -0.44288 -0.0398839 -0.55461 0.734848 -0.172701 -0.456717 -0.212719 0.420196 0.427294 0.362159 0.196587 -0.276103 0.186465 0.583152 -0.059359 -0.140735 -0.349637 0.0579124 0.124427 -0.131558 -0.130037 -0.435195 -0.471187 -0.167096 -0.681469 -0.597243 0.102312 -0.038165 -0.486887 -0.248231 -0.453439 
0.149512 0.201199 0.171871 -0.359582 -0.566295 0.115425 -0.789523 0.154583 -0.052991 -0.0185614 0.565841 -0.5792 0.285763 -0.246675 -0.639179 -0.339488 0.16836 0.130605 0.00848702 -0.125048 -0.137901 0.587037 -0.722226 0.214637 -0.62208 0.0530785 -0.124446 0.0755424 0.197487 0.231732 0.32794 -0.198518 0.092941 0.290734 0.557427 -0.0649842 -0.508052 0.224803 0.670657 0.378155 -0.00980306 -0.0902033 -0.694352 0.272853 -0.945167 0.0694009 0.33018 0.297947 -0.173078 0.0364507 -0.610259 0.418034 1.32061 -0.327363 0.0461722 0.0851732 -0.386407 -0.48198 -0.6234 -0.115388 -0.19606 -0.101863 0.273227 -0.408574 -0.111223 -0.242103 -0.530832 -0.275975 -0.0795573 -0.696851 -0.710591 -0.708445 -0.409586 0.0405335 -0.205739 0.166616 0.731193 0.833803 0.0584205 0.408051 -0.307279 -0.401885 -0.0333023 -0.415065 0.478481 -0.412278 -0.661923 -0.321536 -0.428475 0.202798 -0.492291 -0.315067 -0.0924982 -0.232909 0.273173 -0.527827 -0.306821 -0.149794 -0.500159 -0.0713297 
0.0529895 -0.216334 0.0156165 0.188958 -0.419574 -0.417017 -0.242287 0.000764582 -0.302943 -0.0421605 -0.535368 0.344831 0.417383 -0.518145 0.318051 0.321648 0.522562 -1.05049 -0.316045 -0.287408 0.507738 -0.127758 -0.34823 0.74217 -0.442892 0.0217366 0.133756 -0.614013 -0.137272 -0.472353 -0.106275 0.48001 0.0961204 -0.0998753 -0.129539 0.0364929 0.0086866 -0.303077 0.190684 -0.377777 -0.458448 -0.464604 0.0550322 -0.688025 -0.0193568 -0.174298 -0.187515 0.191743 0.287571 -0.978916 0.0640228 0.0177708 -0.268401 1.2707 -0.00699696 0.152568 -0.0381672 -0.107748 -0.382295 -0.0426163 0.470073 -0.04814 -0.32082 0.159332 -0.0530169 0.730672 -0.440116 0.150717 -0.296185 0.0318768 0.145829 0.106217 -0.208822 -0.670275 -0.278672 0.0358652 -0.289589 0.264659 1.1486 -0.398576 0.0107502 0.581974 0.433938 0.479275 -0.252959 0.517209 0.355068 0.144189 0.245161 -0.466437 0.137749 -0.214185 0.503179 -0.221485 -0.531493 -0.312714 -0.0378189 0.133204 0.637759 -0.30416 
0.141275 0.074547 -0.210762 0.603439 0.322666 0.677998 -0.334682 -0.522585 -0.659711 0.183047 -1.21133 0.0933725 -0.208696 -0.249724 0.290235 0.0272949 -0.478552 0.0654773 -0.20242 -0.543104 0.536008 0.568659 -1.31895 -0.886292 0.220819 -0.0867345 -0.441578 0.0589684 0.477206 -0.385275 0.280259 0.386583 -0.583041 -0.499245 0.061849 -0.680941 0.890642 -0.227626 -0.453677 -0.249715 -0.351334 -0.869764 -0.0473024 1.01049 0.424659 0.377234 -0.585646 -0.084479 0.470949 0.33988 -0.0751942 -0.237443 0.114863 0.0027313 1.99953 0.0812397 0.656392 0.135946 -0.513046 -0.876821 -0.555497 -0.149861 0.483625 -0.157759 0.282995 0.214556 -0.28356 0.00656125 -0.486304 -0.332156 -0.174567 0.1867 0.0228188 -0.336842 -0.0705288 0.292582 0.58259 0.252208 0.512437 0.404727 -0.0662827 -0.189815 0.36532 -0.290343 0.569656 -0.164875 -0.106309 0.564554 -0.315863 0.318695 0.0317671 0.287473 0.469199 -0.464215 0.499218 0.00740002 0.361523 -0.409214 -0.885479 -0.609683 
-0.572045 0.397853 -0.115955 -0.321371 -0.314672 0.292515 -0.284273 0.330705 -0.105463 0.0286964 -0.55082 0.0557124 0.381497 -0.0932205 0.235371 0.727401 -0.389219 -0.379313 0.115 -0.636148 -0.70826 0.0253266 -0.510375 -0.086932 -0.357171 -0.988942 -0.096204 0.256745 0.32429 0.499411 0.359297 0.296008 0.322089 -0.213391 0.00387094 0.694138 -0.48794 -0.264734 -0.053832 -0.0303713 -0.0417938 -0.216269 -0.482529 -0.888782 -0.305705 -0.0066664 -0.926706 0.268803 0.506896 0.241622 0.135002 -0.713394 0.102888 0.111321 0.0302641 1.31258 0.0926355 0.0417141 0.173425 -0.664575 -0.272778 -0.255869 0.0216966 -0.33956 -0.725322 -0.22626 -0.425421 -0.411999 0.455875 -0.676401 -0.0358916 -0.143338 -0.425429 -0.198554 -0.262025 0.676099 -0.421612 0.101667 -0.00555249 0.0121458 -0.268876 0.168289 -0.727043 -0.0914395 0.539033 0.639209 -0.0832783 0.282162 0.104647 -0.50519 -0.0322649 -0.427122 -0.253006 0.221513 0.27735 0.224347 -0.405235 0.305902 0.256311 -0.154311 
0.0724055 -0.0770112 0.670239 0.683058 0.172584 -0.423644 -0.349758 0.122034 -0.473832 0.299705 -0.518036 0.148055 -0.436393 -0.525463 -0.0501501 -0.182436 -0.441248 -0.154255 -0.148706 -0.0565631 0.0282736 -0.264203 -0.741247 -0.496155 0.170036 -0.538098 -0.310983 0.0887577 0.0405958 0.281762 0.212925 0.133661 -0.470374 -0.160949 -0.438659 -0.415795 0.629643 -0.722187 -0.132868 -0.688079 0.430074 0.266528 -0.307937 -0.321615 0.291745 0.213591 -0.65627 0.136066 0.02098 0.288384 -0.0884064 -0.936376 -0.316228 -0.0269511 0.65788 0.145099 1.55825 1.10987 -0.610457 -0.0338747 0.130858 -0.449426 0.236565 -0.505711 -0.325375 -0.27295 0.118128 0.374085 0.243393 0.423525 -0.695275 0.0121912 -0.760299 -0.169377 0.829578 -0.190566 0.161239 -0.295946 -0.119157 0.0552129 0.186244 0.257521 -0.151777 -0.524791 -0.498111 0.188517 0.199008 0.23909 0.514027 0.789889 0.947566 0.573711 0.233343 0.209285 0.33155 -0.162073 0.268268 -0.212101 -0.141389 -0.0906529 
0.0959377 0.385892 0.733697 0.690276 0.192852 -0.455723 -0.234459 0.0180205 -0.367424 0.296846 -0.047585 0.120614 -0.651013 -0.0757785 0.308147 0.447255 -0.585243 -0.0725274 0.374097 0.373754 -0.575046 0.261934 -0.101191 0.042884 0.181228 -0.560239 0.174359 0.0268404 -0.572451 0.206135 0.0519329 0.0887457 -0.660344 -0.886693 0.143869 0.156285 0.122603 -0.703851 0.312256 -1.29921 0.0290045 0.290874 0.134158 -0.284681 0.390108 0.201069 -0.630818 -0.32443 -0.70898 0.333807 -0.0295815 -0.523216 -0.422039 -0.10677 0.127196 0.0839394 1.09963 1.71871 -0.110339 -0.0570988 0.0740698 -0.386099 -0.114939 -0.433586 0.0811373 -0.739326 0.234489 -0.100804 0.171311 0.426759 -0.125899 -0.417501 -0.127069 -0.157163 0.372876 -0.158565 0.070659 -0.439716 -0.311078 -0.0793247 0.190289 0.75758 0.243915 -1.00367 -0.568299 0.185825 0.16666 -0.298214 0.531605 0.374035 0.977144 0.206163 -0.156738 0.766667 -0.195289 -0.729414 -0.130777 -0.302368 -0.166719 -0.565856 
-0.715417 -0.208188 -0.418656 -0.95199 0.403318 0.351984 0.316623 -0.171585 -0.141561 -0.584438 -0.0308389 -0.0264749 -0.18679 0.375827 0.34745 0.197566 -0.152179 0.100525 0.0231387 0.46354 -0.710196 -0.595915 0.846201 -0.0670382 0.498098 -0.335274 -0.125196 0.431283 -0.356343 0.0715297 0.183363 -0.270076 0.41627 -0.362935 -0.42933 0.111305 -0.592051 -0.0603978 -0.23575 -0.0325349 -0.801035 0.290431 0.0581721 0.332146 0.163732 0.0318747 -0.391609 -0.89223 -0.0883661 0.263992 0.198472 0.504146 -0.600256 -0.418114 -0.558593 0.178854 -0.657492 -0.147136 1.55272 -0.301043 -0.348883 -0.403181 -0.631286 -0.180262 0.402152 -0.552671 0.215311 -0.281786 0.164492 -0.299841 0.832009 0.190779 0.849365 0.00742642 -0.333684 0.122297 -0.515274 -0.742685 -0.534927 0.0726853 -0.457107 0.0380833 -0.297944 0.022205 -0.0270054 0.162364 0.587583 0.428055 0.0992097 -0.531596 -0.19825 -0.449078 -0.524214 0.136629 -0.360373 1.04236 -0.302145 0.21639 0.0220691 -0.123464 
0.146173 -0.164815 0.509704 -0.191067 0.0444072 -0.303383 -0.165165 -0.281756 0.730873 -0.236688 0.358586 0.616999 0.339687 -0.103076 -0.402761 -0.908967 -0.0306626 -0.482996 0.16738 0.545572 0.612126 -0.340346 0.736563 0.09465 -0.24791 0.281466 0.158304 -0.532479 0.314655 -0.564996 0.0412864 -1.14865 0.0266989 0.822983 -0.717211 0.278937 0.0545906 -0.543596 0.0939415 0.391973 0.720107 0.328588 0.103851 -0.197247 0.349079 -0.582829 0.223491 0.208301 -0.313462 -0.336686 0.277899 0.261752 -0.0596957 -0.0458868 -0.88982 -0.626598 -0.0483614 -0.0613473 -0.268495 1.75344 0.374995 0.349216 -0.650631 0.030325 -0.220311 0.205167 -0.0687741 -0.364346 0.494267 0.683241 -0.649248 -0.77055 -0.25731 0.118957 0.0289572 0.0249588 0.280734 -0.208779 -0.439898 0.0720391 0.762729 0.113604 -0.111237 -0.410996 -0.898224 -0.94136 -0.225372 -0.36671 0.104054 0.319631 0.346631 -0.168552 -0.449428 -0.441302 -0.869111 -0.255509 0.196667 0.100964 0.280519 -0.0509658 
-0.0609364 0.31666 -0.160716 0.378608 -0.680849 -1.21631 -0.506966 -0.00456846 -0.644191 -0.0519705 0.329686 -0.584022 -0.196688 0.394531 -0.386075 -0.674087 0.23407 -0.501135 -0.523998 0.00726972 0.406541 -0.345648 -0.0891538 -0.0384769 -0.103491 0.45872 0.0762641 -0.84392 -0.272159 -0.0274719 -0.182959 0.272796 0.14271 0.508298 -0.503851 -0.0351264 -0.443006 -0.53636 -0.105872 -0.0451958 -0.0610725 0.547475 0.504839 -0.659215 -0.292026 0.188794 0.166027 0.637826 -0.42693 -0.733146 0.151196 -0.402664 -0.164156 0.443014 -0.592285 -0.258589 0.0925826 0.0460329 -0.340123 0.351206 1.31134 0.143504 -0.421517 0.277994 0.0836118 -0.021229 -0.923377 0.208455 0.527545 0.546441 0.317833 0.159093 -0.291395 0.0002619 0.319546 -0.320005 -0.181847 -0.18525 0.264528 -0.230892 -0.346133 0.32131 0.164526 0.0945923 -0.257515 -0.259753 0.654413 -0.424407 0.267902 -0.394895 0.220817 0.319229 0.0722571 0.0363815 0.0623039 -0.293573 -0.421353 0.416455 -0.0890004 -0.200628 
0.396681 0.217369 -0.222547 0.460844 -0.820528 -0.107123 0.868432 -0.974066 0.828038 -0.286686 0.360728 0.465395 0.375265 0.922514 -0.381547 -0.274592 -0.776215 0.272864 -0.0757958 -0.8681 0.239806 0.779725 -0.332236 0.21527 -0.353683 -0.332057 0.267049 -0.0885918 -0.0506758 -0.850065 -0.833478 -0.663088 -0.603014 0.188599 0.343287 -0.288611 -0.0150036 -0.227024 -0.577546 -0.142369 0.122947 0.0793563 0.0627839 -0.0147982 0.174496 -0.11569 0.304987 0.515668 0.280617 -0.233164 0.449916 -0.54481 -0.0220098 -0.0272498 -0.138699 -0.193731 -0.439752 -0.366186 -0.346472 0.373377 0.191453 1.99129 0.432902 0.917808 0.446508 0.0796602 -0.486522 -0.0372452 0.51109 0.141404 0.073634 -0.0986174 0.414156 -0.571415 -0.531445 0.579294 -0.147621 0.0407105 -0.325866 -0.558622 0.439087 -0.729253 0.0501406 0.513112 0.103339 -0.562744 -0.27141 -0.255096 -0.223769 -0.229059 0.113983 -0.181817 -0.120396 0.426435 -0.428071 -0.420038 -0.414432 1.00529 -0.498285 0.923856 
0.280056 -0.433931 0.332818 -0.0946523 -0.416119 0.0702268 0.476577 -0.294192 0.328516 0.0849833 -0.228396 -0.408709 -0.650392 -0.282558 -0.933415 0.574255 -0.52196 0.759167 -0.129436 -0.731417 -0.434692 0.124749 -0.534385 0.0379216 -0.626686 -0.258521 -0.334262 -0.228069 -0.0451854 -0.299934 -0.322058 0.385366 -0.714295 -0.46213 0.34733 -0.218096 0.208986 0.383694 0.0025262 0.0530054 0.547242 -0.103286 -0.656569 0.165407 -0.0934361 0.0691325 0.378246 0.270762 -0.212397 0.12098 -0.304661 -0.464185 0.321109 -0.331901 0.462815 0.051863 0.214268 -0.126998 -0.606549 -0.658442 -0.405539 0.40093 1.40056 -0.0132551 -0.458483 -0.0658158 0.280634 0.308153 -0.144688 -0.347293 -0.303544 0.294737 0.0963537 -0.331632 0.312459 0.0861145 -0.187298 0.508688 -0.371602 -0.545458 -0.112997 -0.412704 -0.289653 0.680231 0.489529 0.280844 -0.530201 -0.039747 -0.23941 0.365575 -0.204977 0.657202 0.338436 0.186001 0.802181 -0.265283 0.3579 -0.148993 -0.767861 0.534927 
-0.0292339 0.264097 -0.970333 0.578353 -0.329717 -0.318716 0.307851 -0.377442 0.164002 -0.118331 0.124506 0.0522705 -0.0406637 0.432177 0.0562838 -0.259206 -0.149986 0.00508452 -0.292908 -0.797668 0.283572 0.430723 0.230766 -0.231916 0.16614 0.383387 0.0712698 -0.2586 -0.305751 -0.245762 -1.15374 -0.334359 -0.299549 -0.20785 0.468312 0.0475517 -0.0903611 0.174622 -0.854196 -0.0986986 -0.111499 -0.455258 0.436546 -0.244851 0.0524956 -0.361182 0.177818 0.541771 -0.162128 -0.342458 0.571379 -0.454412 -0.37666 0.132284 -0.194536 -0.325361 -0.543975 -0.461612 -0.171491 0.00654769 0.278005 0.86987 -0.029222 1.11303 -0.00589965 0.640412 -0.0986643 0.113156 -0.410056 0.142024 0.550535 0.398651 0.275454 0.280737 -0.336922 -0.117643 -0.339349 -0.448574 -0.0399182 -0.420074 0.143841 -0.416661 -0.145951 0.130924 -0.0313997 -0.442477 -0.0936602 -0.273072 -0.247264 -0.417897 -0.354374 0.0292977 0.319669 -0.136736 -0.36805 -0.253855 -0.264081 0.0400224 0.305175 0.36001 
0.194844 -0.0845204 -0.24776 0.236963 -0.132603 -0.112346 0.211332 -0.613057 -0.525026 -0.396456 0.469436 0.00432288 0.0869536 0.716722 0.458892 -0.61043 0.116652 0.180094 -0.248105 0.502453 0.162879 0.347263 -0.468485 0.154954 0.363978 0.0471704 0.090567 0.392329 -0.626088 -0.455148 -0.0228236 -0.193561 -0.202524 -0.0225256 0.0450303 -1.25027 -0.00311152 -0.229644 0.00973624 -0.671524 -1.2243 0.247314 0.417808 0.968793 -0.0685529 0.388127 0.149407 -0.950903 0.183146 -0.205454 -0.360343 0.70954 -0.0365684 -0.0373249 0.288958 -0.668383 -0.320899 0.0958514 0.453662 -0.201349 0.126363 0.441309 -0.43171 0.0368402 1.68104 -0.665804 -0.265412 0.184585 -0.0273753 0.163244 0.373707 -0.0818119 0.626334 -0.578131 -0.366336 -0.291466 0.457655 0.0169726 0.368378 0.238121 -0.149415 -0.286753 1.15136 -0.0987159 -0.0915152 -0.340153 0.466336 0.038419 -0.0973403 -0.102074 0.166124 -0.413198 -0.291755 0.414505 -0.45779 0.0369116 -0.52638 0.523546 -0.761987 0.0706814 
0.164255 -0.0122226 -0.130721 -0.238348 -0.0244117 0.306249 -0.131238 0.045707 -0.000267043 0.129243 -0.67362 0.250126 0.191993 -0.912808 -0.0909183 -0.178125 0.0674021 -0.870892 -0.554756 -0.984164 0.948728 0.403841 0.0443609 0.327287 0.0364545 0.848566 -0.281305 -0.27472 0.245628 -0.166878 -0.355381 -0.271651 0.252532 -0.0471368 0.273648 0.537438 -0.163508 0.318302 -0.586269 0.191055 0.16665 -0.510914 -0.305586 0.134278 0.394201 -0.341171 0.109682 1.22687 -0.0294179 -0.494213 0.305552 -0.00980098 -0.159171 0.754641 0.228797 -0.161043 -0.260197 -0.716335 -0.492884 0.232407 0.0297991 0.0827391 -0.0307657 0.69143 -0.657527 1.94031 0.0788449 0.202312 -1.02477 0.238857 0.215578 0.327469 -0.0228616 -0.244266 -0.31477 0.279611 -0.116008 -0.441125 0.358168 -0.28844 0.118921 0.0545488 -0.307521 0.145416 -0.528553 0.0708636 0.251122 0.404313 -0.456693 0.209347 -0.670746 -0.0171808 1.26307 -0.897528 -0.843303 -0.036746 0.547088 -0.507692 0.852911 -0.071916 
-0.000771068 -0.876322 0.16567 -0.502901 0.49701 0.4352 0.87777 0.596521 0.0942079 0.100797 0.0683838 0.481898 -0.601354 -0.614042 0.581892 0.293011 -0.393238 0.861747 -0.0494904 -0.125785 -0.792483 -0.32152 0.416901 -0.185253 -0.161612 0.229019 -0.52594 0.554685 -0.554368 0.414347 -0.389501 -0.281463 0.00817339 -0.458715 0.152651 -0.0534137 0.362321 0.815264 -0.223496 -0.286202 0.274644 -0.429181 -0.0919665 -0.114597 0.595702 -1.06968 0.267395 -0.730135 0.11539 0.185004 -0.450513 0.146632 -0.498573 -0.466819 -0.319991 -0.410877 0.0802081 0.206808 0.224426 -0.0922071 -0.923021 -0.534116 0.265012 -0.0983199 -0.307808 0.0281723 2.29835 0.318226 -0.990868 0.901424 -0.441784 -0.190105 -0.0669029 -0.166863 0.348374 -1.41675 -0.464633 -0.0163225 -0.535211 -0.573134 0.86424 0.106596 0.0844349 -0.347834 -0.706827 0.63306 -0.345428 0.0340551 -0.450635 0.398705 -0.546529 -0.0514558 -0.553953 0.110598 -0.358182 0.0978267 0.0725475 -1.02102 0.281112 0.756554 
0.0229401 -0.613738 -0.112142 0.18307 -0.260928 -0.626003 0.243641 0.132487 -0.326877 -0.0610651 0.117214 -0.304834 -0.261877 -0.434016 -0.188521 -0.451036 0.447664 -0.0304489 -0.73178 -0.225099 0.0109913 -0.398469 -0.415125 0.0899582 0.179901 0.017075 -0.376404 0.306377 -0.595929 0.21794 -0.530693 0.0886824 -0.202325 0.0467938 -0.0388704 -1.02403 0.0455545 0.21958 -0.390402 -0.440535 -0.136788 0.363263 -0.351929 -0.106604 -0.438835 0.0761818 0.178335 -0.0285356 0.108589 -0.337002 -0.476584 -0.30783 -0.222567 0.145163 -0.00872136 -0.376306 0.357314 -0.107336 -0.251522 -0.36663 0.22996 -0.0636898 0.31368 0.13465 0.163339 0.172789 0.339375 0.993335 -0.413774 0.209902 -0.0528851 0.740564 -0.324256 -0.16807 0.512709 -0.637011 -0.0918402 -0.246879 0.145429 -0.181859 -0.174226 -0.490788 0.0838994 0.487572 -0.414198 0.376419 0.253354 0.178552 0.0727749 0.546019 0.041975 0.349956 0.644848 0.24634 0.0986776 0.213128 0.207796 0.066852 0.264996 0.767988 
-0.342237 0.279168 0.29342 -0.225541 -0.478886 -0.382433 0.0427119 -0.357929 0.271079 -0.212383 -0.0138337 -0.0779598 0.184801 0.83745 -0.441912 -0.206416 -0.473319 -0.1489 0.122578 0.293192 -0.295874 -0.561256 -0.131941 -0.379743 -0.396012 -0.775233 0.121347 -0.378921 0.413329 -0.273824 0.55518 -0.0829994 0.026168 0.772947 -1.08525 0.153395 -0.331763 -0.851548 -0.0753238 0.329543 0.492729 0.872644 0.175227 -0.562304 -0.0910469 0.259602 -0.426023 0.0130675 0.198048 0.0281453 0.116889 -0.613417 -0.0211938 -0.296785 -0.496632 0.496524 0.231578 0.169734 0.199712 0.496939 0.554005 0.4896 -0.134206 -0.383607 -0.0436663 -1.04934 -0.964764 -0.408819 1.71349 0.11338 -0.106256 -0.273319 -0.234878 -0.214836 0.147792 0.605475 -0.149029 0.0864863 -0.548977 0.136016 -0.0218454 0.0194438 -0.282963 0.220692 0.306092 -0.236642 0.0789696 -0.234795 0.270216 -0.304282 0.565307 -0.00175287 -0.961455 0.532399 0.454026 0.261555 -0.252887 1.15688 -0.665121 -0.0633911 
0.177328 0.167991 0.412139 -0.191055 -0.209352 -0.250304 0.587612 0.318027 -0.58262 0.421487 -0.149063 0.106463 -0.505986 0.293685 0.538754 -0.669277 -0.719528 -0.114536 -0.618433 -0.175826 0.166427 -0.0108508 -0.201109 -0.563165 -0.231089 0.982626 -0.408385 -0.31779 -0.268818 0.0862421 0.154125 -0.114861 0.23604 0.652221 -0.794736 0.189116 -0.229593 0.0145861 -0.813644 -0.295963 0.627008 0.583141 0.994825 -0.155905 0.95195 -0.548036 0.150183 0.354822 0.0559268 -0.46542 -0.483701 -0.412379 -0.621642 0.0481224 -0.325639 -0.618908 0.428555 0.442026 -0.247776 0.702757 0.589746 0.13676 -0.319967 0.185318 0.163798 0.231134 0.944373 0.231702 0.130225 2.31806 0.0900082 -0.28655 -0.364199 -0.806278 0.401409 -1.13764 -0.176562 -0.212743 -0.372064 -0.377476 0.94519 0.6161 0.840656 -0.524121 -0.96278 0.242908 0.534088 -0.453986 -0.822115 0.265336 -0.401318 0.0840716 -0.656403 0.440775 -0.561312 -0.261248 -0.0211305 -0.0394824 -0.400328 0.0550109 
-0.515834 0.53406 -0.798394 -0.287763 -0.089259 -0.113778 0.376462 -0.376142 -0.314175 -0.0330929 -0.483135 -0.7004 -0.521994 0.614135 0.309959 0.501212 0.10266 -0.505033 -0.302268 -0.0463135 -0.313533 0.117831 0.58449 -0.0989084 0.42761 0.398311 0.0770806 -0.373766 -0.591527 -0.238621 -0.34647 0.411804 -0.114889 -0.599728 -0.0290737 0.452713 -0.973011 0.246719 -0.807737 -0.349124 -0.461759 0.271066 0.858001 0.312559 0.0497544 0.366545 -0.273432 -0.0636718 -0.651044 -0.304023 0.0296642 -0.0287355 -0.654736 0.142722 -0.187403 0.00224888 -0.709598 -0.129983 0.864721 -0.649084 0.341785 0.0496368 -0.29557 0.574476 0.354908 0.188502 -0.418187 -0.0504377 -0.108764 0.0706557 1.75967 0.889702 0.897583 0.0187044 -0.467196 0.305969 -0.445902 -0.78203 -0.149348 0.0077366 -0.572346 0.166303 0.24649 0.370794 0.29563 0.254783 0.514794 -0.267484 -0.455973 -0.583464 -0.599425 0.0193052 0.326886 0.48708 -0.171411 0.285106 0.219155 0.307994 0.00455995 -0.723044 
-0.438382 -0.316153 -0.806134 0.183693 0.0622348 -0.417862 0.448476 -0.195103 -0.035046 -0.0154513 -0.613374 -0.58017 -0.402192 -0.0796539 -0.0939613 0.138639 0.67807 -0.306953 -0.566948 -0.152667 -0.0249874 -0.618497 0.185022 -0.375812 0.537509 0.00130535 -0.211314 -0.0667635 -0.352935 -0.0754637 -0.657409 0.481746 -0.381505 -0.226995 -0.263094 -0.55366 -0.0576418 0.374058 -0.958875 -0.103051 0.0211914 0.21103 0.19595 0.00370419 -0.379831 0.352921 -0.188498 -0.100901 -0.0697508 -0.232408 -0.120576 -0.510488 -0.619617 0.136083 0.206837 -0.0722246 0.0308412 -0.388612 0.256464 -0.737414 0.216018 -0.0896416 0.335684 0.455565 -0.0676378 0.333366 -0.133536 0.775985 -0.242854 -0.27293 0.922675 1.54757 0.14411 0.402371 0.280725 0.00892619 -0.355298 -0.621716 0.0482794 0.086671 -0.499288 -0.563729 -0.206316 1.03269 0.269508 0.379559 0.145485 0.134028 -0.0150577 0.152847 -0.165021 0.610341 0.888139 0.234255 0.550224 0.675918 0.804792 0.252406 0.436259 0.151048 
0.0208881 -0.223787 -0.120025 -0.516926 0.15129 0.328312 0.398848 -0.938938 0.047107 -0.579762 -0.0321075 -0.101782 -0.659319 0.390695 -0.396277 0.435895 -0.586113 0.491749 0.0967224 0.0393299 -0.151952 0.12387 0.716263 0.376147 0.16595 0.166284 0.0349259 -0.355455 -0.403768 -0.862482 -0.238526 -0.126572 -0.317814 -0.927831 0.177166 0.0968017 -0.18998 -0.0651526 0.0738148 -0.114312 -0.792735 -0.134686 0.0272012 1.02533 0.598899 0.188605 0.310344 -0.409503 -0.752708 0.0366373 0.501243 0.726238 -0.373489 -0.231687 -0.00977521 -0.407047 -0.794381 -0.150913 0.862318 -0.276905 -0.287202 0.3704 0.084569 0.279636 0.587777 -0.0696964 -0.0630651 -0.341567 -0.257145 -0.403311 0.877824 0.0913784 1.54027 -0.331329 -0.504924 0.387123 -0.378653 -0.406792 -0.370662 -0.501156 -0.486746 0.111882 0.0331736 0.30196 0.102609 -0.317893 0.468148 0.248171 0.0165811 -0.519197 -0.179692 0.0505249 0.0775468 -0.207986 -0.402063 0.21885 -0.162707 -0.0937878 -0.754086 -0.268295 
-0.50643 0.309043 -1.16545 0.798759 0.616964 -0.460146 -0.72394 0.280509 0.322889 0.0390136 0.517439 -0.465969 -0.141663 0.139808 -0.0825047 -0.31677 0.842861 0.294031 0.475983 0.560474 -0.113289 -0.373425 1.05858 -0.962685 0.721091 0.159712 0.260815 -0.074528 0.0803842 0.599805 -0.74061 -0.262099 -0.194716 -0.0872428 0.332874 0.18345 0.268673 0.27226 -0.153797 0.552733 0.34019 -0.478756 0.387451 -0.408068 -0.760518 -0.17168 -0.0340806 -0.178239 -0.671896 0.471399 0.517237 -0.161988 0.0959534 -0.673818 -0.350113 -0.160849 -0.184136 -0.161683 0.0397023 0.118684 0.0237781 -0.595848 -0.324094 0.304242 -0.597366 -0.271778 -0.143702 -0.166058 -0.217779 -0.826066 0.0182686 0.368963 -0.312006 2.13599 0.288213 -0.298071 0.227662 -0.429696 -0.319201 0.671027 -0.224693 -0.520974 -0.814583 -0.517272 0.424621 -0.947474 -0.842805 -0.565312 0.370817 -0.0776883 0.0376653 0.379869 -0.00724635 -0.498253 0.71299 0.0172497 0.138037 -0.672051 0.776957 -0.305086 
-0.0663568 -0.472447 0.266956 0.149149 0.0326674 -0.697271 -0.246687 0.305521 -0.454195 0.0374656 0.110444 -0.430553 -0.730566 -0.347581 -0.546854 -0.409176 -0.0454442 0.40047 -0.331963 0.122791 -0.143452 -0.83752 -0.0870949 -0.493171 0.0152389 0.057796 -0.417815 -0.220417 -0.153981 0.373945 -0.0407916 0.223844 -0.10839 0.13614 -0.52678 -0.415103 0.331003 -0.176781 0.00170039 0.0384499 0.407764 0.358098 -0.2158 -0.358287 -0.0764324 -0.0155355 0.126075 0.0555386 -0.300594 0.0463144 -0.138994 -0.468509 -0.172823 -0.304719 -0.106304 -0.246825 0.792316 0.345851 -0.323912 0.00618082 0.320558 -0.578383 0.297493 -0.335922 -0.408075 -0.364786 0.349031 0.492216 0.122344 0.359117 -0.490136 0.224812 -0.508106 0.265709 0.984747 -0.780427 -0.160302 -0.121128 -0.302378 -0.201908 -0.134951 0.0512 -0.331071 -0.0438164 -0.320108 0.0406236 0.198197 0.0139827 0.379291 0.415693 0.337035 0.758948 -0.00387654 -0.0928869 0.664907 0.122552 0.0798654 -0.370187 -0.221963 0.268009 
-0.178205 0.528417 0.311724 -0.418727 -0.154942 0.553215 -0.172598 -0.852319 0.799978 -0.208418 -0.712939 0.134967 0.497793 -0.0573432 -0.596021 0.482574 -0.356408 -0.910805 0.316172 -0.259207 0.0849307 0.542717 -0.0352251 0.466297 -0.0209386 -0.879319 0.245473 -0.0317537 0.56171 -0.647617 0.350864 -0.454062 -0.355007 -0.280076 0.0422346 0.609667 -0.587551 -0.567394 -0.0845846 0.00911203 0.152465 0.285158 -0.698339 0.434412 -0.0739323 0.628286 -0.730802 0.522109 -0.201967 0.276519 0.364537 -0.169836 0.254206 0.0644931 0.311481 0.745974 -0.173154 -0.130915 0.186743 0.0568573 -0.264318 0.587032 0.125823 -0.0619672 -0.27853 0.28427 -1.36142 -0.602829 0.634702 -1.12525 0.337704 0.00768807 0.438617 -0.2659 -0.725752 2.05481 0.240154 -0.4059 -0.363465 0.419476 -0.41446 -0.260546 -0.692768 0.239279 0.409319 -0.263676 -0.161364 0.305074 0.0680308 0.13598 0.280737 -0.294557 0.623662 0.0581964 -0.316435 0.144504 0.541795 0.757625 -0.0110242 -0.589002 
0.0730622 0.236031 0.0603077 0.152168 0.0118005 0.0801537 -0.70807 -0.270565 -0.03315 0.0598963 0.0298137 -0.228717 0.235456 -0.287825 -0.0607447 -0.765655 0.394465 -0.474085 -0.0337692 0.455513 0.282883 0.569117 -0.6078 -0.279189 0.0607831 0.0857711 -0.107612 0.194031 0.0692826 -0.14774 0.237667 -0.625987 -0.445962 0.216833 0.12834 -0.59694 -0.125522 -0.10257 0.038763 -0.214995 0.012546 0.031805 -0.136374 0.81593 -0.579675 0.176334 -0.211216 -0.256342 -0.25468 0.0584565 -0.733375 0.393243 0.748947 -0.330798 0.531653 -0.421573 0.108814 0.0284721 -0.520664 0.242796 -0.195997 -0.209721 -0.217426 -0.35351 0.400754 -0.181186 -0.479138 -0.127495 -0.189639 -0.234017 -0.484004 -0.426373 -0.396996 0.189996 -0.175464 0.170317 1.24318 0.166585 0.0351236 1.03191 0.103178 -0.489709 0.476037 -0.823475 -0.00946806 -0.782492 -0.669433 -0.362838 -0.47676 0.823951 -0.0586944 -0.263069 0.110649 -0.0772128 -0.18459 -0.440323 0.402247 -0.141669 -0.296965 -0.593492 
0.236896 -0.440051 0.13222 -0.138202 -0.593398 0.071302 -0.166003 0.106834 -0.000392304 0.0124279 0.0339655 -0.0385955 0.28042 -0.0799427 -0.105528 0.381258 0.238177 0.400513 0.142054 -0.0432166 -0.156376 -0.0491682 -0.842913 0.137951 -1.32382 -0.0369251 -0.0284748 -0.621657 0.281777 -0.453064 0.334637 0.648042 -0.0291049 0.316241 -0.00461207 -0.221702 0.348866 0.248793 0.847019 0.493858 0.0162258 -0.803471 -0.012138 -0.350927 -0.442527 -0.44564 0.448977 -0.451997 0.520098 -0.519072 -0.61569 0.404605 0.855821 0.227714 0.205535 0.10597 -0.344106 -0.477638 -0.74381 -0.242452 -0.195135 -0.0171237 0.482825 -0.45847 -0.0356634 -0.502038 -0.026563 -0.278269 0.0501414 -0.265932 -0.815868 -0.688526 -0.420871 -0.463097 -0.132025 -0.471472 0.17085 1.75662 0.790539 -0.195749 0.264868 0.139198 0.666365 0.363465 0.786469 0.153161 -0.834586 -0.405013 -0.334261 -0.499393 -0.385009 -0.175684 -0.824167 -0.194923 0.654766 -0.610278 -0.349752 -0.0961025 -0.729942 -0.0301363 
0.104458 -0.304431 -0.435551 0.605669 -0.244882 -0.321416 -0.601547 0.130294 -0.670506 -0.0581241 -0.314206 0.239588 0.58854 -0.367525 0.616213 0.118971 0.938658 -0.595714 -0.214866 -0.0342403 0.646659 -0.0993126 -0.747592 0.376307 -0.330833 0.111624 0.149271 -0.433765 -0.0161568 -0.319795 -0.0169585 0.776682 0.167962 -0.00513817 0.0814491 -0.564197 0.525507 -0.140905 0.492498 -0.162115 -0.941078 -1.00719 0.21866 -0.439565 -0.369408 -0.110565 -0.0415003 -0.326525 0.661798 -0.851708 -0.0665168 0.385694 0.126663 1.15788 0.511988 0.0449748 -0.121094 -0.302776 -0.489829 -0.427348 0.300867 -0.337477 -0.351241 -0.00359039 0.361966 0.343479 -0.499228 0.160263 -0.539098 -0.37903 -0.136962 0.0276932 -0.338517 -0.306379 -0.267052 -0.382814 0.0856124 0.836763 1.70139 -0.0563285 -0.1248 0.362129 0.791413 0.341684 0.254105 0.286982 0.110064 0.177541 0.28409 -0.661675 0.0863014 -0.25768 0.253369 -0.517888 -0.0128536 -0.308147 -0.344156 -0.111783 0.361894 -0.35284 
-0.525751 0.392623 -0.436004 -0.0650533 0.299396 0.19606 -0.646765 -0.0506834 0.0184317 0.0803654 -0.334846 -0.328731 0.401564 -0.118078 0.358399 -0.589982 0.726635 -0.807949 0.0118551 0.703834 -0.014229 0.0992101 -0.242757 -0.733667 0.405661 -0.172893 -0.105127 0.40083 0.214493 0.172564 0.385253 -0.501207 -0.16851 0.362387 -0.287019 -0.354501 -0.378155 -0.0229532 -0.400256 -0.00536486 0.0873856 0.168247 0.153051 0.524492 -0.767756 0.236338 -0.745608 -0.533888 -0.011679 0.224431 -0.706757 0.180867 0.437039 -0.428551 0.365023 0.0234181 0.0140216 -0.110278 0.0785287 0.0453345 -0.233808 -0.609487 -0.564352 -0.423002 0.192454 -0.342385 -0.576406 -0.206279 0.10664 -0.423697 -0.0191317 0.0268297 -0.508266 0.644594 -0.205836 0.360873 1.04314 -0.18878 -0.0955836 1.45309 -0.0445328 -0.563079 0.165371 -0.690795 0.267577 -0.540793 -0.66365 -0.295158 -0.479362 0.621165 -0.171471 -0.382678 -0.0685855 0.0890518 0.0620283 0.202828 0.631026 0.106197 0.176744 -0.829546 
0.022295 -0.222031 0.0363234 0.174237 0.0139873 0.168143 0.527878 -0.123593 0.627984 0.126401 -0.354163 0.910072 0.253258 -0.115081 0.620504 -0.106877 -0.313884 -0.197497 0.126478 -0.105016 -0.0515214 0.0866106 -0.0714511 -0.421313 -0.543204 -0.111782 -0.0829864 -0.133143 0.0578263 -0.47132 -0.32182 -0.664531 -0.441013 0.217498 -0.310552 0.0284596 0.414714 -0.00783365 -0.506374 -0.226105 0.687675 -0.512214 0.436869 -0.453671 0.465795 -1.02618 -0.261637 -0.384071 0.401997 -0.274912 -0.24042 -0.302274 -0.288742 -0.0296761 -0.116437 -0.268055 0.134602 0.148885 -0.461715 0.725573 -0.3595 0.37777 -0.142343 0.130463 -0.205533 0.0545251 0.850517 -0.209098 -0.0616726 0.888518 -0.609665 -0.56958 -0.504307 -0.261577 -0.14933 -0.483514 0.103961 0.261386 -0.174506 -0.0549839 1.34072 -0.0092878 0.405245 -0.426077 -0.446823 -0.168468 -0.883194 -0.484653 -0.526317 0.249496 -0.0747862 -0.350867 -0.780636 0.156599 -0.595814 -0.475998 0.236741 -0.121441 0.205149 0.128481 
-0.0107784 0.133419 0.627465 -0.276457 0.0308653 -0.171539 -0.472142 0.279466 -0.719047 0.140691 -0.416058 0.0593981 -0.504441 -0.262867 0.240009 0.683607 -0.412141 -0.334369 0.156649 0.174323 -0.123706 -0.227649 0.226156 0.315225 -0.481145 0.318385 0.0398406 -0.912499 -0.100941 -0.115736 0.566443 0.648123 0.2961 -0.478066 -0.365339 0.989573 -0.135743 -0.474038 0.648579 -0.269999 -0.172524 -0.253224 0.377849 -0.488221 0.721164 -0.222033 -0.179836 0.0518684 -0.515802 -0.373777 0.201127 0.180979 -0.362664 0.562233 -0.219285 0.189795 0.226563 0.736861 0.0541605 0.0971336 0.328628 -0.769885 -0.421364 -0.409354 -0.322186 0.0108383 0.113559 -0.504975 0.000301476 0.580113 0.149669 -0.613336 0.115007 -0.537173 0.0575055 -0.308916 -0.468241 0.156401 0.333107 -0.552845 0.0113971 1.49979 0.30909 -0.463647 -0.347163 0.455334 0.616481 -0.0874583 0.240729 -0.627046 0.125712 0.0337478 -0.36852 -0.203738 -0.289421 -0.456137 -0.340205 -0.562179 -0.167492 -1.01904 
0.294378 -0.0494021 0.0507444 0.211471 -0.263636 -0.153599 0.248131 -0.236028 -0.468991 0.187734 -0.160902 -0.0407781 -0.0224748 0.264914 0.790347 -0.032193 0.436017 -0.337292 -0.211166 0.543153 0.148944 0.366774 -0.637304 0.134283 -0.396977 0.51154 0.0890362 -0.363053 -0.537247 -0.669571 0.156889 0.40537 -0.371434 0.0521574 -0.140572 -0.691754 0.0129985 0.139979 0.0880008 -0.679278 -0.464569 -0.11903 0.977801 0.485341 0.0340238 -0.0600368 0.152347 -0.909125 0.105073 -0.761267 -0.99983 0.61168 0.0399331 0.44821 0.369864 -0.671523 -0.14872 0.257209 -0.247852 -0.0936937 0.205858 0.0435232 -0.264299 -0.10463 1.14994 -0.317218 0.125411 0.103727 -0.268091 0.838683 0.26387 -0.221909 0.0703121 -0.796767 -0.290751 -0.707123 0.531519 0.717582 0.796406 0.209619 0.459944 0.343104 1.79874 -0.0677103 -0.0415968 0.155187 -0.122051 -0.617348 -0.674915 -0.0130841 -0.247418 -0.294487 -0.429581 0.551165 -0.33228 -0.653782 0.094823 0.126387 -0.598673 -0.576645 
-0.0181983 -1.00266 -0.108862 -0.421876 -0.418801 -0.258249 0.958688 -0.453257 0.662903 -0.325179 -0.405413 -0.135472 0.0654904 -0.0205096 -0.645553 0.626723 0.656358 -0.0212065 -0.309161 -0.0985668 0.0678117 -0.96927 0.189954 0.60585 -0.523597 -0.254662 0.0468944 -0.591011 -0.000804628 -0.914108 -0.294569 0.73742 -0.185112 0.225071 -0.548819 -0.490828 0.167699 0.347899 -0.0519172 0.517433 0.13599 0.165856 -0.154078 -0.241704 -0.257996 0.149164 0.500039 -0.248431 0.417505 -0.713659 -0.102746 0.0347161 -0.276283 0.559095 -0.220252 0.0296276 -0.456187 -0.924825 0.137843 -0.327906 0.201471 0.572041 0.771132 0.237791 -0.0345882 0.201267 -0.241311 0.572946 0.301111 -0.460547 0.45372 1.08264 0.404645 -0.43391 0.0620502 0.290471 -0.702446 0.480229 0.412224 -0.581 -0.305831 -0.364086 -0.00216338 2.13791 0.529072 0.650884 0.0158981 0.226968 0.176056 -0.33894 -0.0841141 0.450298 0.407465 0.131578 0.590866 0.606481 0.631605 0.812007 0.0383935 0.660598 
-0.370271 0.276315 -0.839671 0.064877 -0.262169 0.269073 -0.153865 -0.231489 0.0221929 -0.0124741 -0.367734 -0.574482 0.0202052 0.562755 -0.0924804 0.589724 0.0924908 0.396796 0.209171 -0.237416 -0.404426 0.0804563 -0.415591 -0.6617 -0.406056 -0.286219 0.024636 -0.376332 0.388165 -0.190841 0.0429691 0.703924 -0.20443 -0.127035 0.12487 0.0858755 -0.0123177 0.272745 -0.049333 0.603431 -0.0848701 -0.665939 0.271848 -0.0202037 -0.580102 0.162511 -0.155005 -0.263874 0.217727 0.120724 -0.0578551 -0.150771 0.513152 -0.277251 0.535636 0.555989 -0.533619 -0.593568 -0.0154782 -0.919244 -0.254747 0.0581571 0.476318 -0.0286432 -0.131499 -0.576813 -0.704415 -0.432935 0.2824 -1.00332 0.274446 0.21535 0.101184 0.403872 -0.318352 0.3564 0.00744942 0.799122 0.220534 0.273261 -0.430688 -0.351713 -0.0801611 0.42496 1.48805 -0.10638 -0.716682 -0.273149 -0.333051 -0.738475 -0.496509 0.0641208 -0.428887 -0.0482862 1.16996 0.0444708 -0.130839 0.167818 -0.683424 -0.408999 
-0.189287 -0.306862 0.417043 -0.645944 -0.262733 0.125917 0.573592 0.710432 -0.334314 0.298023 -0.542708 -0.0758849 -0.0845228 -0.520495 0.510695 1.07885 0.0924227 -0.301931 -0.290052 -0.35622 -0.800109 -0.287631 -0.39948 0.616387 -0.437039 -0.380725 -0.224445 0.313705 -0.396948 0.470519 0.308652 0.920879 0.354237 -0.32889 -0.038618 0.256614 -0.46286 0.437088 0.0615773 -0.507578 -0.0615413 0.212907 -0.26204 -0.673373 -0.0495336 -0.0290502 -0.299917 -0.155703 0.484607 -0.264343 -0.678575 -0.286674 -0.304607 0.565917 -0.125896 0.729164 0.226009 0.233555 0.24689 -0.889382 -0.183987 -0.534926 0.340633 -0.366721 -0.307137 0.0956023 0.708471 0.430681 -0.187335 0.27537 0.306598 0.398401 -0.246319 -0.895224 0.115378 -0.243596 -0.692575 0.238813 0.32641 -0.46211 -0.0793338 0.523783 0.189622 0.619772 -0.0333811 1.67283 0.358254 0.269174 -0.146796 -0.0880965 -0.296459 -0.147367 0.124724 0.757332 0.0818951 0.239344 0.119536 0.127968 0.422538 0.242454 
8.6303e-05 -0.00878569 0.29559 -0.42026 -0.106703 -0.287836 -0.291559 0.0887369 -1.36993 -0.343791 0.0849892 -0.220725 -0.43298 0.125263 -0.132303 -0.511605 -0.615776 -0.0318257 -0.714057 -0.290885 0.378085 -0.339435 -0.153897 0.287015 0.512602 0.391929 -0.343293 0.0449156 -0.267555 0.337278 0.460248 0.278903 0.851555 -0.0171895 -0.469138 -0.0791187 -0.363211 -0.643439 -0.0019333 -0.231103 -1.03433 0.651207 -0.192279 0.251489 0.631282 0.517322 0.0365377 0.567747 -0.0411922 -0.127587 0.520766 0.0975468 -0.577582 0.380447 -0.0906585 -0.0166519 0.213171 0.191061 0.64878 -0.196722 0.706851 -0.266921 -0.493741 -0.0412332 0.476023 0.252532 -0.293345 0.284287 0.104948 0.543222 0.54328 0.140998 0.516392 -0.813884 0.249623 -0.164613 -0.602845 -0.772263 0.126164 -0.608296 -0.817389 0.661601 -0.110944 -0.0385425 -0.667011 0.334926 1.95726 0.934579 0.508358 -0.435025 0.213669 0.111784 0.350826 -0.307388 -0.417375 0.67089 -0.826856 0.139612 -0.377401 0.0791426 
-0.15295 -0.653249 0.0890663 -0.493683 0.253213 0.479435 -0.206119 -0.143201 -0.554519 -0.551696 -0.464483 0.45061 0.0877507 -0.564345 -0.12856 -0.258796 -0.507732 0.0886906 -0.419072 -0.53655 0.286455 -0.428951 -0.417939 0.0460115 0.315702 -0.42441 -0.55574 0.519787 0.266519 0.0559553 0.328111 -0.192901 0.470518 -0.193706 -0.315373 -0.467705 0.358257 -0.458795 -0.073993 0.0786756 -0.83122 -0.251948 -1.00564 0.368276 0.424882 0.0956823 -0.340794 0.065402 0.640647 0.23932 0.504736 0.118379 -0.282877 0.123885 0.534522 0.303106 0.20757 -0.319495 0.44357 -0.383743 -0.417652 -0.29629 -0.0489697 -0.266328 0.00242342 0.36004 0.0404549 0.163803 -0.2545 -0.490535 -0.284681 0.0838581 0.250733 -0.582073 0.0197259 0.256142 -0.341932 -0.388373 0.147957 -0.285486 -0.46453 -0.0880205 -0.651925 0.126845 -0.269161 0.200162 0.888896 1.37414 0.47563 -0.0652949 0.203526 -0.116665 0.3937 -0.791971 -0.249196 0.970635 -0.344395 -0.110423 -0.0648858 0.412915 
-0.0348566 -0.49747 0.151928 0.659203 0.176814 -0.783195 -0.582099 -0.126206 -0.100758 -0.513037 0.428414 0.357002 -0.0366967 -0.224006 -0.41736 0.0523884 0.141503 0.17762 0.304955 0.343744 0.0524567 -0.79651 0.389207 0.441848 0.274493 -0.821059 0.290823 -0.14034 -0.15862 -0.0143953 -0.268017 0.0412665 -0.0976208 -0.438222 -0.0833378 -0.347385 0.686354 -0.923386 0.798506 -0.256093 -0.591742 -0.139116 -0.588788 -0.728176 -0.0907532 0.156003 -0.13233 -0.263687 -0.192206 0.0772513 0.949685 -0.113642 -0.365851 0.248822 -0.32193 0.149556 0.506472 0.534289 0.13869 0.110985 0.298623 -0.240998 -0.224668 -0.216555 -0.109371 -0.477 -0.420271 0.0819906 0.274477 -0.8347 -0.449205 -0.0412624 0.0431082 0.378021 0.408999 0.0430642 -0.43189 -0.293656 0.278472 -0.445726 -0.482229 0.264132 -0.685527 0.0998973 -0.305098 -0.191842 0.48664 0.499595 1.58775 -0.365296 1.31033 0.299582 0.163454 -0.392816 0.104022 0.110873 -0.60036 -0.0525319 0.393855 0.242077 
0.124576 -0.317623 0.736485 -0.224582 0.145446 -0.00278634 -0.0163221 -0.113387 0.324755 0.177823 -0.195508 -0.162958 -0.269033 -0.963391 -0.482536 -0.605451 0.112184 -0.445579 -0.326752 0.209833 -0.0444945 0.143502 -0.361551 -0.034046 0.185031 -0.145196 -0.464025 0.549093 -0.218858 0.0634709 0.0202266 -0.819766 -0.678375 0.0272921 -0.0645587 -0.658473 -0.156852 0.0879957 -0.348397 -0.555791 0.719497 0.7309 -0.775366 0.710103 -0.28109 0.14296 -0.212357 0.0007477 -0.441803 0.224687 -0.953562 -0.132546 0.244996 -0.483202 0.292202 -0.480707 0.761909 0.356292 -0.512542 0.306137 -0.3846 -0.266714 0.359892 -0.407613 -0.13453 0.168613 0.408644 0.534809 -0.320448 0.232326 -0.597122 0.106216 -0.513096 -0.0909103 0.424976 0.0905873 0.848395 -0.479214 -0.687719 0.634376 0.273158 -0.624069 -0.0441217 -0.435525 -0.730949 -0.153569 -0.477169 -0.0617559 -0.385722 1.72522 0.120061 0.210402 0.698738 0.323339 -0.305751 -0.106926 1.11977 -0.210614 0.0923065 0.11438 
0.11672 -0.276469 0.480342 0.944806 0.158974 -0.720845 -0.339032 -0.453944 0.134574 -0.301149 0.127786 0.585979 0.0314498 -0.0811487 -0.222087 -0.0698736 -0.0869221 -0.113134 0.361996 0.485843 0.127962 -0.446388 -0.00590317 0.241252 0.255615 -1.04701 0.340374 -0.0645505 -0.119068 -0.335681 -0.145643 -0.205957 -0.601333 -0.32435 -0.276343 -0.583584 0.794359 -1.16835 0.496077 -0.692336 -0.213019 0.150906 -0.348629 -0.47313 0.105992 0.273839 -0.456548 -0.402749 -0.112686 0.132596 0.608565 -0.396525 -0.408915 0.162163 0.0464526 0.0333963 0.960763 1.00058 -0.138017 0.374315 0.27229 0.117506 -0.169483 -0.302912 0.174845 -0.670301 -0.495412 0.0719432 0.59032 -0.393149 -0.571904 -0.170473 -0.132413 0.0656218 0.387495 0.276523 0.00692838 -0.323651 0.101435 -0.117082 -0.00994606 0.169868 -0.237277 -0.13952 -0.447804 -0.320753 0.212704 0.248243 1.33108 0.161239 1.60229 0.269089 0.0520757 0.114309 -0.0602901 -0.177834 -0.199441 0.274768 0.113006 0.0582943 
0.0711346 -0.331454 0.069276 0.366993 0.0682349 -0.605036 -0.103156 -0.241951 -0.213945 0.0626104 -0.255484 -0.605875 -1.03699 -0.162965 -0.871438 0.00482578 -0.147209 0.45783 -0.212755 -0.0530981 0.117681 -0.587641 0.148009 -0.504464 0.0279691 0.300691 -0.255209 -0.800357 -0.0561966 -0.239763 -0.315094 0.492127 -0.565022 -0.283203 -0.335644 -0.187168 0.48044 -0.101919 -0.127754 0.166304 0.490904 0.0694221 0.0426544 0.0434583 0.170653 0.201199 0.293635 0.260719 -0.721935 -0.0150657 0.190396 -0.458792 -0.257964 -0.216046 0.275884 -0.387735 0.560635 0.203324 -0.41512 -0.167142 0.344428 -0.204568 0.666422 0.0544853 -0.430751 -0.0430102 -0.0266126 0.35365 -0.00301405 0.0659658 0.0205518 0.578614 0.0715303 0.381552 0.783135 -0.325045 -0.22372 -0.1406 -0.26882 -0.354564 -0.312301 0.051629 -0.31062 0.368618 0.086552 -0.197935 0.0845448 -0.0982213 0.29406 0.225307 0.242815 1.13894 0.41865 -0.271237 0.869835 -0.0578093 0.448082 -0.432498 -0.524408 -0.112877 
0.206078 -0.0758417 0.0825975 0.225383 -0.0485665 -0.267997 -0.389789 -0.212251 -0.124949 0.0539577 -0.37358 -0.410578 -0.217028 -1.02521 -0.663813 -0.0275704 0.484795 -0.779755 -0.522208 -0.537641 0.59889 0.361158 -0.145551 0.686843 0.50789 0.213556 -0.140507 0.0385569 -0.290803 -0.0374956 -0.515398 0.00462695 -0.399037 -0.639529 0.641726 -0.241078 -0.213304 0.100532 -0.200478 -0.49076 -0.177015 0.116498 -0.844092 0.480133 -0.326378 0.587836 0.00612139 0.88569 -0.639842 -0.191335 0.0481165 -0.116948 0.00235659 0.539071 0.495363 -0.175866 0.258019 -0.121824 -0.452503 -0.410265 0.135208 -0.105394 0.385409 0.382609 -0.271554 1.27499 -0.491358 0.686294 -0.924964 -0.636757 0.365885 0.894166 0.136305 0.0321886 0.0580626 0.630926 0.18775 -0.751331 0.279982 -0.0027181 -0.704318 -0.312886 -0.407962 0.363538 -0.368704 0.111908 0.361339 0.449896 0.195685 0.751395 0.0635541 0.456402 1.99565 -0.333672 -0.31068 -0.0726602 0.78451 -0.296732 0.678502 -0.067048 
-0.172738 0.412928 0.223396 0.032524 -0.566843 -0.382206 0.824926 0.0180272 0.281936 0.301863 0.157777 -0.324816 -0.12379 0.51228 0.401032 0.535971 -0.0471163 -0.259404 -0.00701622 0.157175 -1.15921 0.375926 -0.314673 0.267154 -0.184646 -0.748328 0.19369 0.484349 -0.856458 0.199518 -0.209077 0.101569 -0.583365 -0.231751 0.171375 -0.149958 -0.880639 0.154983 -0.357263 -1.12137 0.27208 0.982087 0.30193 -0.394092 -0.500555 0.252404 -0.437647 -0.490413 -0.137728 -0.0369222 -0.950264 -0.648022 -0.154754 -0.202293 -0.454751 0.281953 0.217261 0.784881 0.19164 -0.418839 0.082633 0.424737 0.216274 -0.0904955 0.418006 -0.902304 0.156494 0.271087 0.552191 0.443721 0.509379 0.223581 -0.165928 -0.475518 -0.0476475 0.0487609 -0.0168114 -0.138787 -0.507975 0.138219 0.216218 -0.164804 0.556085 0.0709504 -0.00480225 0.727817 -0.313574 -0.752474 -0.377285 0.359296 0.109088 -0.250184 -0.350372 1.82854 -0.0524059 -0.37598 0.1303 0.870925 -0.0515183 0.211327 
-0.248184 -0.0767901 -0.438225 0.340336 -0.0654137 -0.295908 -0.239497 0.204869 -0.314435 0.200546 -0.163582 -0.932636 -0.58127 0.341409 -0.537293 0.281726 0.146527 0.892681 0.0333454 0.00992891 -0.385788 -0.661059 -0.395846 -1.03157 -0.216834 -0.126731 -0.204492 -0.456009 0.377885 0.291286 0.134457 1.09382 -0.180538 0.144861 -0.303933 -0.249664 0.470102 0.222281 0.0645062 0.748505 0.439488 -0.168707 0.177887 -0.28755 -0.536227 0.335839 0.122435 -0.119868 0.0564135 0.311454 -0.131529 -0.561336 0.353787 -0.50984 0.511142 0.340249 0.341986 -0.174615 -0.302902 -0.844189 0.111015 -0.427309 0.834914 -0.31935 -0.45183 -0.84562 -0.309826 0.125884 0.476277 -0.555905 -0.146652 0.54201 -0.357545 0.738185 0.712606 -0.323411 -0.121729 0.713362 -0.000481353 0.113656 -0.533735 -0.248028 -0.324901 0.532698 1.2159 0.0548394 -0.421102 -0.20724 0.122013 -0.267335 -0.0630518 0.893347 -0.32492 -0.0499462 1.92854 0.213699 0.0623745 -0.110444 -0.810608 -0.0592328 
-0.738949 -0.671092 -0.482115 -0.959209 0.383051 0.384063 0.201324 -0.0675708 -0.247968 -0.581578 -0.50129 0.000965662 0.0278305 -0.0738581 -0.0108473 -0.432125 -0.00818348 0.0187976 -0.499664 0.0332232 -0.106877 -1.12205 0.206146 -0.606078 0.486905 -0.313133 -0.610537 0.493201 0.256704 0.147157 0.344355 -0.225161 0.606241 0.362809 -1.01186 -0.460774 -0.0850109 -0.0787338 -0.680873 0.578593 -0.399966 0.266086 -0.383923 0.295212 0.0653686 0.0443963 -0.417061 -0.431734 0.641594 0.218569 0.139647 0.0909865 -0.494445 -0.338295 -0.0279087 0.240014 -0.198869 -0.755973 1.0526 -0.277819 -0.292095 -0.466509 -0.279782 -0.252387 -0.00436085 -0.0862956 0.0989497 0.193102 0.236574 -0.303074 0.262633 0.620471 0.216135 -0.00478802 0.123019 0.0902954 -0.424694 -0.598914 -0.343007 0.207223 -0.461152 -0.461976 -0.693635 0.501081 0.0431818 0.165056 0.619931 0.965358 0.0816313 -0.115741 -0.227828 -0.0815295 -0.134133 -0.420753 0.166466 1.6097 0.0968999 0.306657 0.0473995 0.351739 
-0.1909 -0.438819 0.320392 -0.426417 0.460543 0.215724 0.381212 -0.430244 0.885833 0.293952 -1.25498 -0.177743 -0.289448 -0.897364 -0.306464 0.365432 0.718681 -0.99487 -0.0642052 0.548896 0.131598 -0.426178 0.411421 -0.165936 -0.0175211 0.0725585 -0.186954 -0.442513 0.160744 -0.785559 0.0584634 -0.0895223 -0.861409 -0.0770085 -0.642487 -0.0253044 -0.00206027 0.373 -0.588991 0.0096045 1.13655 0.288901 0.036406 0.599996 -0.0255071 0.0882868 -0.34204 -0.332107 -0.496113 -0.20592 -0.799381 0.017514 -0.206435 0.00360465 0.393218 -0.322564 0.298476 -0.090331 -0.224903 0.241361 -0.35287 -0.393898 0.410405 -0.195609 -0.500648 0.564543 0.140675 0.254774 -0.210865 0.00404743 0.263685 0.816349 -0.0984178 0.183003 0.147336 0.55459 0.48488 -0.271385 -0.312013 0.702425 0.318591 -0.27904 0.121974 0.593208 -0.065124 0.112252 -0.810811 -0.282668 -0.562598 1.17795 -0.182431 0.491366 0.790042 0.152531 0.0821459 0.163904 2.09484 -0.103427 0.388316 -0.740638 
-0.25294 0.137877 -0.0856778 -0.19162 -0.772482 -0.311165 0.533039 -0.530963 0.398397 -0.310914 -0.00706433 0.0477594 0.653491 0.751014 -0.0835793 -0.248275 0.0197898 -0.579819 -0.277239 -0.0546983 -0.141431 -0.122206 -0.459971 0.203387 -0.231351 -0.815954 0.162757 0.147874 -0.0286195 -0.429829 0.0652779 -0.218161 -0.0677667 0.683601 -0.597344 -0.455535 -0.617212 -0.455187 -0.467426 -0.149442 -0.0518237 0.87781 0.0390979 -0.310621 -0.453449 0.35132 -0.373763 -0.0710066 0.607232 -0.355171 -0.220702 -0.452738 -0.0709376 0.153097 -0.399049 0.367043 -0.203424 -0.283453 0.272102 0.124128 0.463407 1.00429 -0.118019 0.0869638 0.527747 -0.511768 -0.97442 0.0922998 1.17737 -0.0358345 0.330995 0.242433 -0.0510286 -0.648614 -0.324246 0.748891 -0.0805666 -0.039265 -0.10117 0.156065 -0.0611211 -0.522544 0.132008 0.752081 0.212003 0.099154 0.134127 -0.0702258 -0.0362998 -0.173956 0.270248 -0.410745 -0.312731 0.871626 -0.112203 0.352131 -0.124957 1.59392 -0.178162 0.436588 
-0.473061 -0.129491 -0.542927 0.243975 0.2628 -0.355067 -0.171323 0.680403 0.591796 0.0521692 0.0122339 0.550495 0.808218 -0.890938 0.685192 0.160255 1.23035 -1.18579 0.0797097 0.0804835 -0.050609 -0.339156 0.808586 0.529093 0.374478 -0.350209 0.293366 0.466878 -0.288832 0.578425 -0.749231 -0.467996 0.234014 -0.0934564 0.346079 0.345578 -0.23441 0.261668 -0.222519 -0.332143 0.0977897 -0.313687 -0.239163 -1.24538 -0.651943 -0.580552 -0.516372 0.00987373 0.150487 -0.32622 0.170677 -0.211214 -0.418435 0.660521 -0.872445 0.32032 -0.129843 -0.144935 0.0806495 0.306552 -0.0391797 -0.496414 -0.734019 0.354985 -0.754917 0.851703 0.330577 0.293312 -0.64176 -0.393812 0.0304286 0.429155 -0.708458 0.803262 -0.173154 -0.0168904 -0.232995 -0.670236 0.375375 0.229481 0.268337 -0.124989 -0.590184 -0.0186644 -0.636371 0.396592 -0.380018 -0.0218204 0.412956 0.131833 0.111354 -0.499786 0.665372 -0.047949 -0.809499 0.0957418 0.369654 -0.175294 2.3284 0.211502 
0.210594 -0.786377 -0.12827 -0.00264214 -0.529916 -0.249046 0.814321 0.187851 0.342798 -0.421756 1.02312 0.372255 0.280208 0.070095 -0.375866 -0.608805 -0.31221 0.989543 -0.443849 -0.826822 -0.285288 -0.217444 -0.325343 0.306439 -0.111229 -0.490078 -0.286007 0.950868 -0.355038 0.448697 -0.809673 -0.581256 0.196759 0.399266 0.363245 -0.942569 0.213045 0.295813 -0.231008 0.040887 -0.114596 0.234519 -0.911193 -0.528957 -0.320801 -0.419904 0.606519 0.188372 0.809541 0.0663096 0.11092 -0.429508 -0.00269176 -0.294484 -0.609736 -0.103389 -0.0921937 -0.557159 -0.0779696 -0.03802 -0.163894 0.912641 0.555684 0.396734 0.0646648 -0.0862098 0.792933 0.783218 -0.0531167 0.0484406 -0.710262 0.130857 -0.235754 -0.291868 0.303731 -0.607955 -0.542607 0.0164831 -0.352445 -0.789896 0.178583 -0.989623 -0.581243 0.590454 -0.375032 0.203422 0.0634389 0.442894 0.248091 0.14082 0.0435558 -0.101341 -0.0932649 0.201809 -0.0712096 0.386995 -0.772386 0.42637 0.198416 2.14771 
